#!ascii label  , from subject bert vox2ras=TkReg
1365
53953  -39.103  -23.084  36.905 0.0000000000
64675  -47.932  -11.370  30.012 0.0000000000
62112  -41.227  -14.200  33.412 0.0000000000
36939  -14.230  -41.883  58.010 0.0000000000
53015  -35.791  -25.927  43.266 0.0000000000
43135  -27.831  -36.059  56.033 0.0000000000
43187  -36.157  -35.502  53.132 0.0000000000
47828  -39.292  -30.054  49.120 0.0000000000
51174  -38.910  -26.718  48.448 0.0000000000
41467  -21.041  -37.507  51.099 0.0000000000
44078  -24.927  -35.464  57.164 0.0000000000
115492  -24.222  -35.219  50.733 0.0000000000
112312  -32.119  -35.503  49.186 0.0000000000
119276  -36.638  -34.189  48.878 0.0000000000
54748  -41.735  -22.766  44.002 0.0000000000
57655  -43.520  -20.041  41.079 0.0000000000
63791  -43.593  -12.741  31.871 0.0000000000
57720  -40.136  -19.135  34.472 0.0000000000
65551  -45.904  -10.537  24.857 0.0000000000
34650  -12.350  -45.318  59.059 0.0000000000
112028  -38.752  -24.056  47.225 0.0000000000
53046  -37.398  -24.894  40.416 0.0000000000
42318  -27.636  -36.054  49.689 0.0000000000
42259  -31.597  -36.990  53.915 0.0000000000
60374  -44.614  -16.565  39.374 0.0000000000
68086  -52.459  -6.978  21.378 0.0000000000
46941  -38.106  -31.348  47.219 0.0000000000
48742  -37.711  -29.145  47.267 0.0000000000
131191  -22.424  -36.327  50.524 0.0000000000
44238  -35.380  -34.498  46.015 0.0000000000
45163  -37.346  -33.574  46.679 0.0000000000
46035  -39.192  -32.702  49.191 0.0000000000
134704  -40.669  -22.725  40.377 0.0000000000
55623  -43.150  -21.814  42.287 0.0000000000
55659  -41.458  -21.395  38.679 0.0000000000
116475  -45.949  -12.493  30.995 0.0000000000
65455  -46.015  -10.774  34.265 0.0000000000
65486  -50.015  -10.777  29.180 0.0000000000
36180  -13.450  -43.527  54.022 0.0000000000
133081  -13.352  -43.639  58.683 0.0000000000
52117  -37.127  -25.868  45.968 0.0000000000
52971  -38.677  -25.183  47.928 0.0000000000
53852  -37.577  -24.556  45.283 0.0000000000
118398  -38.687  -23.932  44.047 0.0000000000
53035  -36.551  -25.260  41.794 0.0000000000
113327  -25.730  -35.316  56.688 0.0000000000
45031  -25.984  -35.143  59.014 0.0000000000
44082  -27.302  -35.241  57.947 0.0000000000
43105  -29.543  -35.810  57.771 0.0000000000
44220  -25.028  -34.826  47.437 0.0000000000
135060  -27.723  -35.844  46.761 0.0000000000
43217  -34.174  -35.313  50.788 0.0000000000
42307  -32.327  -36.192  51.144 0.0000000000
43169  -33.931  -36.268  53.186 0.0000000000
43124  -34.656  -36.741  56.179 0.0000000000
40538  -17.270  -39.519  54.547 0.0000000000
41384  -18.262  -37.975  58.040 0.0000000000
114090  -18.411  -37.750  61.903 0.0000000000
60425  -40.334  -16.863  33.406 0.0000000000
58633  -42.291  -18.160  36.714 0.0000000000
61247  -43.127  -15.583  35.941 0.0000000000
68886  -54.021  -6.562  21.247 0.0000000000
36910  -13.304  -42.209  62.327 0.0000000000
114660  -39.548  -29.372  51.775 0.0000000000
129508  -39.460  -27.903  51.690 0.0000000000
49558  -38.753  -28.686  48.831 0.0000000000
50362  -37.753  -27.390  46.867 0.0000000000
113997  -20.553  -37.567  55.182 0.0000000000
41400  -23.431  -37.424  57.462 0.0000000000
42254  -23.133  -36.478  54.080 0.0000000000
44134  -24.134  -35.977  53.626 0.0000000000
44137  -25.364  -35.399  53.353 0.0000000000
43274  -30.461  -35.762  46.365 0.0000000000
43276  -32.373  -35.313  46.093 0.0000000000
43250  -34.206  -34.711  48.840 0.0000000000
132990  -36.295  -34.836  51.086 0.0000000000
45098  -38.752  -33.503  51.542 0.0000000000
129080  -40.258  -31.667  51.851 0.0000000000
40566  -19.111  -38.268  51.342 0.0000000000
54727  -42.496  -22.344  46.967 0.0000000000
56501  -44.554  -20.032  49.213 0.0000000000
55595  -43.929  -21.604  45.800 0.0000000000
56573  -45.282  -20.615  44.055 0.0000000000
62949  -41.928  -12.961  32.643 0.0000000000
115796  -43.410  -13.795  35.464 0.0000000000
64630  -44.580  -12.076  34.435 0.0000000000
30675  -10.112  -49.856  62.029 0.0000000000
55691  -39.536  -21.579  35.180 0.0000000000
59531  -38.190  -17.662  31.531 0.0000000000
62970  -40.351  -14.257  30.653 0.0000000000
130556  -41.377  -13.764  29.955 0.0000000000
63818  -43.966  -12.731  29.032 0.0000000000
64687  -45.685  -11.648  28.218 0.0000000000
65514  -46.714  -10.765  27.089 0.0000000000
65527  -44.512  -10.944  26.138 0.0000000000
35388  -12.208  -44.180  63.190 0.0000000000
34629  -11.211  -46.051  62.903 0.0000000000
32334  -10.495  -48.269  62.462 0.0000000000
53804  -41.847  -23.531  51.818 0.0000000000
52075  -39.675  -25.994  50.690 0.0000000000
53810  -40.078  -24.591  49.716 0.0000000000
53827  -41.185  -23.338  48.512 0.0000000000
53855  -40.160  -23.535  45.077 0.0000000000
114247  -39.534  -23.572  41.883 0.0000000000
53067  -38.015  -24.483  38.269 0.0000000000
43075  -24.697  -35.612  60.499 0.0000000000
115371  -25.249  -34.913  49.980 0.0000000000
114872  -27.813  -36.614  52.575 0.0000000000
42332  -30.171  -36.133  49.057 0.0000000000
112397  -30.166  -36.993  51.970 0.0000000000
42257  -29.680  -37.044  54.677 0.0000000000
43122  -32.296  -36.832  56.941 0.0000000000
37869  -14.798  -42.126  54.000 0.0000000000
116407  -16.312  -40.804  54.300 0.0000000000
38695  -15.533  -40.312  57.698 0.0000000000
56640  -41.967  -19.946  37.912 0.0000000000
58606  -43.951  -18.044  39.824 0.0000000000
59439  -46.418  -17.008  41.897 0.0000000000
113056  -44.845  -14.436  37.639 0.0000000000
130779  -48.745  -10.150  26.710 0.0000000000
66440  -50.718  -9.767  25.692 0.0000000000
66442  -52.610  -9.154  25.312 0.0000000000
67271  -51.468  -8.657  22.300 0.0000000000
68067  -54.323  -7.297  24.502 0.0000000000
46951  -37.733  -31.687  46.240 0.0000000000
47874  -37.710  -30.576  46.542 0.0000000000
122652  -36.760  -31.138  44.976 0.0000000000
45172  -36.718  -33.775  45.857 0.0000000000
46091  -37.414  -32.446  45.620 0.0000000000
126055  -37.893  -32.192  46.954 0.0000000000
54803  -39.962  -22.948  38.229 0.0000000000
54796  -40.745  -22.398  39.126 0.0000000000
54812  -40.206  -22.567  37.513 0.0000000000
64665  -47.545  -11.898  30.767 0.0000000000
63783  -47.571  -11.931  32.474 0.0000000000
112206  -48.548  -11.588  32.345 0.0000000000
64667  -49.840  -11.190  30.803 0.0000000000
64677  -49.470  -11.051  29.868 0.0000000000
36956  -14.109  -43.057  55.743 0.0000000000
36168  -13.721  -43.616  56.207 0.0000000000
36938  -13.868  -42.743  57.736 0.0000000000
52995  -36.964  -25.679  45.146 0.0000000000
52986  -37.376  -25.267  45.968 0.0000000000
53004  -36.969  -25.361  44.493 0.0000000000
117656  -36.750  -25.075  43.169 0.0000000000
53016  -36.354  -25.486  43.251 0.0000000000
114830  -20.768  -37.630  60.166 0.0000000000
44110  -26.677  -35.327  56.567 0.0000000000
44081  -26.616  -35.172  57.907 0.0000000000
44096  -27.785  -35.324  57.430 0.0000000000
44084  -28.979  -35.633  58.005 0.0000000000
43118  -28.307  -35.709  56.770 0.0000000000
43201  -35.145  -35.288  51.912 0.0000000000
43184  -33.859  -35.927  52.257 0.0000000000
43171  -35.530  -35.819  53.544 0.0000000000
43156  -35.554  -36.027  54.900 0.0000000000
41410  -19.548  -37.842  56.426 0.0000000000
112402  -19.898  -37.809  58.634 0.0000000000
112578  -19.894  -37.709  60.070 0.0000000000
122819  -43.315  -22.597  52.327 0.0000000000
61259  -40.978  -15.713  33.795 0.0000000000
60415  -41.747  -16.450  35.073 0.0000000000
61253  -41.881  -15.505  34.902 0.0000000000
48719  -39.557  -29.942  49.904 0.0000000000
48703  -39.343  -28.561  50.488 0.0000000000
48718  -39.208  -29.066  49.602 0.0000000000
49569  -37.858  -28.661  47.377 0.0000000000
50378  -36.591  -27.787  45.775 0.0000000000
50370  -36.834  -26.650  45.916 0.0000000000
41442  -21.250  -37.374  53.582 0.0000000000
41433  -22.374  -37.175  54.808 0.0000000000
42278  -21.985  -37.002  52.951 0.0000000000
135148  -23.330  -35.494  50.313 0.0000000000
43194  -23.870  -35.923  51.865 0.0000000000
44148  -24.246  -35.785  52.137 0.0000000000
44135  -24.356  -35.904  53.236 0.0000000000
44162  -24.466  -35.344  51.534 0.0000000000
43291  -31.736  -35.493  45.245 0.0000000000
44225  -36.226  -34.389  47.150 0.0000000000
44223  -34.585  -34.657  47.264 0.0000000000
115487  -35.684  -34.409  48.818 0.0000000000
44195  -35.592  -34.588  49.739 0.0000000000
45111  -36.868  -34.212  49.715 0.0000000000
44167  -37.467  -34.478  51.561 0.0000000000
132721  -37.893  -34.066  49.955 0.0000000000
46918  -39.654  -31.757  49.389 0.0000000000
46021  -39.716  -32.423  50.092 0.0000000000
46908  -39.982  -31.527  50.272 0.0000000000
112225  -40.158  -30.847  52.261 0.0000000000
41456  -19.732  -38.092  51.079 0.0000000000
120997  -42.549  -22.367  46.108 0.0000000000
54728  -43.112  -21.974  46.612 0.0000000000
123141  -43.343  -22.139  44.937 0.0000000000
55633  -43.457  -21.285  41.931 0.0000000000
55625  -44.312  -21.118  43.255 0.0000000000
56586  -44.605  -20.505  42.960 0.0000000000
57638  -45.690  -19.871  43.801 0.0000000000
57657  -44.911  -19.304  42.187 0.0000000000
63789  -42.427  -12.780  32.276 0.0000000000
63774  -43.130  -12.570  33.247 0.0000000000
133122  -43.623  -12.579  33.130 0.0000000000
66363  -47.615  -9.003  35.061 0.0000000000
131921  -40.554  -13.981  30.016 0.0000000000
62994  -39.800  -13.415  28.690 0.0000000000
63847  -41.660  -12.400  27.708 0.0000000000
63849  -43.705  -12.108  27.679 0.0000000000
63833  -44.394  -12.329  28.323 0.0000000000
120682  -43.945  -11.581  27.018 0.0000000000
64715  -44.748  -11.367  26.850 0.0000000000
34664  -12.336  -45.364  57.412 0.0000000000
33841  -11.505  -46.512  58.770 0.0000000000
36897  -12.054  -42.095  64.561 0.0000000000
36909  -12.839  -42.816  62.907 0.0000000000
36896  -12.067  -42.861  64.711 0.0000000000
34619  -11.738  -45.514  64.040 0.0000000000
33809  -11.646  -46.308  63.866 0.0000000000
33054  -10.822  -47.204  62.376 0.0000000000
32323  -11.371  -47.602  63.577 0.0000000000
31576  -11.303  -48.441  63.456 0.0000000000
50346  -39.430  -27.092  50.199 0.0000000000
51159  -39.681  -26.671  51.012 0.0000000000
51166  -39.474  -26.425  50.113 0.0000000000
53832  -39.036  -24.477  48.139 0.0000000000
52965  -39.568  -24.919  49.382 0.0000000000
53825  -39.668  -24.333  48.851 0.0000000000
53817  -40.293  -24.097  49.332 0.0000000000
115447  -40.730  -23.471  47.798 0.0000000000
53835  -41.274  -23.139  47.111 0.0000000000
53842  -39.561  -23.653  45.849 0.0000000000
53027  -37.991  -24.464  41.932 0.0000000000
53886  -39.263  -23.666  42.741 0.0000000000
53895  -38.724  -23.963  41.406 0.0000000000
53912  -38.701  -23.987  39.685 0.0000000000
53047  -38.134  -24.470  39.999 0.0000000000
42211  -24.047  -36.596  57.675 0.0000000000
43091  -24.159  -36.243  58.610 0.0000000000
43092  -24.782  -35.400  58.817 0.0000000000
113434  -26.544  -35.704  47.980 0.0000000000
43242  -25.624  -34.865  48.700 0.0000000000
133220  -26.437  -35.419  49.499 0.0000000000
43197  -26.866  -35.955  51.088 0.0000000000
42303  -27.623  -36.199  50.530 0.0000000000
118702  -30.975  -35.635  47.179 0.0000000000
43260  -30.389  -35.824  47.724 0.0000000000
43230  -30.802  -35.846  48.891 0.0000000000
42283  -32.266  -36.664  52.441 0.0000000000
42294  -30.839  -36.832  51.628 0.0000000000
112398  -30.657  -37.005  52.563 0.0000000000
42269  -29.929  -37.206  53.877 0.0000000000
42258  -30.696  -37.097  54.523 0.0000000000
42231  -31.077  -36.659  56.375 0.0000000000
42246  -32.364  -36.851  55.702 0.0000000000
45075  -39.057  -33.768  53.042 0.0000000000
39655  -16.807  -40.184  54.364 0.0000000000
39647  -16.529  -40.410  55.711 0.0000000000
38726  -15.947  -40.817  56.154 0.0000000000
41321  -18.407  -37.671  63.632 0.0000000000
56680  -40.022  -20.020  34.872 0.0000000000
56651  -40.845  -20.939  36.186 0.0000000000
56666  -41.281  -20.033  36.061 0.0000000000
59469  -43.549  -17.310  38.176 0.0000000000
58614  -43.145  -18.141  38.584 0.0000000000
59455  -44.287  -17.297  39.564 0.0000000000
59438  -45.623  -17.567  41.420 0.0000000000
112807  -45.305  -16.628  40.396 0.0000000000
62918  -44.455  -12.992  36.404 0.0000000000
134536  -44.302  -13.726  36.479 0.0000000000
111671  -45.384  -13.491  38.180 0.0000000000
65529  -46.605  -10.634  26.258 0.0000000000
65516  -48.339  -10.388  27.290 0.0000000000
119608  -47.561  -10.355  25.915 0.0000000000
127000  -48.894  -10.252  24.439 0.0000000000
65564  -50.477  -9.954  24.294 0.0000000000
66441  -51.821  -9.629  25.675 0.0000000000
66448  -51.359  -9.689  24.262 0.0000000000
68085  -50.682  -7.311  21.121 0.0000000000
68084  -49.612  -7.524  21.193 0.0000000000
68073  -52.018  -7.801  21.894 0.0000000000
67272  -52.481  -8.267  22.599 0.0000000000
67273  -53.448  -7.583  23.037 0.0000000000
68075  -54.082  -6.811  22.520 0.0000000000
68090  -55.159  -7.180  21.246 0.0000000000
130657  -38.929  -31.133  48.239 0.0000000000
47844  -38.325  -29.916  47.934 0.0000000000
47862  -38.039  -30.256  47.320 0.0000000000
47873  -36.961  -29.967  46.120 0.0000000000
42302  -21.701  -36.988  50.622 0.0000000000
44252  -35.425  -34.343  45.228 0.0000000000
44239  -36.097  -34.290  46.344 0.0000000000
45150  -37.022  -34.095  47.343 0.0000000000
120157  -38.178  -33.802  49.121 0.0000000000
45152  -38.261  -33.175  47.910 0.0000000000
46927  -38.700  -31.690  47.875 0.0000000000
53897  -40.958  -22.718  41.918 0.0000000000
125688  -42.266  -22.361  42.651 0.0000000000
54777  -41.450  -22.442  41.477 0.0000000000
131772  -42.044  -21.939  40.983 0.0000000000
55652  -42.346  -20.741  39.865 0.0000000000
63792  -45.406  -12.578  31.790 0.0000000000
64647  -45.373  -12.030  33.549 0.0000000000
64648  -46.076  -11.766  33.343 0.0000000000
131918  -47.114  -11.038  33.889 0.0000000000
65487  -51.099  -10.279  29.391 0.0000000000
36167  -13.260  -44.220  56.588 0.0000000000
125794  -12.830  -44.786  58.687 0.0000000000
114512  -38.613  -26.267  47.729 0.0000000000
52090  -38.953  -25.917  48.535 0.0000000000
52978  -38.369  -25.363  47.232 0.0000000000
52987  -37.929  -25.058  46.677 0.0000000000
127755  -37.907  -24.331  45.922 0.0000000000
53854  -39.121  -23.786  45.274 0.0000000000
53863  -37.866  -24.238  44.580 0.0000000000
53026  -37.144  -24.866  42.476 0.0000000000
53036  -37.251  -24.863  41.402 0.0000000000
126282  -25.190  -35.396  57.008 0.0000000000
45038  -25.342  -35.210  58.196 0.0000000000
133140  -26.181  -35.181  57.691 0.0000000000
45033  -26.576  -35.365  58.597 0.0000000000
44060  -29.588  -35.755  58.240 0.0000000000
43257  -26.369  -35.703  47.333 0.0000000000
43245  -27.972  -35.995  48.145 0.0000000000
43233  -33.171  -35.427  49.821 0.0000000000
43214  -31.944  -35.764  49.906 0.0000000000
43198  -32.960  -35.872  51.056 0.0000000000
42284  -33.111  -36.473  52.768 0.0000000000
42272  -33.213  -36.614  53.692 0.0000000000
42247  -33.341  -36.761  55.548 0.0000000000
43137  -34.129  -36.571  54.983 0.0000000000
119628  -18.242  -38.703  52.812 0.0000000000
113421  -17.710  -38.687  54.689 0.0000000000
40519  -17.506  -38.588  57.693 0.0000000000
41364  -17.434  -38.385  59.296 0.0000000000
41365  -18.065  -37.915  59.758 0.0000000000
58662  -40.468  -18.222  34.235 0.0000000000
58648  -40.895  -18.672  34.957 0.0000000000
59516  -41.625  -17.319  35.225 0.0000000000
113905  -42.511  -16.910  36.114 0.0000000000
60400  -43.742  -16.614  37.524 0.0000000000
65558  -44.990  -9.941  24.009 0.0000000000
122198  -46.692  -10.499  24.379 0.0000000000
66454  -45.492  -9.700  23.424 0.0000000000
68883  -51.731  -6.624  20.812 0.0000000000
68884  -52.751  -6.453  20.850 0.0000000000
68900  -52.183  -6.300  20.364 0.0000000000
68913  -52.951  -6.234  20.199 0.0000000000
37785  -14.509  -40.750  59.804 0.0000000000
37796  -13.935  -42.038  59.490 0.0000000000
49527  -39.630  -28.056  53.327 0.0000000000
48691  -39.351  -28.628  51.568 0.0000000000
49545  -39.430  -28.020  50.752 0.0000000000
118567  -38.889  -27.987  49.015 0.0000000000
48730  -38.260  -29.138  47.940 0.0000000000
49562  -38.505  -28.395  48.169 0.0000000000
115777  -38.504  -27.097  47.589 0.0000000000
130756  -37.404  -26.826  46.449 0.0000000000
51194  -36.719  -26.234  45.404 0.0000000000
112400  -20.868  -37.706  56.695 0.0000000000
114829  -21.937  -37.881  57.824 0.0000000000
41412  -22.535  -37.573  56.304 0.0000000000
41423  -23.069  -37.226  55.623 0.0000000000
42241  -23.849  -36.472  55.294 0.0000000000
42279  -22.688  -36.614  52.277 0.0000000000
43150  -23.822  -36.030  54.048 0.0000000000
44106  -24.420  -35.868  55.102 0.0000000000
44107  -24.742  -35.631  55.481 0.0000000000
120903  -25.650  -35.490  55.093 0.0000000000
43151  -26.051  -35.597  54.477 0.0000000000
43275  -31.380  -35.564  46.226 0.0000000000
43262  -32.435  -35.194  47.551 0.0000000000
44250  -33.885  -34.740  46.045 0.0000000000
43263  -33.146  -34.904  47.372 0.0000000000
44208  -33.397  -34.902  48.318 0.0000000000
130652  -34.248  -34.840  49.502 0.0000000000
44164  -34.968  -35.031  51.126 0.0000000000
130229  -36.647  -35.291  52.389 0.0000000000
44138  -37.029  -35.261  52.988 0.0000000000
44152  -37.338  -35.035  52.163 0.0000000000
45087  -38.612  -33.858  52.281 0.0000000000
45088  -39.330  -33.203  52.471 0.0000000000
46020  -39.186  -33.100  50.021 0.0000000000
45099  -39.584  -32.872  51.647 0.0000000000
117840  -39.891  -32.718  53.266 0.0000000000
125387  -40.046  -31.161  53.110 0.0000000000
41448  -18.963  -38.011  52.724 0.0000000000
54704  -42.826  -21.937  49.271 0.0000000000
55579  -43.610  -21.436  47.983 0.0000000000
55587  -44.207  -21.045  47.520 0.0000000000
56527  -44.836  -20.557  47.104 0.0000000000
54750  -43.768  -21.885  44.358 0.0000000000
55612  -44.956  -21.046  44.690 0.0000000000
62940  -41.562  -13.413  33.135 0.0000000000
62103  -41.639  -13.857  33.978 0.0000000000
62932  -42.762  -12.994  34.004 0.0000000000
114498  -43.416  -12.685  34.455 0.0000000000
126704  -44.479  -11.845  35.437 0.0000000000
64639  -45.486  -11.329  34.185 0.0000000000
64620  -45.254  -10.723  35.263 0.0000000000
54838  -38.130  -22.794  34.951 0.0000000000
54839  -39.735  -22.023  36.046 0.0000000000
54854  -38.432  -21.959  34.344 0.0000000000
56692  -38.607  -20.376  33.463 0.0000000000
57733  -39.075  -19.791  33.614 0.0000000000
58673  -39.499  -18.510  33.236 0.0000000000
113350  -39.327  -17.175  32.412 0.0000000000
60431  -39.609  -16.409  32.368 0.0000000000
61265  -39.839  -15.633  32.056 0.0000000000
122387  -40.618  -14.576  31.929 0.0000000000
62958  -41.311  -13.770  31.631 0.0000000000
123616  -41.701  -13.595  31.060 0.0000000000
63803  -42.476  -13.138  31.320 0.0000000000
63830  -41.088  -13.040  28.181 0.0000000000
130479  -42.686  -13.258  29.560 0.0000000000
118526  -43.926  -12.973  29.990 0.0000000000
132753  -44.662  -12.694  30.076 0.0000000000
63820  -46.113  -12.233  30.028 0.0000000000
64674  -46.558  -11.710  29.356 0.0000000000
65501  -47.419  -10.954  28.378 0.0000000000
64706  -46.068  -11.178  27.572 0.0000000000
65528  -45.300  -11.006  26.452 0.0000000000
65541  -45.231  -10.734  25.589 0.0000000000
65549  -44.295  -9.884  24.317 0.0000000000
127566  -13.492  -42.750  60.620 0.0000000000
36145  -12.952  -43.949  60.843 0.0000000000
35405  -12.817  -44.787  60.491 0.0000000000
36125  -12.034  -44.443  64.777 0.0000000000
35392  -11.826  -44.983  62.944 0.0000000000
34635  -11.701  -46.042  61.914 0.0000000000
33823  -11.187  -46.640  61.572 0.0000000000
33058  -10.422  -47.667  61.644 0.0000000000
32338  -9.866  -48.685  61.503 0.0000000000
31583  -10.312  -49.056  62.301 0.0000000000
54691  -42.790  -22.531  51.656 0.0000000000
116099  -40.281  -26.038  52.000 0.0000000000
52082  -39.480  -25.728  49.772 0.0000000000
52083  -39.744  -25.509  50.398 0.0000000000
53803  -41.297  -24.394  51.479 0.0000000000
113930  -41.524  -23.367  50.135 0.0000000000
54703  -42.221  -22.513  50.033 0.0000000000
54709  -41.918  -22.793  48.290 0.0000000000
54726  -41.880  -22.704  46.569 0.0000000000
53867  -41.067  -23.144  44.488 0.0000000000
53865  -39.447  -23.743  44.450 0.0000000000
53866  -40.326  -23.413  44.054 0.0000000000
53888  -40.865  -22.961  42.687 0.0000000000
113241  -40.027  -23.212  41.273 0.0000000000
118796  -39.024  -23.790  39.017 0.0000000000
53937  -38.747  -23.593  37.444 0.0000000000
133805  -35.580  -25.994  42.064 0.0000000000
52177  -35.490  -25.937  41.513 0.0000000000
52193  -36.035  -25.831  40.072 0.0000000000
52203  -36.338  -25.652  39.346 0.0000000000
53066  -36.885  -25.199  38.187 0.0000000000
53077  -37.471  -24.717  37.777 0.0000000000
53090  -37.458  -24.196  36.564 0.0000000000
53970  -37.710  -23.450  35.371 0.0000000000
44054  -25.290  -35.229  59.570 0.0000000000
127240  -23.959  -34.695  48.551 0.0000000000
44206  -24.544  -34.471  48.494 0.0000000000
44163  -24.733  -34.897  50.807 0.0000000000
43195  -25.407  -35.100  51.447 0.0000000000
43168  -26.885  -36.064  53.169 0.0000000000
42268  -27.612  -36.573  53.558 0.0000000000
43272  -28.588  -35.832  46.443 0.0000000000
42341  -28.875  -35.985  48.005 0.0000000000
42319  -28.907  -36.291  49.434 0.0000000000
42322  -31.305  -36.032  50.087 0.0000000000
127581  -29.970  -36.635  50.389 0.0000000000
42304  -28.423  -36.531  50.822 0.0000000000
42280  -28.878  -37.026  52.571 0.0000000000
130753  -28.439  -36.952  53.410 0.0000000000
42242  -28.371  -36.562  55.337 0.0000000000
130504  -29.608  -36.322  56.285 0.0000000000
43107  -30.908  -36.296  57.860 0.0000000000
36976  -14.219  -42.915  54.030 0.0000000000
37854  -14.831  -41.805  55.528 0.0000000000
114051  -16.298  -40.735  52.772 0.0000000000
38770  -15.164  -41.655  52.802 0.0000000000
116019  -15.261  -41.672  53.779 0.0000000000
116546  -15.242  -41.187  55.756 0.0000000000
38694  -14.874  -40.684  58.024 0.0000000000
39607  -14.988  -40.032  59.544 0.0000000000
41341  -17.172  -37.983  61.478 0.0000000000
55679  -40.950  -21.471  36.847 0.0000000000
56630  -41.742  -20.656  38.252 0.0000000000
56623  -42.775  -20.011  39.794 0.0000000000
57700  -42.019  -18.909  36.896 0.0000000000
57680  -42.878  -18.931  38.858 0.0000000000
57665  -43.854  -19.203  40.861 0.0000000000
58588  -45.273  -18.411  41.775 0.0000000000
62097  -43.288  -14.698  35.703 0.0000000000
61231  -44.371  -15.240  37.266 0.0000000000
111645  -45.097  -15.320  38.908 0.0000000000
65502  -48.397  -10.663  28.135 0.0000000000
65503  -49.468  -10.630  28.269 0.0000000000
112654  -50.006  -10.353  27.556 0.0000000000
65544  -48.464  -10.228  25.245 0.0000000000
135201  -49.719  -9.890  26.174 0.0000000000
66424  -51.542  -9.851  27.180 0.0000000000
66432  -52.235  -9.584  26.653 0.0000000000
67238  -53.689  -8.315  26.478 0.0000000000
66468  -49.889  -9.462  22.624 0.0000000000
67260  -51.835  -9.071  23.039 0.0000000000
67254  -53.838  -7.854  25.043 0.0000000000
135568  -55.168  -6.721  22.541 0.0000000000
130163  -37.267  -31.628  45.473 0.0000000000
46950  -37.245  -30.848  45.725 0.0000000000
46090  -36.926  -33.093  45.054 0.0000000000
46966  -36.882  -32.072  44.954 0.0000000000
53938  -39.515  -23.080  37.516 0.0000000000
54824  -39.681  -22.627  36.819 0.0000000000
118752  -48.334  -11.712  30.813 0.0000000000
64655  -48.061  -11.890  31.541 0.0000000000
64656  -49.096  -11.537  31.426 0.0000000000
64666  -48.895  -11.399  30.416 0.0000000000
64676  -48.628  -11.110  29.672 0.0000000000
36948  -14.345  -42.083  57.095 0.0000000000
36947  -14.068  -42.882  56.685 0.0000000000
36932  -13.928  -42.346  58.645 0.0000000000
113896  -36.437  -25.579  43.869 0.0000000000
41355  -21.689  -37.596  60.327 0.0000000000
41367  -21.454  -37.775  59.411 0.0000000000
43134  -26.924  -35.681  55.957 0.0000000000
43117  -27.388  -35.483  56.683 0.0000000000
43186  -35.265  -35.655  52.776 0.0000000000
113255  -35.991  -35.834  54.039 0.0000000000
41366  -20.412  -37.770  59.394 0.0000000000
61258  -40.788  -15.085  33.196 0.0000000000
61252  -41.413  -14.961  34.057 0.0000000000
49589  -36.499  -28.542  45.663 0.0000000000
49578  -36.937  -28.329  46.377 0.0000000000
41450  -21.131  -37.430  52.693 0.0000000000
41458  -21.048  -37.475  51.869 0.0000000000
44177  -23.775  -35.280  50.209 0.0000000000
44161  -24.055  -35.533  51.215 0.0000000000
44210  -36.379  -34.283  48.024 0.0000000000
44209  -35.368  -34.526  47.811 0.0000000000
44196  -36.206  -34.370  49.448 0.0000000000
45126  -37.473  -33.995  49.040 0.0000000000
47846  -39.318  -30.988  48.857 0.0000000000
47829  -39.737  -30.782  49.613 0.0000000000
47815  -39.880  -30.498  50.500 0.0000000000
41457  -20.358  -37.799  51.521 0.0000000000
41449  -20.336  -37.670  52.350 0.0000000000
113602  -41.808  -22.812  44.848 0.0000000000
54738  -42.616  -22.445  45.144 0.0000000000
130152  -42.330  -22.542  44.380 0.0000000000
117338  -43.264  -20.840  41.267 0.0000000000
56585  -44.052  -20.860  42.505 0.0000000000
56598  -43.833  -20.492  41.763 0.0000000000
133332  -44.906  -19.907  42.779 0.0000000000
57656  -44.176  -19.671  41.588 0.0000000000
115383  -42.910  -12.738  31.899 0.0000000000
63790  -43.039  -12.522  32.562 0.0000000000
112597  -43.927  -12.631  32.598 0.0000000000
66355  -47.425  -9.065  35.845 0.0000000000
62985  -40.162  -13.803  29.315 0.0000000000
64704  -43.105  -11.694  27.169 0.0000000000
64714  -43.419  -11.169  26.644 0.0000000000
34657  -12.372  -45.295  58.224 0.0000000000
134619  -11.907  -45.744  57.841 0.0000000000
34656  -11.849  -45.805  58.522 0.0000000000
34649  -11.829  -45.876  59.381 0.0000000000
36895  -12.077  -42.827  65.398 0.0000000000
33049  -11.397  -46.844  63.532 0.0000000000
31570  -11.610  -48.048  63.652 0.0000000000
127714  -39.334  -26.939  49.671 0.0000000000
50345  -39.284  -26.350  49.260 0.0000000000
53833  -39.698  -23.834  47.790 0.0000000000
53834  -40.452  -23.486  46.943 0.0000000000
113139  -39.544  -23.702  46.680 0.0000000000
53037  -38.075  -24.494  40.938 0.0000000000
53056  -37.535  -24.898  39.485 0.0000000000
43102  -24.441  -35.988  56.967 0.0000000000
43103  -24.575  -35.662  57.865 0.0000000000
43244  -27.146  -35.857  48.408 0.0000000000
43243  -26.354  -35.379  48.729 0.0000000000
43229  -27.040  -35.745  49.223 0.0000000000
43213  -26.810  -35.793  50.125 0.0000000000
43261  -31.721  -35.481  47.789 0.0000000000
113542  -30.950  -35.719  48.094 0.0000000000
43248  -31.565  -35.584  48.618 0.0000000000
42271  -32.378  -36.811  53.328 0.0000000000
42270  -31.531  -36.926  52.970 0.0000000000
112399  -30.751  -37.111  53.503 0.0000000000
42245  -31.755  -36.990  54.949 0.0000000000
44141  -39.703  -33.840  53.732 0.0000000000
40508  -16.418  -39.025  58.837 0.0000000000
57719  -39.541  -19.815  34.242 0.0000000000
57710  -40.755  -19.591  35.224 0.0000000000
59470  -44.061  -16.888  38.865 0.0000000000
59456  -44.872  -16.967  39.992 0.0000000000
127140  -44.862  -12.518  36.962 0.0000000000
62911  -44.810  -13.444  37.190 0.0000000000
65542  -46.062  -10.695  25.657 0.0000000000
65543  -46.723  -10.598  25.340 0.0000000000
65563  -49.539  -10.164  23.956 0.0000000000
66457  -50.221  -9.874  23.344 0.0000000000
117118  -51.589  -7.350  21.340 0.0000000000
68074  -53.085  -7.405  22.085 0.0000000000
47863  -38.458  -30.754  47.786 0.0000000000
48765  -36.491  -29.403  45.502 0.0000000000
45183  -35.405  -34.025  44.475 0.0000000000
45162  -36.732  -34.071  46.646 0.0000000000
45151  -37.632  -33.636  47.603 0.0000000000
46060  -37.810  -32.973  47.199 0.0000000000
46061  -38.297  -32.329  47.513 0.0000000000
54776  -40.690  -22.805  41.166 0.0000000000
54797  -41.258  -21.904  39.354 0.0000000000
54788  -41.563  -21.877  40.140 0.0000000000
55642  -42.174  -21.375  40.310 0.0000000000
55651  -41.778  -21.334  39.578 0.0000000000
63781  -45.758  -12.306  32.637 0.0000000000
63793  -46.272  -12.408  31.741 0.0000000000
64641  -47.950  -11.281  33.305 0.0000000000
65456  -47.691  -10.221  33.989 0.0000000000
66374  -48.769  -9.667  34.239 0.0000000000
36164  -13.656  -43.549  57.125 0.0000000000
36163  -13.201  -44.175  57.481 0.0000000000
35418  -12.815  -44.786  57.843 0.0000000000
126900  -13.110  -44.149  58.302 0.0000000000
52109  -38.239  -25.915  47.048 0.0000000000
52118  -37.728  -25.564  46.578 0.0000000000
52996  -37.291  -25.069  45.229 0.0000000000
122517  -37.590  -24.765  45.993 0.0000000000
53841  -38.150  -24.520  46.635 0.0000000000
53853  -38.174  -24.023  45.346 0.0000000000
53017  -37.283  -24.703  43.418 0.0000000000
44093  -25.191  -35.430  56.452 0.0000000000
44080  -25.605  -35.296  57.346 0.0000000000
45046  -26.614  -35.062  57.863 0.0000000000
44069  -27.154  -35.468  58.377 0.0000000000
43093  -29.627  -35.926  58.273 0.0000000000
43270  -26.805  -35.735  46.530 0.0000000000
43258  -27.257  -35.878  47.489 0.0000000000
43216  -33.424  -35.610  50.540 0.0000000000
117259  -34.502  -35.926  52.812 0.0000000000
43154  -34.016  -36.358  54.105 0.0000000000
43139  -35.436  -36.352  55.754 0.0000000000
40539  -18.326  -38.054  54.366 0.0000000000
119704  -17.950  -38.600  53.785 0.0000000000
41395  -19.075  -37.880  57.206 0.0000000000
114203  -17.999  -37.983  58.910 0.0000000000
41385  -18.814  -37.815  58.961 0.0000000000
41354  -20.169  -37.558  60.837 0.0000000000
112580  -19.358  -37.672  60.716 0.0000000000
59524  -40.676  -17.351  34.039 0.0000000000
58663  -41.074  -17.781  34.744 0.0000000000
60416  -42.417  -16.127  35.590 0.0000000000
116699  -42.019  -16.871  35.637 0.0000000000
60408  -43.036  -16.364  36.233 0.0000000000
60409  -43.436  -16.536  36.820 0.0000000000
114251  -43.499  -15.935  36.471 0.0000000000
68096  -50.772  -6.481  20.562 0.0000000000
123710  -51.450  -6.240  20.272 0.0000000000
69764  -51.589  -6.150  20.037 0.0000000000
38682  -14.295  -40.794  60.617 0.0000000000
135028  -12.484  -40.988  65.367 0.0000000000
122065  -39.666  -29.462  53.437 0.0000000000
48682  -39.374  -29.029  52.550 0.0000000000
49552  -39.154  -28.141  49.738 0.0000000000
50353  -39.214  -27.543  49.624 0.0000000000
115234  -37.970  -29.574  47.455 0.0000000000
119067  -37.385  -28.144  46.918 0.0000000000
50363  -38.213  -27.942  47.465 0.0000000000
51180  -38.085  -26.613  46.911 0.0000000000
41411  -21.750  -37.676  56.506 0.0000000000
128359  -21.483  -37.431  55.221 0.0000000000
41432  -22.214  -37.078  53.831 0.0000000000
42240  -23.226  -36.740  54.827 0.0000000000
129146  -23.778  -36.972  56.046 0.0000000000
42255  -23.661  -36.271  54.539 0.0000000000
42290  -22.394  -36.606  51.322 0.0000000000
43181  -24.000  -36.079  52.894 0.0000000000
43180  -23.495  -36.227  52.542 0.0000000000
43166  -23.955  -36.025  53.657 0.0000000000
43132  -24.009  -36.116  54.683 0.0000000000
44121  -24.095  -35.947  54.234 0.0000000000
44122  -24.363  -35.830  54.525 0.0000000000
44136  -24.728  -35.594  53.297 0.0000000000
134695  -25.206  -35.434  54.199 0.0000000000
43167  -26.095  -35.580  53.709 0.0000000000
119445  -31.910  -35.366  46.955 0.0000000000
125242  -32.599  -35.138  46.892 0.0000000000
44251  -34.666  -34.611  45.610 0.0000000000
44237  -34.633  -34.650  46.435 0.0000000000
118457  -34.378  -34.680  48.064 0.0000000000
44222  -33.859  -34.732  47.579 0.0000000000
116656  -33.611  -34.994  49.269 0.0000000000
44181  -35.791  -34.781  50.636 0.0000000000
44165  -35.808  -35.068  51.419 0.0000000000
44166  -36.669  -35.054  51.575 0.0000000000
45097  -37.883  -33.970  51.083 0.0000000000
127594  -38.099  -34.031  51.731 0.0000000000
45141  -38.599  -33.348  48.707 0.0000000000
45127  -38.690  -33.560  49.565 0.0000000000
46005  -40.051  -32.213  51.120 0.0000000000
46004  -39.349  -32.959  50.819 0.0000000000
112960  -40.044  -32.359  52.294 0.0000000000
113478  -40.014  -31.852  53.272 0.0000000000
46883  -40.176  -31.577  52.547 0.0000000000
47807  -39.880  -30.192  51.467 0.0000000000
47800  -39.913  -30.416  53.342 0.0000000000
117329  -39.780  -29.875  52.482 0.0000000000
40553  -18.752  -38.460  51.961 0.0000000000
54710  -42.592  -22.245  48.346 0.0000000000
54711  -43.077  -21.723  48.389 0.0000000000
54718  -42.982  -21.898  47.559 0.0000000000
131465  -43.658  -21.683  46.322 0.0000000000
55586  -43.683  -21.589  47.074 0.0000000000
55596  -44.287  -21.245  46.471 0.0000000000
54768  -42.975  -22.131  42.854 0.0000000000
54760  -43.336  -22.017  43.601 0.0000000000
56572  -44.823  -20.772  43.526 0.0000000000
55618  -44.645  -21.253  43.980 0.0000000000
55603  -45.138  -20.781  45.360 0.0000000000
56558  -45.454  -20.457  44.864 0.0000000000
56559  -45.869  -19.727  45.073 0.0000000000
57626  -46.058  -19.429  44.407 0.0000000000
62948  -41.424  -13.538  32.347 0.0000000000
62941  -42.047  -13.098  33.696 0.0000000000
113146  -42.071  -12.825  33.152 0.0000000000
132342  -43.569  -12.652  33.735 0.0000000000
63765  -43.229  -12.701  33.768 0.0000000000
63766  -43.944  -12.392  34.317 0.0000000000
63753  -43.944  -12.171  34.944 0.0000000000
64619  -44.583  -11.562  34.911 0.0000000000
115304  -45.819  -11.344  33.872 0.0000000000
65438  -45.875  -9.986  35.552 0.0000000000
120712  -9.427  -49.899  61.335 0.0000000000
31589  -8.838  -50.164  60.828 0.0000000000
30683  -8.972  -50.656  60.962 0.0000000000
57746  -38.107  -20.299  32.788 0.0000000000
57732  -38.638  -19.797  33.089 0.0000000000
58681  -38.949  -18.517  32.583 0.0000000000
59533  -39.429  -17.796  32.763 0.0000000000
59532  -38.909  -17.763  32.143 0.0000000000
61264  -39.247  -16.031  31.670 0.0000000000
60432  -40.164  -15.745  32.745 0.0000000000
133313  -39.554  -15.501  31.521 0.0000000000
62119  -40.076  -15.075  31.682 0.0000000000
62130  -40.333  -14.567  31.271 0.0000000000
62947  -40.954  -14.097  31.862 0.0000000000
62957  -40.814  -14.150  31.275 0.0000000000
62971  -41.013  -13.963  30.810 0.0000000000
62972  -42.235  -13.492  30.260 0.0000000000
63816  -42.712  -12.976  28.769 0.0000000000
63817  -43.314  -12.996  29.320 0.0000000000
62973  -43.027  -13.247  30.272 0.0000000000
131291  -45.077  -11.950  27.999 0.0000000000
63834  -45.182  -12.119  28.718 0.0000000000
64673  -45.889  -11.876  29.054 0.0000000000
64688  -46.515  -11.366  28.515 0.0000000000
64716  -45.499  -11.231  27.031 0.0000000000
33075  -11.088  -47.118  58.254 0.0000000000
37771  -13.646  -41.510  61.837 0.0000000000
118212  -13.759  -42.131  60.403 0.0000000000
36919  -13.486  -42.330  61.326 0.0000000000
36132  -12.615  -43.590  62.592 0.0000000000
114681  -12.836  -43.798  61.740 0.0000000000
36138  -12.364  -44.396  62.376 0.0000000000
35375  -12.307  -44.158  65.140 0.0000000000
34627  -11.353  -45.875  63.328 0.0000000000
121863  -11.683  -45.355  63.714 0.0000000000
35391  -11.458  -45.479  63.228 0.0000000000
34630  -11.466  -45.703  62.711 0.0000000000
121701  -11.743  -46.263  61.113 0.0000000000
34634  -11.186  -46.365  62.356 0.0000000000
131458  -10.714  -47.630  62.588 0.0000000000
33053  -10.318  -47.995  61.937 0.0000000000
33057  -9.981  -48.208  61.375 0.0000000000
32333  -10.053  -48.597  61.994 0.0000000000
31571  -11.899  -48.788  63.548 0.0000000000
54690  -42.476  -22.945  52.170 0.0000000000
49538  -39.406  -28.352  52.512 0.0000000000
50336  -39.715  -27.581  52.447 0.0000000000
51160  -39.937  -26.246  51.531 0.0000000000
51154  -39.920  -26.838  51.931 0.0000000000
52076  -39.975  -25.771  51.189 0.0000000000
127226  -38.944  -25.346  48.537 0.0000000000
52091  -39.262  -25.651  49.054 0.0000000000
52964  -39.315  -25.238  49.074 0.0000000000
52957  -39.570  -25.295  49.743 0.0000000000
52958  -39.881  -25.070  50.114 0.0000000000
52951  -40.180  -25.311  50.853 0.0000000000
53811  -40.603  -24.696  50.600 0.0000000000
53818  -41.010  -23.704  49.318 0.0000000000
123061  -40.850  -24.166  50.008 0.0000000000
54702  -41.640  -23.018  49.238 0.0000000000
116393  -42.235  -22.535  49.039 0.0000000000
130631  -41.393  -23.091  47.817 0.0000000000
53844  -41.183  -23.167  46.280 0.0000000000
53856  -41.121  -23.181  45.391 0.0000000000
54737  -41.877  -22.779  45.711 0.0000000000
53864  -38.663  -23.906  44.745 0.0000000000
53877  -39.535  -23.626  43.498 0.0000000000
53887  -40.012  -23.347  42.662 0.0000000000
53878  -40.391  -23.289  43.292 0.0000000000
53896  -40.338  -23.051  41.931 0.0000000000
53913  -39.416  -23.470  39.888 0.0000000000
116018  -39.295  -23.493  38.233 0.0000000000
53924  -38.578  -24.005  38.279 0.0000000000
52191  -34.741  -26.193  40.848 0.0000000000
52202  -35.523  -25.957  39.191 0.0000000000
52214  -36.251  -25.631  38.588 0.0000000000
52224  -36.131  -25.461  37.664 0.0000000000
53076  -36.799  -24.993  37.529 0.0000000000
53951  -37.889  -23.640  36.169 0.0000000000
41388  -22.695  -37.761  58.215 0.0000000000
41369  -23.003  -37.556  59.111 0.0000000000
41389  -23.575  -37.234  58.406 0.0000000000
43084  -24.367  -35.884  59.583 0.0000000000
44068  -25.640  -35.176  59.031 0.0000000000
44067  -24.907  -35.203  58.862 0.0000000000
44055  -25.539  -35.262  59.368 0.0000000000
43227  -25.813  -34.985  49.366 0.0000000000
44193  -25.056  -34.499  49.174 0.0000000000
43211  -25.484  -35.122  50.638 0.0000000000
43183  -26.745  -35.953  52.114 0.0000000000
43273  -29.585  -35.862  46.428 0.0000000000
43247  -30.252  -35.952  48.388 0.0000000000
43246  -29.718  -35.961  47.857 0.0000000000
42331  -29.470  -36.128  48.723 0.0000000000
42306  -31.780  -36.140  50.590 0.0000000000
112396  -30.115  -36.846  51.245 0.0000000000
114753  -29.104  -36.523  50.206 0.0000000000
42305  -29.278  -36.778  51.026 0.0000000000
42292  -28.576  -36.772  51.715 0.0000000000
42293  -29.463  -36.962  51.849 0.0000000000
114059  -29.338  -37.218  53.282 0.0000000000
114709  -29.030  -37.109  54.081 0.0000000000
124758  -28.866  -36.965  54.825 0.0000000000
42243  -29.380  -36.758  55.502 0.0000000000
43121  -31.212  -36.435  57.160 0.0000000000
133315  -34.198  -36.687  55.704 0.0000000000
43123  -33.764  -36.856  56.297 0.0000000000
44139  -37.815  -34.927  52.845 0.0000000000
36968  -14.519  -42.641  55.192 0.0000000000
116626  -14.809  -42.211  54.727 0.0000000000
39665  -17.121  -39.765  53.659 0.0000000000
40551  -17.297  -39.716  52.891 0.0000000000
39664  -16.535  -40.452  53.562 0.0000000000
38771  -15.927  -41.196  53.390 0.0000000000
38786  -15.692  -41.245  52.126 0.0000000000
38755  -15.779  -41.368  54.324 0.0000000000
38711  -15.773  -40.527  56.922 0.0000000000
128349  -15.310  -40.946  56.479 0.0000000000
38710  -15.103  -40.831  57.175 0.0000000000
38688  -14.676  -40.722  58.925 0.0000000000
39621  -15.373  -40.089  58.611 0.0000000000
41352  -17.667  -37.954  60.652 0.0000000000
41351  -17.007  -38.235  60.759 0.0000000000
41331  -17.787  -37.830  62.117 0.0000000000
56488  -44.581  -19.992  50.262 0.0000000000
130037  -40.451  -21.576  36.297 0.0000000000
56652  -41.443  -20.744  36.815 0.0000000000
56639  -41.696  -20.515  37.498 0.0000000000
132439  -42.389  -20.262  39.295 0.0000000000
56631  -42.180  -20.121  38.664 0.0000000000
58632  -41.835  -18.544  36.176 0.0000000000
58620  -42.471  -18.463  37.386 0.0000000000
58605  -43.368  -18.456  39.354 0.0000000000
58613  -42.648  -18.670  38.116 0.0000000000
57674  -43.074  -19.241  39.601 0.0000000000
58595  -43.596  -18.807  40.110 0.0000000000
58587  -44.520  -18.811  41.351 0.0000000000
58596  -44.211  -18.406  40.577 0.0000000000
59428  -46.796  -17.179  42.733 0.0000000000
62104  -42.280  -13.600  34.411 0.0000000000
62096  -42.772  -14.174  35.044 0.0000000000
62087  -44.357  -14.404  36.838 0.0000000000
61220  -44.769  -15.296  38.074 0.0000000000
64690  -48.072  -10.993  29.086 0.0000000000
65515  -47.555  -10.617  27.438 0.0000000000
117077  -47.970  -10.314  26.691 0.0000000000
65517  -49.072  -10.351  27.446 0.0000000000
65532  -49.610  -10.019  26.734 0.0000000000
125177  -47.516  -10.477  24.894 0.0000000000
65552  -47.452  -10.440  24.125 0.0000000000
65546  -49.933  -9.861  25.702 0.0000000000
65533  -50.231  -9.849  26.280 0.0000000000
65518  -50.516  -9.937  26.970 0.0000000000
66431  -51.119  -9.774  26.397 0.0000000000
134095  -52.474  -9.484  27.436 0.0000000000
66449  -51.993  -9.466  24.739 0.0000000000
118788  -52.870  -9.041  26.147 0.0000000000
67245  -53.354  -8.520  25.573 0.0000000000
67280  -50.060  -8.182  21.599 0.0000000000
67270  -50.482  -8.856  22.106 0.0000000000
67269  -49.502  -8.869  22.068 0.0000000000
66469  -50.860  -9.358  22.770 0.0000000000
122902  -53.693  -7.658  24.118 0.0000000000
67261  -52.779  -8.531  23.476 0.0000000000
68056  -54.332  -7.685  25.320 0.0000000000
68885  -53.428  -6.478  21.004 0.0000000000
68088  -53.993  -6.695  21.657 0.0000000000
124791  -36.211  -33.822  44.924 0.0000000000
130276  -36.427  -33.257  44.390 0.0000000000
45173  -37.327  -33.211  45.880 0.0000000000
46073  -37.660  -32.725  46.404 0.0000000000
53914  -40.282  -22.882  39.661 0.0000000000
53926  -40.287  -22.794  38.854 0.0000000000
54804  -40.638  -22.408  38.285 0.0000000000
129226  -41.033  -21.991  38.719 0.0000000000
63807  -46.699  -12.217  30.818 0.0000000000
63794  -47.148  -12.169  31.610 0.0000000000
64657  -50.089  -10.883  31.661 0.0000000000
65472  -51.013  -10.071  31.750 0.0000000000
64658  -50.545  -10.672  31.090 0.0000000000
36967  -13.902  -43.334  54.826 0.0000000000
36173  -13.682  -43.680  55.399 0.0000000000
36158  -13.638  -43.062  58.616 0.0000000000
53005  -37.305  -24.853  44.612 0.0000000000
115741  -36.881  -25.085  43.883 0.0000000000
53025  -36.431  -25.365  42.581 0.0000000000
116414  -21.050  -37.493  60.995 0.0000000000
44109  -26.098  -35.406  56.011 0.0000000000
129189  -26.272  -35.256  56.846 0.0000000000
44095  -26.874  -35.158  57.294 0.0000000000
119184  -28.054  -35.479  57.878 0.0000000000
44083  -28.132  -35.414  57.855 0.0000000000
43104  -28.661  -35.568  57.579 0.0000000000
43119  -29.229  -35.908  56.905 0.0000000000
43200  -34.399  -35.464  51.609 0.0000000000
43185  -34.628  -35.628  52.265 0.0000000000
43170  -34.769  -36.017  53.596 0.0000000000
43155  -34.772  -36.155  54.547 0.0000000000
113072  -35.336  -35.960  54.152 0.0000000000
134985  -19.191  -37.820  58.124 0.0000000000
128631  -19.619  -37.779  59.398 0.0000000000
60419  -40.862  -16.489  33.916 0.0000000000
60420  -41.250  -16.911  34.550 0.0000000000
115542  -41.391  -16.019  34.365 0.0000000000
48704  -39.581  -29.401  50.736 0.0000000000
49568  -37.215  -28.845  46.961 0.0000000000
50371  -37.013  -27.445  46.256 0.0000000000
41431  -20.494  -37.538  54.204 0.0000000000
112094  -21.384  -37.364  54.476 0.0000000000
43210  -23.001  -35.931  50.770 0.0000000000
43193  -23.243  -36.145  51.600 0.0000000000
44160  -23.597  -35.676  50.950 0.0000000000
129468  -24.261  -36.003  52.875 0.0000000000
44149  -24.535  -35.604  52.504 0.0000000000
44150  -25.124  -35.179  52.612 0.0000000000
44224  -35.404  -34.568  46.834 0.0000000000
129915  -34.884  -34.557  48.562 0.0000000000
44194  -34.866  -34.611  49.270 0.0000000000
130930  -36.275  -34.521  50.075 0.0000000000
44182  -36.879  -34.489  50.743 0.0000000000
46895  -40.158  -31.166  51.197 0.0000000000
40554  -19.520  -37.951  51.957 0.0000000000
41441  -20.300  -37.612  53.281 0.0000000000
54739  -43.296  -22.006  45.709 0.0000000000
55624  -43.641  -21.584  42.862 0.0000000000
57625  -45.695  -20.087  44.401 0.0000000000
56587  -45.159  -20.212  43.361 0.0000000000
57648  -45.538  -19.424  43.031 0.0000000000
63779  -42.488  -12.611  32.874 0.0000000000
64637  -44.052  -12.523  33.767 0.0000000000
121246  -46.701  -10.366  34.189 0.0000000000
65439  -46.413  -10.036  34.898 0.0000000000
66362  -46.989  -9.354  35.217 0.0000000000
130299  -53.813  -8.488  28.256 0.0000000000
60441  -38.121  -16.969  31.190 0.0000000000
62969  -39.880  -14.172  29.889 0.0000000000
134994  -40.761  -13.738  29.389 0.0000000000
63848  -42.691  -12.383  27.873 0.0000000000
63832  -43.476  -12.637  28.446 0.0000000000
64705  -44.565  -11.873  27.484 0.0000000000
116145  -45.316  -11.565  27.485 0.0000000000
126643  -44.059  -11.168  26.548 0.0000000000
33835  -11.405  -46.594  59.683 0.0000000000
37757  -13.062  -41.947  63.232 0.0000000000
36902  -12.371  -42.648  63.859 0.0000000000
36901  -12.400  -43.399  63.339 0.0000000000
36129  -12.221  -43.800  64.019 0.0000000000
34620  -11.923  -44.934  64.233 0.0000000000
33812  -11.545  -46.158  63.766 0.0000000000
33815  -11.309  -46.329  63.358 0.0000000000
122182  -11.131  -46.503  62.961 0.0000000000
135245  -11.167  -47.364  63.394 0.0000000000
32330  -10.915  -47.867  63.173 0.0000000000
129099  -39.569  -27.397  50.898 0.0000000000
50339  -39.701  -27.274  51.623 0.0000000000
52972  -38.895  -24.968  48.373 0.0000000000
52973  -39.234  -24.829  48.761 0.0000000000
53826  -40.371  -23.782  48.623 0.0000000000
53843  -40.337  -23.470  46.030 0.0000000000
53884  -37.925  -24.347  42.889 0.0000000000
53876  -38.624  -23.888  43.225 0.0000000000
53885  -38.673  -23.971  42.363 0.0000000000
53903  -39.421  -23.523  40.896 0.0000000000
53902  -38.722  -23.937  40.463 0.0000000000
53057  -38.246  -24.396  39.046 0.0000000000
43085  -24.969  -35.169  59.730 0.0000000000
133498  -26.168  -34.982  59.188 0.0000000000
44056  -25.806  -35.492  59.459 0.0000000000
43256  -25.772  -35.194  47.937 0.0000000000
43228  -25.999  -35.293  50.069 0.0000000000
43212  -26.109  -35.558  50.809 0.0000000000
42291  -27.675  -36.375  51.471 0.0000000000
124223  -30.058  -35.852  47.121 0.0000000000
130452  -32.121  -36.501  51.751 0.0000000000
42295  -31.591  -36.541  51.303 0.0000000000
42282  -31.510  -36.782  52.095 0.0000000000
42281  -29.751  -37.150  52.570 0.0000000000
129502  -30.080  -37.224  53.162 0.0000000000
131976  -30.187  -36.904  55.232 0.0000000000
42244  -30.937  -36.931  55.480 0.0000000000
129370  -31.621  -36.875  55.803 0.0000000000
42232  -31.948  -36.805  56.499 0.0000000000
40534  -17.363  -39.280  55.378 0.0000000000
39648  -17.057  -40.073  55.182 0.0000000000
129967  -16.521  -40.486  54.938 0.0000000000
38740  -15.986  -41.060  55.172 0.0000000000
39640  -16.422  -40.039  56.664 0.0000000000
39634  -16.079  -40.001  57.347 0.0000000000
115132  -15.963  -39.686  58.008 0.0000000000
132703  -15.535  -39.763  59.187 0.0000000000
41344  -19.033  -37.620  62.085 0.0000000000
41332  -18.403  -37.681  62.619 0.0000000000
56664  -39.860  -20.830  35.016 0.0000000000
55692  -40.158  -21.229  35.698 0.0000000000
56665  -40.520  -20.459  35.484 0.0000000000
57689  -41.806  -19.835  36.996 0.0000000000
59487  -42.703  -17.869  37.155 0.0000000000
58621  -42.958  -17.960  37.776 0.0000000000
59454  -43.651  -17.640  39.103 0.0000000000
58597  -44.862  -18.000  41.021 0.0000000000
59444  -44.562  -17.660  40.267 0.0000000000
59445  -45.190  -17.259  40.665 0.0000000000
59446  -45.851  -16.618  41.056 0.0000000000
62927  -43.944  -13.381  35.912 0.0000000000
65530  -47.275  -10.479  26.682 0.0000000000
65554  -49.547  -10.056  24.962 0.0000000000
65555  -50.342  -9.887  25.123 0.0000000000
66447  -51.102  -9.747  24.956 0.0000000000
68095  -50.029  -6.896  20.812 0.0000000000
67281  -51.057  -8.099  21.658 0.0000000000
114359  -54.264  -6.904  23.619 0.0000000000
68903  -54.054  -6.484  20.653 0.0000000000
68887  -54.633  -6.747  21.369 0.0000000000
47845  -38.839  -30.347  48.359 0.0000000000
48753  -37.430  -29.586  46.884 0.0000000000
48752  -36.864  -29.143  46.348 0.0000000000
115697  -21.602  -37.127  51.409 0.0000000000
122700  -22.799  -35.735  49.977 0.0000000000
44176  -23.364  -35.288  49.747 0.0000000000
134715  -23.635  -35.188  49.583 0.0000000000
44265  -34.705  -34.450  44.797 0.0000000000
129596  -35.984  -34.171  45.667 0.0000000000
45139  -37.247  -34.036  48.180 0.0000000000
45140  -37.959  -33.707  48.396 0.0000000000
46048  -38.806  -32.582  48.249 0.0000000000
46049  -39.186  -31.847  48.586 0.0000000000
54758  -41.664  -22.693  43.133 0.0000000000
54759  -42.479  -22.408  43.563 0.0000000000
54766  -41.550  -22.550  42.291 0.0000000000
54778  -42.144  -22.211  41.863 0.0000000000
126987  -41.250  -22.383  40.666 0.0000000000
55632  -42.793  -21.749  41.643 0.0000000000
55643  -42.715  -21.281  40.919 0.0000000000
132620  -42.550  -20.997  40.398 0.0000000000
56612  -42.905  -20.500  40.536 0.0000000000
116311  -44.497  -12.741  31.804 0.0000000000
63780  -44.879  -12.542  32.678 0.0000000000
63782  -46.620  -12.167  32.567 0.0000000000
116034  -46.929  -11.661  33.321 0.0000000000
65448  -47.153  -9.684  34.598 0.0000000000
66373  -47.886  -9.468  34.524 0.0000000000
112959  -51.230  -10.117  31.025 0.0000000000
65488  -52.143  -9.549  29.523 0.0000000000
65505  -51.547  -9.994  28.645 0.0000000000
36172  -13.209  -44.211  55.652 0.0000000000
35430  -12.660  -44.823  56.053 0.0000000000
35423  -12.786  -44.828  56.981 0.0000000000
52099  -38.651  -25.614  47.854 0.0000000000
52979  -38.517  -24.838  47.475 0.0000000000
113415  -38.661  -23.882  46.166 0.0000000000
53875  -37.906  -24.241  43.740 0.0000000000
132662  -37.384  -24.639  44.095 0.0000000000
128928  -24.779  -35.331  58.082 0.0000000000
44079  -25.364  -35.247  57.693 0.0000000000
45044  -25.676  -35.230  57.731 0.0000000000
45039  -25.912  -35.152  58.616 0.0000000000
44094  -26.146  -35.203  57.468 0.0000000000
45045  -26.008  -35.085  57.720 0.0000000000
45032  -26.259  -35.260  58.830 0.0000000000
44070  -29.109  -35.913  58.316 0.0000000000
44221  -25.697  -35.422  46.848 0.0000000000
42329  -27.774  -35.984  48.924 0.0000000000
113193  -32.867  -35.233  49.112 0.0000000000
43232  -32.550  -35.555  49.678 0.0000000000
43215  -32.603  -35.813  50.386 0.0000000000
43199  -33.625  -35.733  51.329 0.0000000000
42296  -32.890  -36.175  51.827 0.0000000000
42260  -32.476  -36.840  54.240 0.0000000000
121807  -32.635  -36.800  55.000 0.0000000000
42261  -33.302  -36.664  54.595 0.0000000000
43138  -34.820  -36.336  55.377 0.0000000000
40552  -17.675  -39.351  52.438 0.0000000000
40545  -17.574  -39.155  53.283 0.0000000000
116014  -17.434  -39.053  53.986 0.0000000000
40535  -17.722  -38.557  55.608 0.0000000000
40509  -16.904  -38.908  58.262 0.0000000000
41382  -17.017  -38.788  58.910 0.0000000000
41383  -17.541  -38.439  58.523 0.0000000000
41353  -18.531  -37.788  60.617 0.0000000000
112579  -19.057  -37.781  59.925 0.0000000000
41343  -18.844  -37.690  61.335 0.0000000000
58674  -39.873  -18.538  33.885 0.0000000000
58649  -41.528  -18.204  35.420 0.0000000000
58650  -41.997  -17.615  36.040 0.0000000000
59504  -42.646  -17.492  36.619 0.0000000000
59488  -43.175  -17.268  37.233 0.0000000000
60388  -43.994  -16.558  38.211 0.0000000000
65559  -45.601  -10.221  24.144 0.0000000000
126801  -46.208  -10.162  23.760 0.0000000000
65560  -47.018  -10.211  23.570 0.0000000000
68899  -49.909  -6.277  20.440 0.0000000000
68087  -53.418  -6.768  21.469 0.0000000000
68901  -52.865  -6.330  20.522 0.0000000000
69765  -52.295  -6.268  20.161 0.0000000000
68902  -53.460  -6.391  20.585 0.0000000000
129873  -14.387  -41.208  58.850 0.0000000000
37811  -14.195  -41.659  58.784 0.0000000000
37784  -14.125  -41.427  60.106 0.0000000000
115641  -13.866  -41.492  60.953 0.0000000000
37741  -12.669  -41.635  64.093 0.0000000000
128279  -39.348  -27.638  50.195 0.0000000000
50352  -39.133  -27.242  49.095 0.0000000000
48731  -38.709  -29.457  48.574 0.0000000000
50357  -38.729  -27.600  48.332 0.0000000000
52108  -37.524  -26.194  46.478 0.0000000000
52994  -36.587  -25.754  44.418 0.0000000000
41387  -21.773  -37.880  58.532 0.0000000000
41399  -22.469  -37.728  57.157 0.0000000000
113689  -22.061  -37.507  55.715 0.0000000000
41413  -23.265  -37.404  56.552 0.0000000000
42220  -23.924  -36.867  56.782 0.0000000000
42229  -24.223  -36.233  56.136 0.0000000000
118068  -24.624  -35.711  56.379 0.0000000000
42289  -21.789  -37.014  52.096 0.0000000000
42267  -22.904  -36.578  53.180 0.0000000000
43165  -23.661  -36.146  53.416 0.0000000000
43116  -24.388  -35.882  55.603 0.0000000000
44092  -24.792  -35.624  56.194 0.0000000000
44108  -25.288  -35.425  55.664 0.0000000000
122852  -24.449  -35.700  53.942 0.0000000000
44123  -24.895  -35.491  54.834 0.0000000000
43133  -26.441  -35.788  55.176 0.0000000000
43153  -27.391  -36.210  55.194 0.0000000000
116377  -30.947  -35.504  44.762 0.0000000000
118640  -30.791  -35.651  45.554 0.0000000000
43249  -32.421  -35.271  48.357 0.0000000000
43293  -33.176  -34.996  45.650 0.0000000000
43277  -33.165  -34.955  46.485 0.0000000000
44236  -33.857  -34.715  46.865 0.0000000000
132939  -32.837  -35.038  47.905 0.0000000000
43234  -33.894  -35.190  49.999 0.0000000000
44180  -34.767  -34.897  50.150 0.0000000000
44151  -35.961  -35.332  52.194 0.0000000000
44153  -37.971  -34.434  52.193 0.0000000000
44154  -38.490  -34.387  52.877 0.0000000000
45076  -39.582  -33.299  53.272 0.0000000000
45112  -38.655  -33.593  50.516 0.0000000000
40564  -18.083  -38.975  51.828 0.0000000000
41439  -18.613  -38.086  53.534 0.0000000000
41440  -19.379  -37.794  53.389 0.0000000000
128911  -19.100  -37.782  54.143 0.0000000000
112577  -20.264  -37.701  56.125 0.0000000000
55573  -43.396  -21.324  49.979 0.0000000000
55580  -44.045  -20.801  48.527 0.0000000000
56512  -44.713  -20.328  48.126 0.0000000000
54749  -42.985  -22.252  44.335 0.0000000000
54740  -43.914  -21.817  45.136 0.0000000000
55617  -44.017  -21.601  43.701 0.0000000000
55611  -44.375  -21.524  44.619 0.0000000000
55602  -44.538  -21.285  45.440 0.0000000000
55597  -44.997  -20.718  46.131 0.0000000000
56528  -45.453  -19.994  46.780 0.0000000000
62933  -43.020  -13.328  34.756 0.0000000000
63773  -42.580  -12.688  33.357 0.0000000000
62926  -43.612  -12.934  35.205 0.0000000000
63754  -44.151  -12.544  35.673 0.0000000000
63744  -44.687  -12.123  36.219 0.0000000000
127129  -45.077  -11.562  37.071 0.0000000000
64646  -44.450  -12.499  33.353 0.0000000000
64638  -44.917  -12.044  34.055 0.0000000000
64631  -45.100  -11.408  34.635 0.0000000000
65447  -45.676  -10.720  34.785 0.0000000000
64605  -45.019  -11.128  35.941 0.0000000000
31597  -9.119  -49.722  60.569 0.0000000000
53971  -38.400  -23.068  35.751 0.0000000000
54823  -39.113  -22.806  36.191 0.0000000000
55690  -38.940  -22.315  35.299 0.0000000000
133283  -39.077  -21.785  34.776 0.0000000000
56678  -38.540  -21.028  33.904 0.0000000000
55704  -39.210  -21.189  34.486 0.0000000000
56679  -39.089  -20.448  34.034 0.0000000000
58661  -39.501  -19.141  33.789 0.0000000000
57747  -38.338  -19.338  32.456 0.0000000000
58672  -39.046  -19.200  33.092 0.0000000000
127441  -40.028  -17.781  33.458 0.0000000000
59527  -39.766  -17.058  32.893 0.0000000000
129149  -40.023  -16.392  32.983 0.0000000000
117464  -40.511  -16.037  33.345 0.0000000000
62120  -40.450  -15.047  32.350 0.0000000000
62111  -40.992  -14.172  32.617 0.0000000000
62959  -41.835  -13.230  31.943 0.0000000000
63804  -43.362  -13.003  31.104 0.0000000000
62995  -40.551  -13.459  28.737 0.0000000000
62996  -41.307  -13.479  28.930 0.0000000000
62986  -42.063  -13.387  29.277 0.0000000000
63805  -44.213  -12.862  30.943 0.0000000000
63806  -45.164  -12.635  30.717 0.0000000000
126334  -44.600  -12.549  29.257 0.0000000000
63819  -45.287  -12.362  29.589 0.0000000000
64664  -47.014  -11.758  30.028 0.0000000000
64689  -47.244  -11.356  29.222 0.0000000000
65500  -46.838  -10.958  27.801 0.0000000000
65513  -46.002  -10.914  26.786 0.0000000000
126869  -45.850  -10.829  26.166 0.0000000000
65550  -45.004  -10.327  24.680 0.0000000000
129574  -13.747  -42.727  59.224 0.0000000000
36153  -13.426  -43.386  59.402 0.0000000000
117296  -13.048  -42.986  61.995 0.0000000000
36146  -13.326  -43.348  60.313 0.0000000000
36152  -13.024  -44.024  59.936 0.0000000000
35412  -12.846  -44.794  59.555 0.0000000000
34642  -12.352  -45.412  59.980 0.0000000000
36123  -12.283  -43.578  65.321 0.0000000000
36126  -12.213  -43.759  64.795 0.0000000000
36128  -12.020  -44.788  63.865 0.0000000000
35385  -11.650  -45.138  64.344 0.0000000000
119578  -11.931  -44.846  63.589 0.0000000000
119303  -12.132  -45.276  62.171 0.0000000000
35404  -12.298  -45.566  61.090 0.0000000000
34641  -11.841  -46.059  60.306 0.0000000000
33827  -11.261  -46.693  60.625 0.0000000000
33822  -10.841  -46.993  62.010 0.0000000000
33826  -10.691  -47.281  61.152 0.0000000000
31590  -9.431  -49.440  61.157 0.0000000000
31582  -9.781  -49.214  61.735 0.0000000000
116025  -10.909  -48.811  62.876 0.0000000000
31584  -10.882  -49.736  62.594 0.0000000000
117974  -40.006  -27.778  54.038 0.0000000000
52944  -40.506  -25.554  51.640 0.0000000000
53812  -41.348  -23.800  50.896 0.0000000000
54695  -42.000  -22.840  51.162 0.0000000000
54717  -42.418  -22.430  47.686 0.0000000000
54716  -41.900  -22.708  47.380 0.0000000000
53879  -41.040  -23.064  43.602 0.0000000000
53904  -40.083  -23.093  40.539 0.0000000000
53925  -39.743  -23.264  38.976 0.0000000000
53952  -38.526  -23.326  36.576 0.0000000000
53034  -36.026  -25.702  42.009 0.0000000000
53044  -36.063  -25.628  41.424 0.0000000000
52192  -35.648  -25.830  40.862 0.0000000000
53045  -36.532  -25.361  40.871 0.0000000000
53055  -36.845  -25.398  39.876 0.0000000000
52204  -36.943  -25.327  39.011 0.0000000000
128540  -37.540  -24.867  38.620 0.0000000000
112042  -37.106  -24.647  37.046 0.0000000000
53078  -38.093  -24.184  37.655 0.0000000000
53936  -38.010  -23.808  36.963 0.0000000000
114515  -22.296  -37.801  58.999 0.0000000000
41368  -22.362  -37.639  59.730 0.0000000000
42200  -23.677  -36.845  59.338 0.0000000000
45122  -23.475  -34.838  48.541 0.0000000000
44191  -23.824  -34.998  49.316 0.0000000000
44178  -24.194  -35.023  49.997 0.0000000000
112022  -24.860  -34.886  51.902 0.0000000000
134314  -25.182  -34.913  52.071 0.0000000000
43196  -26.155  -35.667  51.507 0.0000000000
129617  -25.749  -35.408  52.104 0.0000000000
43182  -26.000  -35.521  52.849 0.0000000000
43152  -26.938  -36.066  54.229 0.0000000000
114746  -29.196  -35.921  47.198 0.0000000000
43259  -28.265  -35.927  47.339 0.0000000000
42330  -28.551  -36.099  48.760 0.0000000000
133430  -28.240  -36.178  49.354 0.0000000000
43231  -31.380  -35.785  49.411 0.0000000000
42321  -30.601  -36.195  49.728 0.0000000000
112395  -30.897  -36.514  50.696 0.0000000000
42320  -29.717  -36.374  49.579 0.0000000000
118400  -28.316  -36.336  50.001 0.0000000000
42256  -28.065  -36.725  54.384 0.0000000000
43136  -28.821  -36.166  56.079 0.0000000000
43120  -30.247  -36.213  57.003 0.0000000000
42230  -30.258  -36.626  55.973 0.0000000000
43106  -30.428  -36.022  57.932 0.0000000000
42233  -32.849  -36.847  56.380 0.0000000000
36957  -14.464  -42.283  56.135 0.0000000000
37883  -14.755  -42.100  53.151 0.0000000000
116260  -15.186  -41.568  54.790 0.0000000000
37840  -14.804  -41.429  56.501 0.0000000000
37824  -14.620  -41.333  57.506 0.0000000000
38683  -14.650  -40.236  60.283 0.0000000000
55666  -40.811  -21.978  37.525 0.0000000000
55658  -41.083  -21.835  38.155 0.0000000000
55667  -41.360  -21.259  37.654 0.0000000000
55660  -41.957  -20.741  39.066 0.0000000000
57711  -41.405  -19.093  35.643 0.0000000000
127750  -41.722  -19.313  36.315 0.0000000000
57690  -42.199  -19.200  37.623 0.0000000000
57679  -42.412  -19.426  38.377 0.0000000000
57673  -42.641  -19.678  39.092 0.0000000000
57664  -43.261  -19.620  40.350 0.0000000000
58580  -45.626  -18.769  42.452 0.0000000000
114309  -41.991  -14.485  34.709 0.0000000000
61246  -42.624  -15.127  35.261 0.0000000000
128761  -43.858  -14.219  36.134 0.0000000000
61239  -43.802  -15.167  36.461 0.0000000000
60410  -43.896  -15.941  37.024 0.0000000000
60401  -44.238  -15.973  37.771 0.0000000000
60389  -44.524  -16.080  38.641 0.0000000000
111408  -45.432  -15.390  39.783 0.0000000000
60390  -44.930  -15.923  39.321 0.0000000000
60366  -45.564  -15.957  40.455 0.0000000000
65485  -48.975  -10.877  29.023 0.0000000000
65504  -50.501  -10.472  28.426 0.0000000000
65519  -50.987  -10.122  27.755 0.0000000000
65531  -48.374  -10.125  26.113 0.0000000000
65545  -49.179  -9.955  25.956 0.0000000000
119908  -52.047  -9.730  28.006 0.0000000000
66425  -53.295  -8.784  27.233 0.0000000000
67234  -54.009  -8.167  27.247 0.0000000000
66458  -51.154  -9.648  23.559 0.0000000000
66459  -52.040  -9.288  23.890 0.0000000000
67253  -52.949  -8.735  24.550 0.0000000000
67246  -53.957  -7.935  25.903 0.0000000000
68876  -54.706  -6.651  22.261 0.0000000000
68089  -55.187  -6.791  22.074 0.0000000000
33051  -10.844  -46.948  62.889 0.0000000000
34623  -11.559  -45.725  63.777 0.0000000000
35396  -12.644  -44.654  61.478 0.0000000000
36157  -13.073  -44.101  59.093 0.0000000000
36918  -13.199  -43.191  61.139 0.0000000000
36926  -13.652  -42.745  59.917 0.0000000000
37797  -14.294  -41.297  59.335 0.0000000000
38640  -12.784  -40.932  64.675 0.0000000000
41342  -18.068  -37.822  61.341 0.0000000000
45040  -26.024  -35.082  58.588 0.0000000000
53024  -35.941  -25.790  42.614 0.0000000000
53089  -36.373  -24.930  36.952 0.0000000000
54767  -42.695  -22.085  42.241 0.0000000000
54787  -40.988  -22.398  39.880 0.0000000000
55678  -40.352  -22.081  36.818 0.0000000000
56599  -44.418  -20.136  42.288 0.0000000000
60375  -45.121  -16.258  39.867 0.0000000000
64640  -46.321  -11.124  33.864 0.0000000000
112401  -20.040  -37.797  56.932 0.0000000000
113901  -48.499  -8.906  34.936 0.0000000000
118401  -17.231  -38.331  60.077 0.0000000000
119774  -11.077  -46.644  62.566 0.0000000000
119803  -14.473  -41.219  58.335 0.0000000000
126104  -12.183  -42.840  65.918 0.0000000000
126731  -13.465  -43.540  57.994 0.0000000000
131260  -46.084  -10.405  24.269 0.0000000000
131468  -37.636  -24.327  37.200 0.0000000000
131475  -42.976  -16.929  36.603 0.0000000000
131486  -39.566  -20.469  34.520 0.0000000000
132349  -43.080  -21.328  41.428 0.0000000000
132598  -25.174  -35.404  54.953 0.0000000000
134183  -44.232  -21.593  44.168 0.0000000000
