#!ascii label  , from subject bert vox2ras=TkReg
1080
121248  -10.592  -38.504  58.759 0.0000000000
46939  -32.561  -31.527  47.232 0.0000000000
52993  -29.196  -24.341  46.555 0.0000000000
47805  -26.661  -28.659  51.206 0.0000000000
116288  -33.585  -13.580  34.618 0.0000000000
55663  -30.925  -20.997  37.231 0.0000000000
46869  -32.956  -29.869  53.495 0.0000000000
46042  -27.931  -32.094  48.756 0.0000000000
66353  -38.531  -9.557  36.154 0.0000000000
69681  -41.884  -5.050  33.033 0.0000000000
69691  -44.038  -5.078  31.048 0.0000000000
57602  -32.425  -19.603  45.224 0.0000000000
54774  -29.043  -22.067  41.017 0.0000000000
56594  -34.183  -19.180  41.011 0.0000000000
58619  -36.584  -17.474  38.631 0.0000000000
46012  -18.596  -30.640  51.423 0.0000000000
37755  -9.436  -41.409  62.101 0.0000000000
51179  -31.661  -27.848  48.466 0.0000000000
55570  -31.641  -21.420  49.892 0.0000000000
48745  -20.640  -28.806  46.832 0.0000000000
48771  -25.768  -28.962  44.448 0.0000000000
68861  -41.253  -6.543  25.438 0.0000000000
70521  -46.139  -4.580  27.862 0.0000000000
58645  -32.995  -18.381  36.165 0.0000000000
62917  -37.711  -13.437  37.290 0.0000000000
41427  -11.464  -37.204  54.830 0.0000000000
33832  -6.945  -46.073  58.944 0.0000000000
68012  -39.705  -7.048  34.652 0.0000000000
57643  -33.117  -18.571  42.939 0.0000000000
45119  -16.853  -33.134  49.247 0.0000000000
38675  -9.961  -39.540  60.466 0.0000000000
48763  -32.919  -29.425  46.015 0.0000000000
48741  -32.830  -29.890  48.028 0.0000000000
48727  -23.784  -27.417  48.411 0.0000000000
49581  -22.888  -28.360  45.337 0.0000000000
48739  -25.703  -28.345  46.806 0.0000000000
119471  -30.647  -32.808  47.896 0.0000000000
46961  -28.555  -31.453  45.402 0.0000000000
46100  -30.825  -32.100  44.635 0.0000000000
48671  -25.287  -27.768  53.432 0.0000000000
48699  -21.957  -27.478  50.595 0.0000000000
67218  -37.469  -7.803  30.521 0.0000000000
68051  -39.602  -7.033  26.764 0.0000000000
69706  -45.090  -5.083  29.570 0.0000000000
54794  -29.774  -21.753  38.805 0.0000000000
56647  -32.361  -19.940  36.545 0.0000000000
60399  -37.241  -15.884  37.912 0.0000000000
44131  -14.946  -33.084  53.089 0.0000000000
43149  -13.716  -33.762  54.129 0.0000000000
43115  -13.007  -33.761  55.982 0.0000000000
42275  -12.794  -36.131  52.831 0.0000000000
34662  -8.503  -45.806  57.740 0.0000000000
46034  -33.279  -31.902  49.820 0.0000000000
48717  -32.633  -29.383  49.994 0.0000000000
49537  -33.343  -28.132  53.087 0.0000000000
46867  -28.584  -29.637  53.158 0.0000000000
46914  -27.369  -30.583  49.498 0.0000000000
45988  -29.210  -30.773  52.089 0.0000000000
116571  -31.094  -33.113  51.635 0.0000000000
64628  -36.286  -11.173  35.383 0.0000000000
66371  -37.296  -9.119  34.269 0.0000000000
67199  -38.829  -7.424  32.727 0.0000000000
68028  -40.502  -6.513  31.399 0.0000000000
131080  -41.471  -5.887  30.117 0.0000000000
70491  -42.887  -4.795  32.310 0.0000000000
54736  -29.908  -21.556  46.147 0.0000000000
53873  -28.861  -23.167  44.399 0.0000000000
55616  -30.360  -20.418  43.876 0.0000000000
55631  -31.358  -19.801  41.230 0.0000000000
55650  -32.180  -19.471  39.038 0.0000000000
117528  -33.879  -18.873  38.021 0.0000000000
56620  -36.121  -18.399  39.847 0.0000000000
45081  -18.581  -31.354  53.333 0.0000000000
44158  -16.031  -32.951  51.537 0.0000000000
70547  -45.306  -4.481  24.828 0.0000000000
37754  -7.232  -42.290  62.320 0.0000000000
50376  -31.576  -28.214  45.965 0.0000000000
52116  -30.104  -25.982  47.536 0.0000000000
118781  -32.012  -26.984  50.056 0.0000000000
52970  -30.978  -24.945  49.637 0.0000000000
53831  -30.148  -23.213  48.407 0.0000000000
56510  -32.002  -20.290  47.641 0.0000000000
47871  -27.469  -29.779  46.336 0.0000000000
47795  -19.889  -28.508  52.487 0.0000000000
47823  -19.385  -29.666  49.582 0.0000000000
69710  -42.350  -5.389  28.752 0.0000000000
69726  -43.848  -4.679  26.930 0.0000000000
70540  -45.311  -4.525  25.947 0.0000000000
70543  -46.925  -4.257  26.109 0.0000000000
37868  -10.654  -40.854  54.892 0.0000000000
36955  -9.665  -41.936  56.743 0.0000000000
60413  -33.125  -16.227  35.493 0.0000000000
58629  -35.230  -17.579  37.305 0.0000000000
61236  -35.670  -15.553  36.744 0.0000000000
62923  -35.608  -12.963  36.064 0.0000000000
64603  -38.666  -11.458  36.591 0.0000000000
40516  -11.035  -37.793  57.045 0.0000000000
36156  -8.677  -42.990  58.605 0.0000000000
36143  -7.813  -42.757  59.153 0.0000000000
36142  -6.722  -42.933  59.463 0.0000000000
39606  -10.230  -39.103  59.294 0.0000000000
46948  -32.561  -31.602  46.314 0.0000000000
46949  -32.880  -30.893  46.750 0.0000000000
47842  -32.761  -30.029  48.338 0.0000000000
48701  -25.207  -27.559  50.217 0.0000000000
48728  -25.035  -27.872  48.193 0.0000000000
47825  -25.874  -28.271  48.852 0.0000000000
46058  -31.653  -32.530  47.902 0.0000000000
46070  -30.588  -32.409  46.415 0.0000000000
46072  -32.192  -32.126  46.786 0.0000000000
46963  -31.650  -32.043  45.117 0.0000000000
47788  -27.031  -28.668  53.036 0.0000000000
47776  -25.965  -27.641  54.349 0.0000000000
113855  -26.025  -28.039  51.660 0.0000000000
48689  -24.639  -27.392  50.835 0.0000000000
68049  -39.158  -7.064  27.361 0.0000000000
52127  -29.411  -25.452  46.228 0.0000000000
52135  -28.660  -25.338  44.960 0.0000000000
55655  -30.615  -20.479  38.006 0.0000000000
54811  -30.633  -21.951  36.871 0.0000000000
55677  -32.356  -19.852  37.013 0.0000000000
43178  -13.719  -34.117  52.421 0.0000000000
130391  -14.332  -33.431  53.730 0.0000000000
43163  -13.375  -34.583  52.958 0.0000000000
42253  -12.718  -34.913  54.085 0.0000000000
41447  -12.990  -36.362  51.872 0.0000000000
46893  -33.468  -30.873  52.229 0.0000000000
47806  -32.892  -29.841  51.556 0.0000000000
48680  -33.390  -28.727  53.303 0.0000000000
114126  -29.480  -29.760  54.398 0.0000000000
45974  -29.032  -30.053  52.790 0.0000000000
45962  -29.954  -31.207  54.476 0.0000000000
116796  -32.784  -30.368  54.061 0.0000000000
45086  -31.890  -32.536  53.328 0.0000000000
45990  -32.702  -32.331  52.522 0.0000000000
46002  -32.810  -32.416  51.447 0.0000000000
65435  -37.866  -10.903  36.089 0.0000000000
65444  -36.672  -10.541  35.218 0.0000000000
66360  -37.937  -9.379  35.281 0.0000000000
126732  -40.885  -6.013  33.541 0.0000000000
68014  -39.130  -7.469  33.603 0.0000000000
68018  -40.120  -6.689  32.366 0.0000000000
68027  -39.661  -6.812  31.735 0.0000000000
121315  -41.166  -6.287  32.026 0.0000000000
68831  -41.739  -5.993  31.572 0.0000000000
69682  -42.427  -4.881  32.639 0.0000000000
56536  -31.094  -20.290  45.256 0.0000000000
55610  -30.339  -20.607  44.853 0.0000000000
56563  -30.983  -19.909  44.403 0.0000000000
112423  -33.961  -19.015  41.988 0.0000000000
56592  -32.225  -19.315  41.720 0.0000000000
56593  -33.169  -19.216  41.310 0.0000000000
55641  -32.250  -19.526  39.918 0.0000000000
126450  -34.022  -19.492  40.114 0.0000000000
114028  -34.419  -19.100  39.026 0.0000000000
56608  -35.463  -18.699  40.385 0.0000000000
46876  -19.276  -30.286  52.898 0.0000000000
45973  -19.517  -30.400  54.082 0.0000000000
45997  -18.177  -31.215  51.819 0.0000000000
44175  -16.484  -32.847  50.659 0.0000000000
71458  -46.653  -3.801  24.960 0.0000000000
72360  -47.257  -3.202  24.671 0.0000000000
37739  -8.336  -41.519  62.952 0.0000000000
49577  -32.670  -28.959  46.487 0.0000000000
49587  -32.593  -29.028  45.605 0.0000000000
50368  -31.578  -28.277  46.962 0.0000000000
50367  -30.972  -27.735  46.681 0.0000000000
51178  -31.259  -27.283  48.503 0.0000000000
50338  -32.679  -27.519  51.880 0.0000000000
50351  -32.380  -28.206  50.062 0.0000000000
51165  -32.376  -27.165  51.385 0.0000000000
53808  -31.612  -23.169  50.941 0.0000000000
52955  -31.516  -24.253  50.885 0.0000000000
53816  -31.230  -23.483  50.422 0.0000000000
52969  -30.544  -24.123  49.060 0.0000000000
54708  -30.863  -22.060  49.075 0.0000000000
54715  -31.016  -21.387  48.324 0.0000000000
116834  -31.274  -21.305  49.114 0.0000000000
49593  -24.376  -28.448  44.959 0.0000000000
46915  -27.281  -31.376  49.558 0.0000000000
47861  -27.548  -29.739  47.797 0.0000000000
46937  -28.043  -30.768  47.576 0.0000000000
125417  -28.157  -31.196  44.635 0.0000000000
49524  -22.160  -27.498  53.413 0.0000000000
48725  -21.195  -27.977  49.230 0.0000000000
47824  -20.091  -28.777  49.650 0.0000000000
119998  -19.604  -29.587  48.215 0.0000000000
46935  -18.810  -30.870  47.572 0.0000000000
68836  -42.653  -5.653  30.837 0.0000000000
68850  -41.918  -5.661  29.581 0.0000000000
69704  -43.111  -5.512  29.872 0.0000000000
69714  -45.921  -4.850  28.908 0.0000000000
69712  -44.441  -4.856  28.466 0.0000000000
70526  -45.094  -4.572  27.001 0.0000000000
69733  -44.644  -4.591  26.299 0.0000000000
70533  -45.370  -4.535  26.387 0.0000000000
70542  -46.170  -4.414  25.972 0.0000000000
70536  -47.170  -4.399  26.749 0.0000000000
54764  -29.133  -22.179  42.580 0.0000000000
53023  -28.381  -24.049  42.794 0.0000000000
127487  -32.330  -17.543  34.440 0.0000000000
59514  -33.296  -17.023  35.915 0.0000000000
128654  -35.179  -18.104  38.495 0.0000000000
56650  -34.794  -18.194  38.035 0.0000000000
58630  -35.802  -17.616  37.780 0.0000000000
62078  -37.863  -13.995  37.795 0.0000000000
60406  -36.480  -16.264  37.337 0.0000000000
131583  -36.560  -14.672  37.119 0.0000000000
62094  -35.067  -14.781  36.371 0.0000000000
62916  -36.913  -13.736  37.033 0.0000000000
63752  -37.586  -11.858  36.244 0.0000000000
63742  -38.619  -11.962  36.662 0.0000000000
42239  -12.289  -35.339  55.423 0.0000000000
42227  -11.559  -36.183  56.547 0.0000000000
42218  -11.289  -36.936  57.219 0.0000000000
40525  -11.059  -37.797  56.048 0.0000000000
39646  -11.053  -38.585  55.373 0.0000000000
40537  -11.460  -38.176  54.609 0.0000000000
36954  -9.480  -42.769  56.365 0.0000000000
36936  -8.778  -42.338  58.095 0.0000000000
36162  -8.935  -43.282  57.875 0.0000000000
33833  -7.849  -46.018  59.202 0.0000000000
35410  -8.188  -44.494  58.569 0.0000000000
34640  -7.573  -44.498  59.006 0.0000000000
35394  -7.013  -42.966  59.587 0.0000000000
34646  -6.582  -44.694  59.002 0.0000000000
135032  -31.110  -29.886  55.053 0.0000000000
67997  -40.660  -7.878  37.384 0.0000000000
68007  -39.317  -7.910  35.739 0.0000000000
68009  -40.621  -7.004  36.706 0.0000000000
130625  -33.363  -18.927  44.154 0.0000000000
46027  -18.276  -31.279  49.830 0.0000000000
45121  -17.690  -31.809  50.160 0.0000000000
39585  -9.884  -39.058  61.998 0.0000000000
37770  -10.061  -41.102  60.831 0.0000000000
46979  -32.986  -31.169  44.723 0.0000000000
48751  -32.891  -29.470  46.800 0.0000000000
124705  -32.406  -28.846  48.262 0.0000000000
56487  -32.609  -19.945  49.868 0.0000000000
119259  -21.951  -28.174  47.616 0.0000000000
48746  -21.339  -28.562  46.296 0.0000000000
48747  -23.170  -27.881  47.196 0.0000000000
49575  -24.181  -28.038  46.368 0.0000000000
48760  -25.447  -28.527  45.914 0.0000000000
126410  -29.423  -32.803  48.637 0.0000000000
46055  -28.309  -31.722  47.668 0.0000000000
46069  -29.515  -32.270  46.662 0.0000000000
46962  -29.869  -32.077  44.787 0.0000000000
46977  -31.456  -31.789  43.888 0.0000000000
48670  -24.623  -27.885  53.789 0.0000000000
49536  -23.013  -27.402  52.864 0.0000000000
48688  -23.313  -27.235  51.176 0.0000000000
48714  -22.230  -27.382  49.629 0.0000000000
66405  -36.471  -8.753  30.486 0.0000000000
68860  -40.712  -6.351  26.183 0.0000000000
70494  -44.914  -4.002  31.586 0.0000000000
69695  -44.360  -5.214  30.368 0.0000000000
54793  -29.579  -22.082  39.399 0.0000000000
113499  -31.835  -20.707  35.662 0.0000000000
57707  -32.617  -19.153  36.043 0.0000000000
59466  -37.409  -16.778  39.225 0.0000000000
59485  -36.779  -17.183  38.030 0.0000000000
115997  -38.272  -15.420  39.158 0.0000000000
44132  -15.881  -32.521  53.588 0.0000000000
121048  -15.153  -32.818  54.032 0.0000000000
135314  -14.495  -32.983  56.009 0.0000000000
44086  -13.795  -33.469  55.587 0.0000000000
127739  -12.639  -34.801  54.779 0.0000000000
41428  -11.959  -36.515  54.265 0.0000000000
112057  -11.831  -38.478  53.744 0.0000000000
40544  -12.194  -37.585  52.702 0.0000000000
46047  -32.852  -31.852  48.855 0.0000000000
46926  -32.981  -30.457  48.910 0.0000000000
120007  -33.202  -30.527  50.092 0.0000000000
48702  -32.717  -28.912  51.026 0.0000000000
47798  -27.370  -29.085  52.208 0.0000000000
46890  -27.247  -29.290  50.707 0.0000000000
46891  -27.776  -29.690  51.033 0.0000000000
46000  -28.693  -30.488  51.090 0.0000000000
45106  -28.318  -31.816  51.437 0.0000000000
45977  -29.783  -32.093  54.510 0.0000000000
45094  -29.114  -32.824  52.073 0.0000000000
45123  -29.283  -33.094  50.427 0.0000000000
46031  -30.603  -33.113  49.270 0.0000000000
46033  -32.421  -32.498  49.531 0.0000000000
46854  -27.870  -28.594  54.490 0.0000000000
63762  -34.794  -12.101  35.151 0.0000000000
63772  -33.990  -11.821  33.990 0.0000000000
64627  -35.567  -11.167  34.857 0.0000000000
65452  -35.775  -10.062  33.885 0.0000000000
66381  -36.493  -8.841  32.873 0.0000000000
67189  -38.562  -8.159  34.426 0.0000000000
67198  -38.308  -7.898  33.258 0.0000000000
67197  -37.337  -8.232  32.657 0.0000000000
68025  -38.285  -7.421  31.678 0.0000000000
68032  -38.820  -7.061  30.973 0.0000000000
68042  -39.430  -6.521  29.748 0.0000000000
68848  -40.202  -6.151  29.639 0.0000000000
68834  -40.720  -6.378  30.869 0.0000000000
114843  -42.198  -5.797  31.210 0.0000000000
69685  -43.073  -5.169  31.721 0.0000000000
70485  -42.913  -3.980  33.373 0.0000000000
71412  -44.618  -3.498  32.189 0.0000000000
54735  -29.474  -22.323  45.859 0.0000000000
133150  -28.783  -23.581  45.175 0.0000000000
54746  -29.475  -21.937  44.794 0.0000000000
54757  -29.594  -21.849  43.851 0.0000000000
55621  -29.830  -20.795  42.337 0.0000000000
56578  -32.140  -19.027  42.819 0.0000000000
55630  -30.541  -20.229  41.751 0.0000000000
55629  -29.883  -20.692  41.259 0.0000000000
113370  -30.656  -20.588  40.009 0.0000000000
122467  -30.997  -19.850  38.767 0.0000000000
55656  -31.563  -19.625  38.178 0.0000000000
55665  -32.255  -19.652  37.607 0.0000000000
127515  -33.684  -19.193  38.547 0.0000000000
56628  -34.793  -18.680  38.997 0.0000000000
56638  -35.922  -17.876  39.160 0.0000000000
56622  -37.045  -18.209  39.904 0.0000000000
58611  -37.327  -17.560  39.623 0.0000000000
45070  -18.010  -31.639  53.549 0.0000000000
45092  -16.981  -32.268  51.199 0.0000000000
45079  -17.196  -32.200  52.226 0.0000000000
44133  -16.619  -32.423  53.143 0.0000000000
44157  -15.566  -33.218  51.592 0.0000000000
51184  -29.947  -26.340  46.644 0.0000000000
52115  -29.572  -25.212  47.063 0.0000000000
48729  -32.645  -29.744  48.458 0.0000000000
49556  -32.360  -28.507  49.140 0.0000000000
50356  -31.925  -28.005  48.862 0.0000000000
52089  -31.743  -26.215  50.390 0.0000000000
134864  -31.379  -26.718  49.094 0.0000000000
52107  -30.941  -26.315  48.784 0.0000000000
52977  -30.155  -24.421  48.391 0.0000000000
53840  -29.719  -23.434  47.664 0.0000000000
121830  -30.177  -22.274  47.626 0.0000000000
128275  -31.061  -20.746  47.027 0.0000000000
57583  -32.636  -19.840  46.359 0.0000000000
56500  -32.532  -19.705  48.893 0.0000000000
57564  -33.358  -19.084  47.360 0.0000000000
47841  -27.070  -29.221  48.115 0.0000000000
134678  -27.020  -29.165  47.361 0.0000000000
47881  -27.067  -29.615  45.392 0.0000000000
46960  -27.959  -30.918  45.485 0.0000000000
47893  -27.649  -30.564  44.646 0.0000000000
126894  -19.781  -29.230  53.523 0.0000000000
46889  -19.321  -29.506  52.244 0.0000000000
48698  -20.493  -28.122  51.113 0.0000000000
47811  -19.938  -28.839  50.603 0.0000000000
46912  -19.044  -30.074  50.148 0.0000000000
46923  -18.801  -30.812  48.507 0.0000000000
121038  -40.388  -5.969  28.798 0.0000000000
68854  -41.556  -5.513  28.205 0.0000000000
69717  -42.196  -5.235  27.900 0.0000000000
113770  -43.735  -5.182  29.267 0.0000000000
69718  -43.018  -4.859  27.615 0.0000000000
69731  -42.402  -5.208  26.009 0.0000000000
69732  -43.533  -4.861  25.930 0.0000000000
69736  -43.579  -5.214  24.881 0.0000000000
127827  -44.229  -4.914  24.770 0.0000000000
70541  -45.653  -4.481  25.784 0.0000000000
71453  -46.789  -4.070  25.603 0.0000000000
113791  -10.466  -39.207  56.894 0.0000000000
37810  -10.034  -39.878  58.314 0.0000000000
37838  -10.036  -41.374  56.333 0.0000000000
53013  -28.442  -24.660  43.418 0.0000000000
62102  -33.273  -14.463  34.819 0.0000000000
56648  -33.243  -19.279  37.368 0.0000000000
57696  -33.735  -18.819  37.246 0.0000000000
58646  -34.029  -18.110  36.701 0.0000000000
59503  -36.325  -17.222  37.654 0.0000000000
59501  -35.255  -17.089  36.985 0.0000000000
59515  -34.289  -17.245  36.514 0.0000000000
60414  -34.043  -16.265  36.192 0.0000000000
62093  -34.291  -14.372  35.792 0.0000000000
62931  -34.187  -13.499  35.442 0.0000000000
63750  -35.544  -12.182  35.614 0.0000000000
64617  -37.798  -11.338  36.184 0.0000000000
65425  -38.613  -11.094  36.621 0.0000000000
40496  -10.722  -37.765  59.055 0.0000000000
41381  -10.810  -37.313  58.644 0.0000000000
123002  -10.841  -38.067  57.815 0.0000000000
132138  -10.652  -39.133  55.999 0.0000000000
38753  -11.083  -39.971  54.591 0.0000000000
37809  -9.438  -40.768  58.387 0.0000000000
36931  -9.179  -40.990  59.293 0.0000000000
36917  -9.362  -41.638  60.596 0.0000000000
35417  -8.699  -43.899  58.256 0.0000000000
36151  -8.448  -42.670  58.927 0.0000000000
36137  -8.439  -42.170  59.923 0.0000000000
36131  -7.606  -42.236  61.131 0.0000000000
36914  -7.023  -42.945  61.366 0.0000000000
33831  -6.185  -46.235  59.019 0.0000000000
35409  -6.239  -44.385  58.910 0.0000000000
40495  -10.373  -38.267  59.480 0.0000000000
119841  -10.276  -39.272  58.793 0.0000000000
46940  -32.682  -30.617  47.960 0.0000000000
131845  -26.186  -28.068  50.137 0.0000000000
47812  -25.653  -27.887  49.554 0.0000000000
47813  -26.779  -28.643  50.408 0.0000000000
113147  -32.289  -32.146  47.543 0.0000000000
129729  -31.827  -32.408  47.184 0.0000000000
46089  -32.017  -32.087  46.014 0.0000000000
47797  -26.641  -28.490  52.136 0.0000000000
47804  -25.867  -27.931  50.909 0.0000000000
68046  -39.413  -6.478  28.593 0.0000000000
52126  -29.085  -25.671  45.540 0.0000000000
53002  -28.845  -24.583  45.638 0.0000000000
114815  -30.469  -21.450  37.526 0.0000000000
55675  -31.194  -21.529  36.381 0.0000000000
55664  -31.592  -20.434  36.959 0.0000000000
42277  -13.646  -34.885  51.789 0.0000000000
131196  -13.492  -34.726  52.418 0.0000000000
42276  -13.267  -35.384  52.384 0.0000000000
46882  -32.823  -30.374  52.757 0.0000000000
119285  -32.800  -29.820  52.271 0.0000000000
47799  -33.093  -29.424  52.960 0.0000000000
46842  -30.118  -30.092  55.130 0.0000000000
45947  -29.907  -30.404  54.654 0.0000000000
45948  -30.175  -30.607  54.664 0.0000000000
46868  -33.025  -30.302  53.730 0.0000000000
45979  -33.049  -30.749  53.517 0.0000000000
46881  -33.198  -30.729  52.878 0.0000000000
46003  -33.440  -31.607  51.902 0.0000000000
46825  -30.272  -29.646  55.596 0.0000000000
65437  -38.530  -10.483  36.535 0.0000000000
65446  -37.903  -10.255  35.761 0.0000000000
69679  -41.420  -5.368  33.952 0.0000000000
68823  -40.744  -6.254  32.773 0.0000000000
117547  -41.638  -5.719  32.476 0.0000000000
128826  -42.181  -5.323  32.389 0.0000000000
56537  -31.783  -20.062  45.478 0.0000000000
56551  -31.780  -19.761  44.800 0.0000000000
112531  -34.760  -18.609  41.988 0.0000000000
56606  -33.214  -19.414  40.408 0.0000000000
56607  -34.746  -19.109  40.271 0.0000000000
46888  -18.997  -30.134  51.892 0.0000000000
45998  -18.780  -30.786  52.377 0.0000000000
71459  -47.345  -3.614  25.207 0.0000000000
132518  -47.660  -3.304  24.979 0.0000000000
38666  -9.685  -40.537  62.340 0.0000000000
37740  -9.142  -41.202  62.857 0.0000000000
36900  -8.888  -41.871  62.304 0.0000000000
50369  -32.195  -28.671  47.130 0.0000000000
50360  -31.617  -28.116  47.845 0.0000000000
52081  -32.390  -26.395  51.694 0.0000000000
54700  -31.503  -22.336  50.347 0.0000000000
118211  -30.970  -22.745  49.807 0.0000000000
131009  -31.224  -21.944  49.679 0.0000000000
47869  -20.044  -29.619  46.508 0.0000000000
127652  -27.383  -31.951  49.506 0.0000000000
46925  -27.378  -31.419  49.026 0.0000000000
46054  -27.856  -31.228  48.356 0.0000000000
48735  -20.934  -28.585  47.721 0.0000000000
47858  -20.338  -28.847  48.377 0.0000000000
47857  -20.104  -29.245  47.521 0.0000000000
47856  -19.370  -30.102  47.237 0.0000000000
68862  -41.853  -5.871  25.259 0.0000000000
68837  -43.243  -5.481  30.836 0.0000000000
68846  -43.037  -5.559  30.444 0.0000000000
130926  -43.745  -5.314  30.791 0.0000000000
69721  -45.088  -4.645  27.569 0.0000000000
70520  -45.658  -4.587  27.412 0.0000000000
70527  -45.574  -4.548  26.787 0.0000000000
113484  -46.244  -4.529  26.895 0.0000000000
70528  -46.961  -4.509  27.541 0.0000000000
126745  -28.919  -22.297  41.877 0.0000000000
53894  -28.571  -22.966  41.363 0.0000000000
58644  -32.424  -18.775  35.213 0.0000000000
57718  -32.218  -19.220  34.274 0.0000000000
114728  -32.670  -17.825  35.366 0.0000000000
57686  -35.699  -17.848  38.668 0.0000000000
57698  -35.515  -17.830  38.085 0.0000000000
57699  -36.054  -17.670  38.319 0.0000000000
115770  -37.245  -14.396  37.482 0.0000000000
62925  -37.414  -12.733  36.606 0.0000000000
112116  -38.304  -12.663  36.888 0.0000000000
41419  -11.813  -36.287  55.151 0.0000000000
42228  -12.040  -35.571  56.095 0.0000000000
41407  -11.771  -36.246  55.909 0.0000000000
41406  -11.418  -37.054  56.426 0.0000000000
41418  -11.463  -37.079  55.668 0.0000000000
40533  -11.257  -37.813  55.326 0.0000000000
36166  -9.202  -43.475  56.956 0.0000000000
34648  -8.009  -45.079  59.287 0.0000000000
34647  -7.411  -45.258  59.195 0.0000000000
34639  -7.088  -44.606  59.078 0.0000000000
117150  -6.750  -45.334  59.006 0.0000000000
57620  -34.224  -18.791  44.277 0.0000000000
46026  -17.975  -32.079  49.202 0.0000000000
39586  -10.016  -38.439  61.630 0.0000000000
39592  -9.917  -39.267  61.203 0.0000000000
38674  -10.092  -40.140  60.970 0.0000000000
38680  -10.024  -40.385  60.272 0.0000000000
118261  -32.816  -30.009  47.355 0.0000000000
47872  -33.069  -30.257  46.109 0.0000000000
48740  -32.816  -29.545  47.512 0.0000000000
49567  -32.643  -29.053  47.390 0.0000000000
49561  -32.674  -29.484  47.919 0.0000000000
48736  -22.769  -27.730  48.009 0.0000000000
48738  -25.353  -28.114  47.439 0.0000000000
48748  -24.484  -27.942  46.969 0.0000000000
48749  -25.112  -28.242  46.411 0.0000000000
48750  -26.000  -28.601  46.304 0.0000000000
122657  -29.709  -32.744  47.979 0.0000000000
46056  -29.137  -32.369  47.412 0.0000000000
46057  -30.104  -32.640  47.236 0.0000000000
46087  -30.685  -32.227  45.470 0.0000000000
46976  -30.388  -31.924  43.822 0.0000000000
46978  -32.322  -31.514  44.416 0.0000000000
48662  -25.294  -28.031  54.150 0.0000000000
48653  -25.900  -27.543  55.028 0.0000000000
48661  -24.803  -28.618  54.554 0.0000000000
111938  -24.361  -27.502  52.828 0.0000000000
48715  -23.604  -27.179  49.215 0.0000000000
48700  -23.682  -27.244  50.168 0.0000000000
48726  -22.440  -27.476  48.775 0.0000000000
121369  -37.032  -8.226  30.727 0.0000000000
54795  -29.936  -21.309  39.785 0.0000000000
55676  -31.771  -20.672  36.358 0.0000000000
56662  -32.260  -19.924  35.861 0.0000000000
56663  -32.914  -19.330  36.717 0.0000000000
60386  -38.400  -15.929  39.731 0.0000000000
120427  -37.779  -16.087  39.248 0.0000000000
119741  -38.886  -13.637  38.083 0.0000000000
44117  -14.499  -33.243  54.514 0.0000000000
43131  -13.752  -33.619  54.875 0.0000000000
42265  -12.517  -35.854  53.739 0.0000000000
42252  -12.354  -35.611  54.602 0.0000000000
41438  -12.168  -36.869  53.273 0.0000000000
46916  -33.375  -31.107  49.315 0.0000000000
46906  -33.722  -31.119  50.168 0.0000000000
114204  -33.347  -28.509  52.939 0.0000000000
119588  -32.815  -29.195  51.528 0.0000000000
120298  -32.947  -28.518  52.161 0.0000000000
46866  -27.880  -29.365  52.677 0.0000000000
46879  -27.895  -29.496  51.828 0.0000000000
125519  -29.241  -30.395  52.575 0.0000000000
45987  -28.871  -30.308  51.919 0.0000000000
46001  -29.026  -30.867  51.299 0.0000000000
46014  -28.370  -31.079  50.721 0.0000000000
45082  -28.927  -31.407  51.853 0.0000000000
45951  -31.713  -29.859  54.826 0.0000000000
45950  -31.002  -30.598  54.564 0.0000000000
45096  -31.514  -32.965  52.447 0.0000000000
45085  -30.632  -32.944  53.086 0.0000000000
45095  -30.277  -33.079  52.284 0.0000000000
45107  -28.600  -32.627  51.320 0.0000000000
45108  -29.649  -33.122  51.042 0.0000000000
45124  -30.166  -33.128  50.100 0.0000000000
45109  -30.809  -33.155  50.741 0.0000000000
46019  -33.447  -31.831  50.846 0.0000000000
46018  -32.685  -32.478  50.449 0.0000000000
46855  -28.725  -29.385  54.032 0.0000000000
114559  -27.833  -29.094  53.583 0.0000000000
63763  -35.526  -11.640  35.194 0.0000000000
64626  -34.811  -11.508  34.588 0.0000000000
65454  -36.950  -9.868  34.816 0.0000000000
65453  -36.381  -10.101  34.558 0.0000000000
66370  -36.572  -9.411  33.903 0.0000000000
66369  -35.946  -9.431  33.249 0.0000000000
67183  -38.717  -8.544  35.449 0.0000000000
123072  -39.113  -7.728  34.550 0.0000000000
67195  -38.696  -7.701  33.426 0.0000000000
129527  -38.393  -7.640  32.715 0.0000000000
122250  -37.871  -8.057  33.046 0.0000000000
67206  -38.046  -7.697  32.398 0.0000000000
67205  -37.479  -7.917  31.940 0.0000000000
67207  -38.813  -7.266  32.142 0.0000000000
68026  -39.091  -7.015  31.589 0.0000000000
68033  -39.782  -6.687  31.133 0.0000000000
128094  -39.413  -6.703  30.529 0.0000000000
68842  -40.096  -6.410  30.428 0.0000000000
69684  -42.564  -5.273  32.095 0.0000000000
68832  -42.435  -5.572  31.633 0.0000000000
69689  -42.858  -5.502  31.267 0.0000000000
71411  -43.785  -3.942  32.405 0.0000000000
54747  -29.831  -21.353  45.296 0.0000000000
55609  -29.872  -21.203  44.337 0.0000000000
55615  -29.906  -21.050  43.388 0.0000000000
54765  -29.552  -21.697  42.954 0.0000000000
57634  -32.778  -18.820  43.628 0.0000000000
56591  -31.298  -19.723  42.248 0.0000000000
55640  -30.619  -20.321  40.783 0.0000000000
54786  -30.130  -20.816  40.441 0.0000000000
127508  -31.372  -19.921  40.359 0.0000000000
55649  -31.216  -19.918  39.549 0.0000000000
55657  -32.802  -19.390  38.367 0.0000000000
56627  -33.528  -19.411  39.001 0.0000000000
56619  -35.043  -18.652  39.370 0.0000000000
126695  -35.471  -18.366  39.427 0.0000000000
56637  -35.364  -18.172  38.969 0.0000000000
113312  -35.999  -18.156  39.478 0.0000000000
57670  -37.512  -18.528  40.099 0.0000000000
112754  -37.587  -18.153  39.812 0.0000000000
57677  -37.099  -17.912  39.736 0.0000000000
58612  -38.047  -17.370  39.798 0.0000000000
125496  -19.150  -30.944  53.718 0.0000000000
45071  -18.665  -31.337  53.993 0.0000000000
45120  -17.359  -32.603  49.434 0.0000000000
45105  -17.531  -31.664  51.128 0.0000000000
116517  -17.229  -32.219  50.415 0.0000000000
44174  -16.111  -33.242  50.724 0.0000000000
44159  -16.510  -32.642  51.472 0.0000000000
44147  -16.633  -32.518  52.316 0.0000000000
44146  -15.983  -32.822  52.280 0.0000000000
37753  -6.814  -41.886  62.611 0.0000000000
51185  -30.512  -26.948  47.185 0.0000000000
47827  -32.837  -30.211  49.583 0.0000000000
47843  -32.867  -30.290  48.735 0.0000000000
114117  -32.704  -29.783  49.130 0.0000000000
50343  -32.211  -27.488  50.551 0.0000000000
50350  -32.123  -27.742  49.702 0.0000000000
52962  -31.223  -24.606  50.303 0.0000000000
52963  -31.560  -25.291  50.709 0.0000000000
52088  -31.398  -25.637  50.007 0.0000000000
52098  -31.609  -26.580  49.591 0.0000000000
51172  -31.221  -25.945  49.362 0.0000000000
53851  -29.831  -22.318  46.842 0.0000000000
55585  -31.339  -20.767  47.626 0.0000000000
55584  -30.752  -21.435  47.612 0.0000000000
56524  -31.894  -20.298  46.803 0.0000000000
57514  -33.424  -19.403  50.246 0.0000000000
57531  -33.319  -19.182  49.328 0.0000000000
57584  -33.350  -19.222  46.395 0.0000000000
49573  -22.159  -28.381  45.857 0.0000000000
48758  -21.478  -28.885  45.379 0.0000000000
48759  -22.155  -28.627  45.054 0.0000000000
46904  -27.322  -29.441  49.884 0.0000000000
46913  -27.380  -29.677  49.088 0.0000000000
46936  -27.812  -30.039  47.309 0.0000000000
113992  -27.247  -29.429  46.961 0.0000000000
47870  -26.760  -29.175  46.242 0.0000000000
46085  -28.878  -31.787  46.168 0.0000000000
46938  -28.404  -31.212  46.837 0.0000000000
111907  -28.352  -31.134  46.096 0.0000000000
117340  -20.245  -28.533  53.446 0.0000000000
48687  -21.508  -27.488  51.799 0.0000000000
47810  -19.422  -29.491  50.334 0.0000000000
46911  -18.875  -30.604  49.474 0.0000000000
47837  -19.278  -30.043  48.845 0.0000000000
68843  -40.855  -6.123  30.269 0.0000000000
68849  -41.024  -5.829  29.618 0.0000000000
134090  -42.510  -5.504  29.348 0.0000000000
116541  -41.318  -5.636  28.884 0.0000000000
68858  -41.228  -5.628  27.224 0.0000000000
132763  -45.052  -5.028  30.305 0.0000000000
69705  -44.393  -5.121  29.405 0.0000000000
69719  -43.866  -4.740  27.717 0.0000000000
69711  -43.798  -4.907  28.464 0.0000000000
69725  -42.984  -4.807  26.724 0.0000000000
69737  -44.449  -4.698  25.542 0.0000000000
70546  -44.989  -4.606  25.300 0.0000000000
70535  -46.424  -4.437  26.367 0.0000000000
70544  -47.724  -4.058  26.285 0.0000000000
38725  -10.491  -39.956  56.420 0.0000000000
37839  -10.111  -40.658  56.757 0.0000000000
37853  -10.417  -40.726  55.937 0.0000000000
116017  -28.623  -24.349  44.495 0.0000000000
115783  -28.649  -23.628  43.561 0.0000000000
59513  -32.640  -16.954  35.008 0.0000000000
124189  -32.544  -16.213  34.613 0.0000000000
130909  -32.382  -15.632  34.075 0.0000000000
61251  -32.917  -15.353  35.041 0.0000000000
56635  -33.324  -19.247  37.962 0.0000000000
133062  -32.860  -19.476  37.463 0.0000000000
115790  -35.055  -17.906  37.695 0.0000000000
57697  -34.413  -18.350  37.532 0.0000000000
130205  -34.104  -18.460  37.098 0.0000000000
57709  -34.655  -18.070  37.195 0.0000000000
59486  -37.220  -16.487  38.394 0.0000000000
60407  -36.762  -16.558  37.634 0.0000000000
131388  -36.158  -16.007  37.100 0.0000000000
131412  -36.083  -16.722  37.263 0.0000000000
60405  -35.544  -16.342  36.819 0.0000000000
59500  -34.858  -16.589  36.586 0.0000000000
61245  -34.938  -15.835  36.466 0.0000000000
62095  -35.692  -13.930  36.446 0.0000000000
113946  -34.885  -13.680  36.014 0.0000000000
62922  -34.796  -12.791  35.607 0.0000000000
64602  -38.288  -11.600  36.372 0.0000000000
64618  -38.327  -11.263  36.399 0.0000000000
42209  -11.056  -36.564  58.062 0.0000000000
41394  -10.947  -37.533  57.904 0.0000000000
127788  -10.599  -38.748  56.621 0.0000000000
39639  -10.746  -38.382  56.376 0.0000000000
38754  -11.605  -39.194  54.361 0.0000000000
39645  -11.049  -39.332  55.155 0.0000000000
119500  -9.753  -40.638  57.536 0.0000000000
36946  -9.204  -41.482  57.581 0.0000000000
36937  -8.824  -41.536  58.530 0.0000000000
126721  -8.611  -41.873  59.159 0.0000000000
36925  -8.846  -41.534  59.959 0.0000000000
35421  -8.781  -45.050  57.124 0.0000000000
35416  -8.558  -44.800  58.041 0.0000000000
112717  -7.838  -44.100  58.563 0.0000000000
35411  -8.312  -43.497  58.458 0.0000000000
35403  -8.172  -43.128  58.677 0.0000000000
36915  -8.228  -41.987  60.533 0.0000000000
36136  -7.716  -42.403  60.022 0.0000000000
36135  -7.120  -42.738  60.585 0.0000000000
36134  -7.020  -42.713  60.551 0.0000000000
128242  -6.833  -42.716  61.450 0.0000000000
33830  -5.751  -46.530  58.619 0.0000000000
125171  -6.214  -45.256  58.929 0.0000000000
38681  -10.006  -39.754  59.786 0.0000000000
46965  -33.035  -31.123  45.708 0.0000000000
132970  -24.644  -27.418  49.622 0.0000000000
48716  -24.806  -27.559  48.950 0.0000000000
47840  -26.127  -28.512  48.092 0.0000000000
114197  -31.091  -32.628  47.193 0.0000000000
46071  -31.555  -32.353  46.572 0.0000000000
46088  -31.330  -32.244  45.926 0.0000000000
46964  -32.446  -31.591  45.401 0.0000000000
47777  -26.962  -28.163  53.967 0.0000000000
121171  -26.291  -27.835  53.642 0.0000000000
47787  -26.116  -27.895  53.094 0.0000000000
47796  -25.634  -27.767  52.463 0.0000000000
48679  -24.809  -27.428  51.713 0.0000000000
115876  -37.381  -7.918  29.584 0.0000000000
68852  -39.853  -6.387  27.753 0.0000000000
51191  -29.681  -26.462  45.701 0.0000000000
54802  -30.131  -21.524  38.102 0.0000000000
54801  -30.188  -22.280  37.335 0.0000000000
43179  -14.474  -33.576  52.192 0.0000000000
134910  -14.135  -33.558  52.982 0.0000000000
43164  -13.658  -33.911  53.359 0.0000000000
43148  -13.192  -34.342  53.710 0.0000000000
42266  -12.962  -35.154  53.284 0.0000000000
41446  -12.556  -37.003  52.374 0.0000000000
41454  -12.871  -37.308  51.515 0.0000000000
116794  -33.954  -31.022  51.343 0.0000000000
46907  -33.445  -30.410  50.902 0.0000000000
46894  -33.170  -30.413  51.837 0.0000000000
48690  -33.067  -29.075  52.360 0.0000000000
46856  -29.327  -29.963  53.669 0.0000000000
45975  -29.458  -30.443  53.267 0.0000000000
45976  -29.667  -31.065  53.741 0.0000000000
45978  -32.050  -32.102  54.443 0.0000000000
115630  -32.546  -30.978  54.159 0.0000000000
114691  -32.948  -31.776  53.685 0.0000000000
45110  -31.907  -32.907  51.009 0.0000000000
46841  -29.730  -29.710  55.023 0.0000000000
64629  -37.176  -10.988  35.829 0.0000000000
65445  -37.370  -10.415  35.542 0.0000000000
66359  -37.519  -9.638  35.081 0.0000000000
68818  -40.562  -6.174  34.645 0.0000000000
131653  -39.542  -7.157  33.818 0.0000000000
68821  -40.173  -6.571  33.650 0.0000000000
68015  -39.799  -6.831  33.075 0.0000000000
68017  -39.295  -7.149  32.821 0.0000000000
68020  -39.470  -6.935  32.230 0.0000000000
68021  -40.331  -6.622  31.845 0.0000000000
68830  -41.058  -6.357  31.579 0.0000000000
68826  -42.014  -5.707  31.989 0.0000000000
55601  -30.403  -20.848  45.775 0.0000000000
57644  -33.890  -18.712  42.733 0.0000000000
56579  -33.082  -18.873  42.191 0.0000000000
56605  -32.267  -19.469  40.779 0.0000000000
56617  -33.275  -19.460  39.616 0.0000000000
56618  -34.242  -19.371  39.555 0.0000000000
129238  -34.956  -18.897  39.683 0.0000000000
128792  -35.574  -18.553  39.820 0.0000000000
119162  -19.805  -29.871  54.436 0.0000000000
45972  -19.411  -30.434  53.562 0.0000000000
45986  -19.048  -30.938  53.111 0.0000000000
45985  -18.395  -31.322  52.667 0.0000000000
44189  -16.807  -32.726  50.101 0.0000000000
44173  -15.623  -33.558  50.843 0.0000000000
71457  -45.811  -4.111  24.393 0.0000000000
71464  -46.374  -3.425  24.120 0.0000000000
36899  -7.963  -41.883  61.989 0.0000000000
125852  -32.962  -29.718  45.202 0.0000000000
49576  -32.237  -28.636  46.214 0.0000000000
51186  -31.022  -27.624  47.629 0.0000000000
51177  -30.631  -26.713  48.075 0.0000000000
49551  -32.515  -28.557  50.473 0.0000000000
50344  -32.353  -27.858  50.992 0.0000000000
51164  -32.054  -26.740  50.902 0.0000000000
53824  -30.846  -23.827  49.801 0.0000000000
53823  -30.566  -23.010  49.108 0.0000000000
54714  -30.531  -22.206  48.338 0.0000000000
55578  -31.553  -20.747  48.363 0.0000000000
57549  -34.165  -18.509  48.682 0.0000000000
49592  -23.486  -28.493  44.719 0.0000000000
46013  -27.756  -30.872  50.100 0.0000000000
46924  -27.681  -30.097  48.603 0.0000000000
116399  -27.335  -30.879  49.135 0.0000000000
111971  -27.742  -30.602  48.390 0.0000000000
114025  -28.917  -31.671  44.611 0.0000000000
49523  -20.998  -27.747  53.441 0.0000000000
48713  -20.904  -28.062  50.077 0.0000000000
47839  -20.469  -28.498  48.961 0.0000000000
47838  -19.738  -29.126  48.964 0.0000000000
122436  -19.094  -30.246  48.093 0.0000000000
68844  -42.006  -5.778  30.239 0.0000000000
68845  -42.557  -5.655  30.347 0.0000000000
69703  -42.548  -5.590  29.781 0.0000000000
118543  -43.068  -5.352  29.137 0.0000000000
69713  -45.231  -4.820  28.424 0.0000000000
69720  -44.507  -4.685  27.693 0.0000000000
69727  -44.639  -4.601  26.988 0.0000000000
130233  -45.732  -4.508  26.047 0.0000000000
70534  -45.891  -4.509  26.297 0.0000000000
126365  -10.423  -41.737  54.703 0.0000000000
54756  -29.109  -22.528  43.494 0.0000000000
53883  -28.655  -23.054  42.529 0.0000000000
53893  -28.256  -24.097  41.799 0.0000000000
58660  -32.234  -18.333  34.258 0.0000000000
56636  -34.600  -18.493  38.409 0.0000000000
56649  -34.105  -18.643  37.804 0.0000000000
61230  -37.644  -14.941  37.957 0.0000000000
61238  -36.804  -15.558  37.441 0.0000000000
61237  -36.222  -15.345  37.055 0.0000000000
62086  -35.926  -14.761  36.760 0.0000000000
134180  -36.311  -14.098  36.762 0.0000000000
62924  -36.402  -13.260  36.513 0.0000000000
63751  -36.526  -12.243  36.087 0.0000000000
63741  -38.139  -12.117  36.467 0.0000000000
43114  -12.440  -34.728  55.951 0.0000000000
113912  -12.008  -35.228  56.800 0.0000000000
42219  -11.356  -36.047  57.264 0.0000000000
36945  -9.177  -42.522  57.271 0.0000000000
34655  -8.258  -45.528  58.773 0.0000000000
35402  -7.606  -43.498  58.751 0.0000000000
35395  -7.306  -42.936  59.386 0.0000000000
35401  -7.131  -43.747  58.986 0.0000000000
35400  -6.674  -43.838  59.072 0.0000000000
45938  -30.943  -29.670  55.453 0.0000000000
46844  -32.878  -29.531  54.984 0.0000000000
67175  -39.510  -8.549  36.641 0.0000000000
67174  -38.994  -9.006  36.356 0.0000000000
68008  -39.947  -7.778  36.650 0.0000000000
114714  -40.043  -6.939  35.755 0.0000000000
70479  -41.732  -4.871  34.657 0.0000000000
70483  -41.916  -4.586  33.913 0.0000000000
123004  -33.377  -19.134  44.934 0.0000000000
57619  -32.571  -19.219  44.443 0.0000000000
57635  -33.862  -18.696  43.509 0.0000000000
56565  -34.661  -18.560  43.223 0.0000000000
124314  -34.477  -18.626  42.622 0.0000000000
113553  -35.137  -18.694  41.158 0.0000000000
46901  -18.639  -30.616  50.427 0.0000000000
46011  -18.084  -31.140  50.816 0.0000000000
38667  -9.987  -39.886  61.726 0.0000000000
37756  -10.030  -40.861  61.600 0.0000000000
47883  -33.190  -30.671  44.980 0.0000000000
50361  -32.044  -28.488  47.987 0.0000000000
55571  -32.181  -20.817  50.252 0.0000000000
121858  -21.316  -28.378  47.084 0.0000000000
49566  -22.162  -28.208  46.790 0.0000000000
49574  -23.168  -28.105  46.337 0.0000000000
48737  -24.071  -27.708  47.637 0.0000000000
132562  -23.752  -27.993  46.807 0.0000000000
49582  -23.815  -28.205  45.605 0.0000000000
49583  -24.708  -28.271  45.778 0.0000000000
49584  -25.254  -28.577  45.176 0.0000000000
119367  -28.728  -32.655  49.134 0.0000000000
46043  -28.844  -32.439  48.215 0.0000000000
46068  -28.740  -31.942  46.911 0.0000000000
46086  -29.766  -32.196  45.818 0.0000000000
119046  -29.175  -31.951  45.351 0.0000000000
46975  -29.410  -31.689  43.743 0.0000000000
49525  -23.508  -27.606  53.468 0.0000000000
48678  -23.154  -27.274  52.150 0.0000000000
112031  -21.404  -28.143  48.413 0.0000000000
66399  -36.290  -8.920  31.249 0.0000000000
70499  -44.403  -4.671  31.311 0.0000000000
69692  -44.724  -4.918  30.864 0.0000000000
70522  -47.553  -4.519  28.253 0.0000000000
54784  -29.469  -22.091  40.137 0.0000000000
53901  -28.899  -22.892  40.382 0.0000000000
58610  -37.064  -17.296  39.203 0.0000000000
59465  -36.984  -17.092  38.672 0.0000000000
125255  -37.682  -15.599  38.484 0.0000000000
61218  -38.204  -14.829  38.561 0.0000000000
62079  -38.322  -14.127  38.127 0.0000000000
131318  -38.499  -13.340  37.563 0.0000000000
63731  -38.861  -12.457  37.177 0.0000000000
44102  -15.369  -32.512  54.872 0.0000000000
114077  -13.092  -34.186  54.461 0.0000000000
43130  -12.906  -34.194  55.243 0.0000000000
41437  -11.659  -37.496  53.963 0.0000000000
115176  -12.050  -38.421  52.738 0.0000000000
33065  -7.255  -46.857  58.479 0.0000000000
46059  -32.621  -31.468  48.119 0.0000000000
134344  -32.846  -30.978  48.669 0.0000000000
46917  -33.258  -30.774  49.384 0.0000000000
47814  -32.858  -29.834  50.638 0.0000000000
49544  -32.602  -28.191  51.519 0.0000000000
48681  -33.435  -28.231  53.734 0.0000000000
46878  -27.261  -29.162  51.499 0.0000000000
46905  -27.764  -29.940  50.158 0.0000000000
46880  -28.465  -29.803  52.282 0.0000000000
46892  -28.361  -29.972  51.431 0.0000000000
45999  -28.225  -30.303  50.639 0.0000000000
46028  -27.484  -31.835  50.271 0.0000000000
46029  -27.920  -32.355  49.868 0.0000000000
45949  -30.550  -30.310  54.857 0.0000000000
45963  -30.314  -31.227  54.644 0.0000000000
45072  -29.109  -31.901  53.494 0.0000000000
134375  -30.432  -32.442  54.236 0.0000000000
45073  -29.973  -32.543  53.701 0.0000000000
45083  -29.134  -31.397  52.440 0.0000000000
46016  -28.580  -32.764  50.252 0.0000000000
46044  -30.167  -33.030  48.569 0.0000000000
46017  -31.748  -32.956  50.145 0.0000000000
46032  -31.531  -32.978  49.319 0.0000000000
46045  -31.133  -32.907  48.563 0.0000000000
46046  -32.075  -32.556  48.699 0.0000000000
114023  -32.337  -32.156  48.210 0.0000000000
47766  -28.203  -28.438  55.084 0.0000000000
63761  -34.093  -12.710  35.006 0.0000000000
120590  -33.659  -12.675  34.081 0.0000000000
135468  -34.223  -12.138  34.634 0.0000000000
65443  -35.963  -10.629  34.746 0.0000000000
64636  -35.229  -10.774  34.244 0.0000000000
65451  -34.929  -10.390  33.353 0.0000000000
67188  -38.114  -8.675  34.731 0.0000000000
66372  -37.771  -8.857  34.539 0.0000000000
67194  -38.211  -8.272  33.990 0.0000000000
66383  -37.784  -8.440  33.752 0.0000000000
66382  -37.219  -8.634  33.444 0.0000000000
67204  -36.754  -8.449  32.049 0.0000000000
67209  -36.912  -8.332  31.290 0.0000000000
67210  -37.534  -7.793  31.260 0.0000000000
68031  -38.042  -7.421  31.027 0.0000000000
68040  -38.103  -7.395  30.285 0.0000000000
68041  -38.777  -6.986  30.005 0.0000000000
113911  -41.448  -6.080  30.601 0.0000000000
119915  -41.419  -6.206  31.148 0.0000000000
68835  -42.046  -5.865  30.754 0.0000000000
69690  -43.450  -5.259  31.225 0.0000000000
70498  -43.719  -4.893  31.496 0.0000000000
70487  -42.241  -4.542  33.266 0.0000000000
70488  -42.628  -4.414  32.976 0.0000000000
70489  -43.157  -4.275  32.666 0.0000000000
70492  -43.426  -4.618  32.003 0.0000000000
70493  -44.096  -4.342  31.770 0.0000000000
53003  -29.070  -23.417  45.903 0.0000000000
53862  -29.063  -22.718  45.109 0.0000000000
53874  -29.258  -22.409  44.315 0.0000000000
54775  -29.371  -21.508  41.819 0.0000000000
56564  -31.811  -19.277  43.935 0.0000000000
56577  -31.088  -19.680  43.344 0.0000000000
55622  -30.470  -20.286  42.821 0.0000000000
54785  -29.638  -21.362  40.705 0.0000000000
55648  -30.296  -20.662  39.018 0.0000000000
131730  -31.284  -20.120  37.544 0.0000000000
112041  -34.129  -18.906  38.476 0.0000000000
57687  -36.205  -17.655  38.963 0.0000000000
56609  -36.247  -18.541  40.450 0.0000000000
112694  -37.147  -18.487  40.296 0.0000000000
133400  -36.635  -18.417  40.205 0.0000000000
56621  -36.587  -18.263  39.864 0.0000000000
56629  -36.490  -17.942  39.528 0.0000000000
57688  -36.732  -17.628  39.329 0.0000000000
128288  -37.594  -17.139  39.564 0.0000000000
59467  -38.101  -16.633  39.863 0.0000000000
45093  -17.660  -31.718  52.074 0.0000000000
45080  -17.857  -31.696  52.868 0.0000000000
45069  -17.334  -32.080  53.010 0.0000000000
124252  -15.752  -32.780  52.865 0.0000000000
44145  -15.276  -33.177  52.194 0.0000000000
43192  -14.956  -33.737  51.169 0.0000000000
117925  -47.886  -2.898  24.847 0.0000000000
72366  -46.769  -2.632  23.909 0.0000000000
51192  -30.489  -27.167  46.336 0.0000000000
133543  -30.111  -26.858  46.092 0.0000000000
49557  -32.595  -29.038  49.373 0.0000000000
129538  -32.572  -29.189  48.560 0.0000000000
134567  -31.799  -27.284  49.428 0.0000000000
51173  -31.579  -27.270  48.998 0.0000000000
52106  -30.372  -25.616  48.281 0.0000000000
52097  -30.707  -25.259  48.946 0.0000000000
52985  -29.792  -24.832  47.776 0.0000000000
52984  -29.451  -24.196  47.242 0.0000000000
53850  -29.414  -23.289  46.727 0.0000000000
54725  -30.428  -21.310  46.780 0.0000000000
55594  -31.250  -20.473  46.157 0.0000000000
120306  -32.198  -20.016  45.949 0.0000000000
56486  -31.885  -20.574  49.280 0.0000000000
56499  -32.042  -20.210  48.389 0.0000000000
57548  -33.326  -19.065  48.338 0.0000000000
56511  -32.601  -19.665  47.934 0.0000000000
57563  -32.650  -19.797  47.035 0.0000000000
126805  -32.938  -19.489  45.738 0.0000000000
47826  -26.705  -28.632  49.514 0.0000000000
131181  -26.743  -28.840  48.716 0.0000000000
47859  -26.390  -28.660  47.360 0.0000000000
47860  -26.565  -28.844  46.764 0.0000000000
48761  -26.191  -28.856  45.484 0.0000000000
48772  -26.540  -29.331  44.647 0.0000000000
46947  -27.980  -30.514  46.478 0.0000000000
47882  -27.648  -30.242  45.548 0.0000000000
134885  -27.436  -30.089  44.980 0.0000000000
47892  -27.065  -29.967  44.267 0.0000000000
47786  -20.088  -29.402  54.178 0.0000000000
46877  -19.502  -29.630  53.183 0.0000000000
48677  -21.849  -27.401  52.704 0.0000000000
48676  -20.752  -27.802  52.762 0.0000000000
121301  -19.682  -28.894  51.501 0.0000000000
46903  -19.342  -29.521  51.235 0.0000000000
46902  -18.963  -30.056  50.921 0.0000000000
46041  -18.449  -31.473  48.910 0.0000000000
68853  -40.725  -5.879  27.999 0.0000000000
69730  -41.499  -5.654  26.158 0.0000000000
69694  -43.661  -5.413  30.176 0.0000000000
133287  -42.746  -5.151  28.214 0.0000000000
69724  -42.171  -5.088  26.965 0.0000000000
69735  -42.696  -5.455  25.081 0.0000000000
68867  -42.978  -5.918  24.263 0.0000000000
69740  -44.505  -4.851  24.308 0.0000000000
70548  -46.081  -4.281  25.368 0.0000000000
71454  -47.498  -3.869  25.694 0.0000000000
71460  -47.989  -3.343  25.254 0.0000000000
39632  -10.351  -39.123  57.728 0.0000000000
39619  -10.367  -39.008  58.367 0.0000000000
38709  -10.182  -39.909  57.281 0.0000000000
37852  -10.290  -41.554  55.487 0.0000000000
36966  -9.964  -42.181  55.929 0.0000000000
57708  -33.429  -18.754  36.718 0.0000000000
58631  -36.368  -17.506  38.018 0.0000000000
59502  -35.765  -17.268  37.420 0.0000000000
58647  -34.754  -17.673  36.931 0.0000000000
125428  -33.419  -17.713  36.225 0.0000000000
114169  -33.590  -15.595  35.712 0.0000000000
61244  -34.252  -15.291  36.069 0.0000000000
61243  -33.641  -14.845  35.524 0.0000000000
62092  -33.783  -14.136  35.263 0.0000000000
63764  -36.166  -11.714  35.627 0.0000000000
64616  -36.943  -11.499  35.940 0.0000000000
65436  -38.267  -10.809  36.331 0.0000000000
40507  -10.845  -37.991  58.416 0.0000000000
39620  -10.635  -38.448  58.107 0.0000000000
38739  -10.777  -39.991  55.529 0.0000000000
39663  -11.978  -39.321  53.310 0.0000000000
38687  -10.056  -39.857  59.155 0.0000000000
37783  -9.793  -40.424  59.619 0.0000000000
37782  -9.603  -41.038  60.108 0.0000000000
37769  -9.556  -41.614  61.335 0.0000000000
35422  -8.974  -44.168  57.560 0.0000000000
36924  -8.513  -42.120  59.656 0.0000000000
118255  -8.783  -41.936  60.334 0.0000000000
36908  -9.165  -42.054  61.755 0.0000000000
36907  -8.384  -41.904  61.285 0.0000000000
36906  -6.930  -42.678  62.014 0.0000000000
36905  -6.573  -42.168  61.741 0.0000000000
33064  -6.434  -47.103  58.764 0.0000000000
36144  -8.392  -42.498  59.185 0.0000000000
36916  -9.042  -42.226  60.967 0.0000000000
37823  -9.739  -41.204  56.967 0.0000000000
39633  -10.659  -38.478  57.268 0.0000000000
40543  -11.890  -37.772  53.256 0.0000000000
45074  -31.047  -32.632  53.931 0.0000000000
45084  -29.444  -32.679  52.868 0.0000000000
45125  -30.978  -33.178  49.891 0.0000000000
45937  -30.410  -29.960  55.193 0.0000000000
45939  -31.647  -29.518  55.720 0.0000000000
45961  -29.748  -30.562  54.016 0.0000000000
45989  -29.486  -30.826  52.874 0.0000000000
45991  -33.149  -31.158  52.771 0.0000000000
46015  -27.901  -32.295  50.872 0.0000000000
46030  -29.570  -33.045  49.411 0.0000000000
48768  -22.658  -28.732  44.523 0.0000000000
63771  -33.614  -12.253  33.424 0.0000000000
66340  -38.875  -9.954  36.850 0.0000000000
66352  -38.234  -9.987  35.947 0.0000000000
66361  -38.263  -8.996  35.396 0.0000000000
68824  -41.350  -5.635  33.062 0.0000000000
115026  -33.024  -30.548  53.290 0.0000000000
119301  -43.184  -5.072  28.356 0.0000000000
120135  -29.913  -29.683  55.453 0.0000000000
121016  -9.755  -40.396  59.000 0.0000000000
125469  -30.164  -33.153  51.556 0.0000000000
130796  -32.104  -32.838  51.811 0.0000000000
133187  -8.601  -42.246  58.692 0.0000000000
133480  -19.517  -30.113  53.499 0.0000000000
133995  -29.652  -30.195  54.201 0.0000000000
134345  -33.030  -29.937  53.850 0.0000000000
