#!ascii label  , from subject bert vox2ras=TkReg
1332
90048  -48.713  22.174  17.800 0.0000000000
99531  -42.311  40.032  12.717 0.0000000000
96178  -42.376  34.083  23.550 0.0000000000
95711  -44.476  32.622  14.658 0.0000000000
94624  -40.705  30.704  7.853 0.0000000000
96853  -46.370  34.800  10.220 0.0000000000
92540  -44.171  25.290  8.328 0.0000000000
94576  -40.334  30.033  13.898 0.0000000000
88188  -47.895  18.217  26.163 0.0000000000
89464  -44.894  20.460  22.284 0.0000000000
101102  -37.440  42.908  15.092 0.0000000000
99038  -37.838  38.482  10.454 0.0000000000
98024  -42.961  36.616  4.307 0.0000000000
93400  -46.770  28.889  23.550 0.0000000000
98986  -42.801  38.764  14.803 0.0000000000
97317  -47.279  35.812  18.835 0.0000000000
93434  -47.034  28.570  18.150 0.0000000000
92464  -43.837  27.120  17.936 0.0000000000
135287  -39.330  26.121  19.587 0.0000000000
90586  -49.159  22.936  14.887 0.0000000000
94070  -41.776  29.182  4.062 0.0000000000
93060  -43.694  27.057  6.689 0.0000000000
92576  -40.590  25.861  4.991 0.0000000000
93047  -39.553  27.341  7.469 0.0000000000
116366  -46.854  19.568  24.116 0.0000000000
89998  -43.547  21.545  24.639 0.0000000000
100516  -36.757  42.149  18.792 0.0000000000
98002  -40.535  36.862  7.277 0.0000000000
94502  -44.110  30.348  23.930 0.0000000000
96158  -45.916  34.420  25.337 0.0000000000
101600  -43.211  43.895  16.024 0.0000000000
100560  -46.330  42.288  13.195 0.0000000000
95728  -47.065  32.149  12.492 0.0000000000
97365  -47.226  34.882  13.977 0.0000000000
96242  -47.027  33.818  16.538 0.0000000000
95675  -47.076  32.500  19.418 0.0000000000
95121  -45.233  31.292  18.093 0.0000000000
93462  -46.217  28.062  16.856 0.0000000000
125118  -43.740  30.882  16.387 0.0000000000
93941  -39.847  29.729  17.599 0.0000000000
96840  -41.550  34.216  11.881 0.0000000000
98503  -44.419  37.528  11.558 0.0000000000
95755  -44.243  32.235  9.603 0.0000000000
113380  -46.565  29.663  9.004 0.0000000000
94008  -44.322  29.473  10.749 0.0000000000
94577  -42.441  29.889  13.379 0.0000000000
133997  -41.978  27.713  11.237 0.0000000000
94605  -38.198  29.906  10.878 0.0000000000
87579  -48.893  16.987  23.628 0.0000000000
88859  -47.794  18.643  21.319 0.0000000000
90036  -46.706  21.373  19.494 0.0000000000
101061  -40.957  42.756  21.745 0.0000000000
100534  -39.920  42.149  17.471 0.0000000000
100550  -39.706  42.238  14.019 0.0000000000
97932  -38.949  36.963  13.107 0.0000000000
96864  -39.532  34.064  9.163 0.0000000000
96325  -41.294  33.349  5.443 0.0000000000
95814  -42.218  32.139  2.302 0.0000000000
98046  -43.382  36.464  2.873 0.0000000000
91467  -42.841  24.551  22.546 0.0000000000
91484  -45.839  24.618  21.617 0.0000000000
120702  -47.672  25.525  20.673 0.0000000000
96796  -41.861  34.879  17.983 0.0000000000
98486  -46.386  37.837  12.362 0.0000000000
97338  -44.855  35.922  16.221 0.0000000000
96763  -45.105  34.651  20.804 0.0000000000
96191  -47.136  33.866  22.239 0.0000000000
116284  -47.502  28.998  21.303 0.0000000000
91990  -48.725  25.660  17.491 0.0000000000
92006  -47.916  25.721  15.259 0.0000000000
91531  -45.790  25.142  16.909 0.0000000000
91040  -43.658  23.730  19.169 0.0000000000
93957  -41.735  29.251  16.286 0.0000000000
132284  -41.914  27.168  19.158 0.0000000000
91037  -40.731  23.682  19.164 0.0000000000
89481  -48.173  20.165  18.054 0.0000000000
89503  -49.245  20.354  16.580 0.0000000000
130944  -49.325  22.060  16.635 0.0000000000
94083  -41.645  29.490  2.563 0.0000000000
93092  -41.938  27.025  3.757 0.0000000000
121802  -39.923  27.345  3.492 0.0000000000
92574  -38.562  26.484  5.223 0.0000000000
96716  -44.287  35.197  24.764 0.0000000000
101124  -42.593  42.871  13.231 0.0000000000
95719  -46.062  32.799  13.630 0.0000000000
130097  -47.052  33.214  14.163 0.0000000000
95705  -45.282  32.938  15.365 0.0000000000
95688  -45.529  32.580  17.433 0.0000000000
95698  -45.050  32.693  16.140 0.0000000000
95128  -44.321  31.520  16.786 0.0000000000
95696  -43.887  32.030  15.729 0.0000000000
95754  -40.958  31.967  9.883 0.0000000000
96288  -42.971  33.115  10.951 0.0000000000
94615  -41.956  30.651  9.172 0.0000000000
93075  -44.636  25.730  7.086 0.0000000000
94053  -45.789  28.169  7.854 0.0000000000
93050  -45.776  27.138  8.457 0.0000000000
94020  -46.054  29.073  9.646 0.0000000000
93026  -44.719  27.271  9.600 0.0000000000
93499  -43.367  27.983  10.827 0.0000000000
93036  -42.874  26.280  9.608 0.0000000000
93515  -38.794  28.493  8.748 0.0000000000
88846  -45.549  19.661  23.414 0.0000000000
88848  -46.986  18.893  22.565 0.0000000000
88868  -46.304  19.546  21.191 0.0000000000
88876  -46.963  19.483  20.004 0.0000000000
90030  -45.579  21.194  20.878 0.0000000000
101082  -37.028  42.412  16.951 0.0000000000
100525  -38.580  41.706  18.056 0.0000000000
100538  -38.131  42.317  16.252 0.0000000000
113245  -39.636  42.685  15.443 0.0000000000
101115  -38.345  42.445  14.632 0.0000000000
99530  -36.977  39.212  12.494 0.0000000000
99000  -37.748  38.729  13.616 0.0000000000
98502  -37.896  36.950  11.389 0.0000000000
97383  -38.649  35.703  11.262 0.0000000000
97983  -38.579  36.490  10.046 0.0000000000
98012  -41.483  36.230  5.870 0.0000000000
97427  -40.668  35.057  6.743 0.0000000000
96888  -41.706  34.684  5.255 0.0000000000
95794  -42.178  32.559  3.764 0.0000000000
96896  -42.879  34.577  3.382 0.0000000000
115117  -42.731  34.437  2.667 0.0000000000
97452  -43.319  36.052  3.584 0.0000000000
132872  -40.326  29.571  25.766 0.0000000000
92405  -39.683  26.792  24.881 0.0000000000
92410  -40.640  27.109  23.531 0.0000000000
124343  -41.343  25.066  23.162 0.0000000000
92931  -42.043  27.050  22.686 0.0000000000
93890  -45.783  30.039  24.077 0.0000000000
92934  -44.874  27.673  22.852 0.0000000000
92417  -46.316  27.069  22.537 0.0000000000
91485  -46.731  25.090  21.269 0.0000000000
92939  -47.301  27.135  22.081 0.0000000000
98456  -40.853  37.640  16.479 0.0000000000
97321  -40.155  36.069  17.863 0.0000000000
97896  -42.253  36.723  16.047 0.0000000000
97386  -45.692  35.988  10.486 0.0000000000
99030  -47.120  38.621  10.995 0.0000000000
132519  -46.851  37.064  11.102 0.0000000000
97354  -47.254  35.441  16.199 0.0000000000
97352  -45.843  35.710  15.642 0.0000000000
97327  -46.158  35.735  17.263 0.0000000000
96789  -44.540  35.071  18.391 0.0000000000
97293  -46.787  35.814  19.897 0.0000000000
118976  -46.744  35.277  21.781 0.0000000000
96766  -47.439  35.175  20.915 0.0000000000
94518  -46.649  30.580  19.637 0.0000000000
94515  -47.072  30.836  20.398 0.0000000000
93420  -47.633  28.085  19.830 0.0000000000
92952  -48.162  26.826  19.662 0.0000000000
92962  -48.339  26.790  18.127 0.0000000000
91999  -48.714  25.655  16.449 0.0000000000
92974  -47.981  27.101  17.278 0.0000000000
92984  -44.956  27.909  17.026 0.0000000000
91997  -46.081  25.916  16.520 0.0000000000
91988  -44.910  26.042  17.781 0.0000000000
91523  -45.070  24.318  18.133 0.0000000000
91979  -44.339  25.427  18.535 0.0000000000
93986  -41.720  29.254  13.918 0.0000000000
93971  -42.017  29.360  15.206 0.0000000000
93977  -41.135  29.440  15.096 0.0000000000
92949  -39.527  27.506  19.390 0.0000000000
93419  -41.042  27.961  19.038 0.0000000000
92436  -40.564  26.534  19.550 0.0000000000
91965  -41.300  25.328  19.666 0.0000000000
91964  -40.540  24.937  19.603 0.0000000000
91045  -39.573  22.825  18.426 0.0000000000
88240  -49.678  17.935  19.627 0.0000000000
90068  -47.900  22.588  13.565 0.0000000000
94644  -40.825  30.144  5.960 0.0000000000
94049  -41.601  29.175  7.154 0.0000000000
123221  -41.780  27.740  4.861 0.0000000000
93085  -42.685  26.394  5.198 0.0000000000
92046  -42.789  25.265  6.764 0.0000000000
93049  -41.904  26.259  7.947 0.0000000000
92550  -40.233  26.116  6.202 0.0000000000
88825  -47.982  19.145  25.104 0.0000000000
89432  -46.971  20.314  25.457 0.0000000000
89443  -44.189  20.649  23.447 0.0000000000
101599  -36.170  43.573  16.284 0.0000000000
98523  -39.235  37.519  8.705 0.0000000000
120220  -42.248  38.139  5.559 0.0000000000
119709  -43.129  38.117  4.788 0.0000000000
115199  -42.408  30.897  24.315 0.0000000000
95079  -45.249  32.712  25.318 0.0000000000
95088  -46.198  31.508  24.613 0.0000000000
100022  -44.191  41.031  14.443 0.0000000000
96280  -47.244  33.399  11.070 0.0000000000
97378  -46.882  35.035  12.267 0.0000000000
96824  -47.402  34.059  13.820 0.0000000000
96818  -47.594  34.928  15.617 0.0000000000
96808  -47.515  35.302  17.390 0.0000000000
96223  -47.577  34.385  19.476 0.0000000000
96226  -47.176  33.672  18.206 0.0000000000
95112  -45.881  31.279  18.672 0.0000000000
93928  -45.862  29.889  18.132 0.0000000000
93448  -46.795  28.219  17.239 0.0000000000
93946  -45.455  29.486  17.418 0.0000000000
93961  -45.013  29.120  17.032 0.0000000000
93459  -43.404  29.066  16.856 0.0000000000
94545  -39.664  30.134  16.270 0.0000000000
112318  -40.913  33.287  21.743 0.0000000000
114805  -41.925  36.558  12.872 0.0000000000
99017  -43.199  38.904  12.302 0.0000000000
97375  -42.894  35.381  11.949 0.0000000000
96850  -44.534  34.298  10.666 0.0000000000
134732  -45.491  33.306  9.588 0.0000000000
94627  -43.777  30.106  8.471 0.0000000000
95199  -45.413  30.934  8.500 0.0000000000
95758  -46.596  32.679  9.624 0.0000000000
94600  -47.184  30.944  10.654 0.0000000000
95163  -46.437  31.250  11.332 0.0000000000
95154  -44.627  31.593  12.203 0.0000000000
95147  -42.992  31.722  13.789 0.0000000000
94586  -43.253  30.465  12.089 0.0000000000
93491  -42.094  28.496  12.386 0.0000000000
123367  -40.914  29.223  12.367 0.0000000000
128649  -41.109  28.074  9.508 0.0000000000
116125  -40.151  29.438  10.841 0.0000000000
122803  -48.318  18.471  23.910 0.0000000000
88206  -48.484  18.400  22.698 0.0000000000
88229  -49.638  17.663  20.573 0.0000000000
88239  -48.687  18.407  19.991 0.0000000000
89477  -47.632  20.231  18.664 0.0000000000
123248  -47.740  22.349  18.849 0.0000000000
101062  -42.394  43.057  21.633 0.0000000000
100520  -40.875  42.486  19.648 0.0000000000
101076  -42.255  43.085  19.537 0.0000000000
101094  -41.281  42.817  16.371 0.0000000000
101118  -41.152  43.204  14.037 0.0000000000
100027  -40.404  40.929  13.718 0.0000000000
134483  -36.884  41.400  14.472 0.0000000000
120140  -37.900  40.123  14.259 0.0000000000
129890  -39.053  39.306  13.985 0.0000000000
121204  -39.973  38.091  13.595 0.0000000000
97950  -40.118  35.965  12.923 0.0000000000
96285  -39.789  33.708  10.379 0.0000000000
95766  -39.874  32.692  8.301 0.0000000000
125379  -39.882  35.294  8.153 0.0000000000
96312  -40.214  33.561  7.123 0.0000000000
95212  -40.339  31.643  6.745 0.0000000000
95219  -41.509  30.836  4.387 0.0000000000
94657  -42.422  30.356  2.750 0.0000000000
95803  -41.127  32.228  2.475 0.0000000000
97466  -41.599  34.835  2.527 0.0000000000
98570  -44.061  38.087  3.724 0.0000000000
90521  -42.739  23.001  22.997 0.0000000000
123966  -43.514  22.822  22.483 0.0000000000
93405  -43.222  28.155  22.835 0.0000000000
91468  -43.979  24.534  22.235 0.0000000000
90532  -45.620  22.965  21.311 0.0000000000
90533  -46.461  23.580  20.787 0.0000000000
90541  -47.325  23.525  19.810 0.0000000000
91042  -48.124  24.250  19.345 0.0000000000
96213  -41.541  33.540  20.197 0.0000000000
99018  -45.422  39.515  11.429 0.0000000000
99522  -46.437  40.348  12.291 0.0000000000
98988  -44.315  38.546  13.907 0.0000000000
97937  -46.060  36.763  13.094 0.0000000000
97921  -44.796  36.695  14.507 0.0000000000
97908  -43.595  36.714  15.402 0.0000000000
97324  -43.091  35.340  17.096 0.0000000000
96777  -43.289  34.144  19.467 0.0000000000
96202  -43.452  33.847  21.925 0.0000000000
96741  -45.313  34.902  22.886 0.0000000000
123644  -46.805  33.925  23.154 0.0000000000
95091  -47.044  31.011  23.482 0.0000000000
123705  -47.463  33.224  20.702 0.0000000000
123545  -47.467  30.728  21.759 0.0000000000
93909  -47.307  28.414  22.841 0.0000000000
118646  -47.696  26.977  21.239 0.0000000000
91969  -48.315  25.757  19.640 0.0000000000
114732  -48.858  24.421  17.738 0.0000000000
91059  -49.145  24.320  16.099 0.0000000000
91543  -48.320  24.320  14.285 0.0000000000
91062  -47.461  23.742  14.331 0.0000000000
112676  -46.820  27.094  16.297 0.0000000000
91537  -46.904  25.364  15.137 0.0000000000
91054  -46.354  23.694  16.130 0.0000000000
90572  -45.448  22.667  17.689 0.0000000000
90571  -44.621  22.085  18.141 0.0000000000
95133  -42.798  30.801  15.275 0.0000000000
93958  -42.313  29.301  16.399 0.0000000000
93445  -42.675  28.652  17.236 0.0000000000
93942  -40.733  29.524  17.252 0.0000000000
116241  -41.629  28.366  18.299 0.0000000000
92451  -43.077  27.454  18.185 0.0000000000
91967  -42.887  25.426  19.387 0.0000000000
91039  -42.698  23.482  19.329 0.0000000000
126335  -48.627  21.048  17.673 0.0000000000
89492  -49.039  20.511  17.185 0.0000000000
90058  -49.141  21.621  17.258 0.0000000000
90064  -49.297  21.257  16.438 0.0000000000
90574  -49.186  22.576  17.160 0.0000000000
94077  -40.791  28.829  2.625 0.0000000000
93563  -40.282  27.958  2.975 0.0000000000
120083  -39.785  28.543  3.144 0.0000000000
96715  -43.401  35.159  24.780 0.0000000000
96179  -43.243  34.279  23.374 0.0000000000
100029  -42.203  41.394  12.831 0.0000000000
101130  -43.481  42.694  12.933 0.0000000000
100042  -42.825  40.659  12.520 0.0000000000
124424  -45.035  32.672  13.917 0.0000000000
95712  -45.617  33.011  14.538 0.0000000000
95704  -44.422  32.488  15.541 0.0000000000
95697  -44.325  32.170  16.234 0.0000000000
95710  -43.746  32.177  15.102 0.0000000000
95182  -40.649  31.689  9.178 0.0000000000
95183  -41.438  31.356  9.488 0.0000000000
94625  -41.502  30.251  8.429 0.0000000000
92042  -44.458  25.126  7.676 0.0000000000
93063  -45.552  26.808  7.995 0.0000000000
92541  -44.833  25.672  8.238 0.0000000000
93039  -45.669  27.366  9.055 0.0000000000
92529  -44.388  25.959  9.009 0.0000000000
92519  -43.519  26.323  9.662 0.0000000000
92528  -43.508  25.721  9.014 0.0000000000
88190  -48.201  18.349  25.387 0.0000000000
89456  -45.469  19.748  22.534 0.0000000000
88857  -46.204  19.347  22.074 0.0000000000
89465  -45.514  20.164  21.524 0.0000000000
89470  -45.983  20.342  20.638 0.0000000000
90023  -45.037  21.137  21.593 0.0000000000
101092  -37.364  42.734  16.036 0.0000000000
101093  -37.928  42.656  15.446 0.0000000000
112471  -38.640  42.640  15.446 0.0000000000
101114  -37.631  42.633  14.788 0.0000000000
120256  -37.591  39.029  10.796 0.0000000000
99543  -37.202  39.204  11.529 0.0000000000
99037  -37.533  38.413  11.297 0.0000000000
99027  -37.384  38.463  12.211 0.0000000000
98513  -37.770  37.694  10.910 0.0000000000
97974  -38.301  36.349  10.924 0.0000000000
98514  -38.175  37.079  10.458 0.0000000000
98023  -42.287  36.390  5.132 0.0000000000
97440  -42.039  35.566  5.237 0.0000000000
96889  -42.537  34.991  4.314 0.0000000000
121376  -43.027  35.305  3.569 0.0000000000
97467  -43.203  35.103  3.079 0.0000000000
95067  -41.057  30.908  26.402 0.0000000000
94494  -40.841  30.269  24.983 0.0000000000
93388  -40.084  28.633  24.824 0.0000000000
93896  -40.653  28.891  24.000 0.0000000000
92928  -41.339  27.488  23.115 0.0000000000
93901  -46.150  29.239  23.736 0.0000000000
92929  -46.178  28.209  23.230 0.0000000000
92936  -46.551  27.712  22.873 0.0000000000
126368  -46.822  27.242  22.489 0.0000000000
92937  -46.978  27.685  22.729 0.0000000000
99506  -42.540  39.503  15.222 0.0000000000
98977  -42.025  38.662  15.461 0.0000000000
97895  -41.366  36.699  16.503 0.0000000000
98463  -41.766  37.622  15.837 0.0000000000
97395  -46.181  35.402  10.219 0.0000000000
97387  -46.357  36.201  10.427 0.0000000000
97388  -46.483  35.647  10.638 0.0000000000
97341  -47.232  35.728  17.085 0.0000000000
97340  -46.899  35.854  16.762 0.0000000000
97316  -47.094  36.017  18.486 0.0000000000
97303  -46.612  35.760  18.999 0.0000000000
97304  -47.101  35.978  19.378 0.0000000000
131246  -47.080  35.925  20.062 0.0000000000
97305  -47.263  35.779  19.683 0.0000000000
93930  -47.245  28.836  19.093 0.0000000000
93917  -47.330  29.142  19.945 0.0000000000
92961  -47.963  27.334  19.297 0.0000000000
115750  -47.988  27.294  18.331 0.0000000000
93449  -47.503  27.790  17.736 0.0000000000
92972  -44.281  27.620  17.352 0.0000000000
92973  -45.050  27.289  17.052 0.0000000000
92465  -44.627  26.832  17.552 0.0000000000
92453  -44.165  26.368  18.278 0.0000000000
93985  -41.174  29.456  14.147 0.0000000000
93978  -41.658  29.351  14.708 0.0000000000
94566  -40.418  29.865  14.753 0.0000000000
127667  -39.787  26.713  19.520 0.0000000000
92950  -40.416  27.373  19.389 0.0000000000
122133  -39.933  25.958  19.617 0.0000000000
121949  -40.610  25.721  19.644 0.0000000000
128453  -40.027  25.304  19.597 0.0000000000
91511  -39.781  24.584  19.437 0.0000000000
91963  -39.319  25.334  19.604 0.0000000000
88249  -49.621  18.185  18.762 0.0000000000
90074  -48.439  21.997  13.512 0.0000000000
90590  -48.454  22.919  13.912 0.0000000000
94064  -41.278  29.281  5.448 0.0000000000
133167  -41.553  28.520  5.365 0.0000000000
94065  -41.649  28.432  4.502 0.0000000000
92583  -41.649  25.997  4.071 0.0000000000
93093  -42.254  26.379  4.437 0.0000000000
92070  -42.190  25.568  5.051 0.0000000000
92068  -42.544  25.400  5.724 0.0000000000
92054  -41.406  25.543  5.489 0.0000000000
92565  -41.539  25.569  6.271 0.0000000000
92564  -40.418  25.867  5.643 0.0000000000
130764  -38.506  26.322  5.926 0.0000000000
89991  -46.337  21.454  26.825 0.0000000000
89444  -44.843  20.134  23.908 0.0000000000
89434  -44.147  20.781  24.321 0.0000000000
101593  -36.280  43.105  16.989 0.0000000000
124585  -41.384  38.045  6.287 0.0000000000
99583  -42.064  39.775  6.004 0.0000000000
100096  -41.851  40.469  6.316 0.0000000000
96704  -45.396  34.710  25.972 0.0000000000
96157  -45.225  34.203  26.137 0.0000000000
95648  -45.556  33.458  25.635 0.0000000000
95655  -45.990  32.533  25.194 0.0000000000
95656  -46.348  33.192  24.724 0.0000000000
101096  -43.725  44.112  16.939 0.0000000000
100023  -45.606  41.477  13.821 0.0000000000
95729  -47.348  32.323  12.094 0.0000000000
96271  -47.470  33.108  11.950 0.0000000000
115110  -47.385  32.899  12.689 0.0000000000
96249  -47.065  33.721  15.693 0.0000000000
96258  -47.373  34.152  15.240 0.0000000000
96250  -47.464  34.449  16.045 0.0000000000
96813  -47.518  35.161  16.504 0.0000000000
96243  -47.435  34.541  16.911 0.0000000000
96236  -47.482  34.541  17.770 0.0000000000
96235  -47.046  33.784  17.385 0.0000000000
125885  -45.735  32.129  18.260 0.0000000000
134298  -45.633  30.659  18.344 0.0000000000
94523  -45.195  30.392  17.747 0.0000000000
94547  -44.134  30.559  16.752 0.0000000000
93960  -44.112  29.635  16.871 0.0000000000
93460  -44.422  28.672  17.004 0.0000000000
93959  -43.142  29.963  16.556 0.0000000000
126792  -41.363  35.392  12.535 0.0000000000
97374  -42.158  35.847  12.532 0.0000000000
96832  -41.932  34.985  12.217 0.0000000000
95743  -43.603  32.665  10.305 0.0000000000
96278  -43.411  33.941  11.222 0.0000000000
96289  -44.047  33.439  10.576 0.0000000000
117414  -45.077  33.765  10.078 0.0000000000
95744  -44.661  33.008  9.875 0.0000000000
93532  -42.231  28.430  6.692 0.0000000000
94038  -43.188  29.398  8.086 0.0000000000
94051  -43.772  28.658  7.629 0.0000000000
128190  -46.121  28.779  8.169 0.0000000000
94040  -45.579  29.193  8.017 0.0000000000
95200  -46.115  30.865  8.513 0.0000000000
95757  -46.111  32.337  9.094 0.0000000000
95188  -46.860  31.181  9.504 0.0000000000
95759  -47.150  31.759  9.925 0.0000000000
94617  -46.832  30.503  9.673 0.0000000000
94606  -45.449  29.739  10.374 0.0000000000
94607  -46.405  30.072  10.133 0.0000000000
94599  -45.851  30.626  10.738 0.0000000000
95162  -45.274  31.163  11.442 0.0000000000
94587  -44.215  30.825  11.737 0.0000000000
114778  -43.737  31.145  12.367 0.0000000000
94597  -43.747  30.009  11.420 0.0000000000
93016  -42.767  27.483  10.866 0.0000000000
118412  -42.522  28.206  11.517 0.0000000000
135253  -42.147  28.124  11.809 0.0000000000
93490  -41.766  28.635  12.673 0.0000000000
93048  -40.888  27.118  7.741 0.0000000000
129285  -41.774  26.792  8.765 0.0000000000
93524  -40.193  27.835  8.114 0.0000000000
94015  -38.373  29.604  10.212 0.0000000000
94029  -39.584  28.981  9.481 0.0000000000
117222  -47.548  19.670  24.939 0.0000000000
88829  -47.974  19.062  24.442 0.0000000000
88835  -47.857  19.038  23.882 0.0000000000
88215  -47.797  18.665  22.183 0.0000000000
88195  -47.764  18.785  22.892 0.0000000000
88216  -48.708  18.248  21.902 0.0000000000
88228  -48.761  18.264  20.979 0.0000000000
88870  -47.754  18.800  20.403 0.0000000000
89471  -46.423  20.361  19.909 0.0000000000
89476  -47.012  20.248  19.270 0.0000000000
90037  -47.360  21.377  18.918 0.0000000000
128724  -40.984  42.896  22.543 0.0000000000
101042  -42.460  42.844  23.500 0.0000000000
101052  -42.384  42.974  22.714 0.0000000000
101053  -43.362  42.835  22.201 0.0000000000
130261  -36.325  42.334  19.759 0.0000000000
100517  -37.460  41.867  19.467 0.0000000000
100526  -39.497  41.959  18.237 0.0000000000
119694  -38.985  41.928  18.871 0.0000000000
100527  -40.746  42.365  18.545 0.0000000000
112021  -42.093  42.975  18.517 0.0000000000
101084  -41.042  42.529  17.495 0.0000000000
101116  -39.754  42.673  14.350 0.0000000000
101117  -40.485  42.992  14.341 0.0000000000
100551  -40.620  42.720  13.847 0.0000000000
100558  -40.485  41.907  13.580 0.0000000000
100026  -39.681  41.313  13.977 0.0000000000
100018  -37.338  40.797  14.360 0.0000000000
99507  -37.201  39.918  13.972 0.0000000000
98482  -37.948  38.114  13.329 0.0000000000
99001  -38.316  38.665  13.807 0.0000000000
99002  -39.203  38.343  13.722 0.0000000000
115359  -40.056  39.051  13.674 0.0000000000
98484  -39.447  37.501  13.442 0.0000000000
97934  -40.529  36.575  13.199 0.0000000000
97949  -39.278  36.187  12.714 0.0000000000
97393  -38.951  35.141  10.487 0.0000000000
96849  -39.468  34.412  10.880 0.0000000000
96297  -39.732  33.566  9.582 0.0000000000
95752  -39.942  32.852  9.180 0.0000000000
96304  -39.703  33.470  8.793 0.0000000000
98538  -39.792  37.305  8.197 0.0000000000
97993  -39.584  36.683  8.522 0.0000000000
97419  -40.272  36.089  7.656 0.0000000000
96887  -41.169  34.078  5.827 0.0000000000
96879  -40.651  34.242  6.623 0.0000000000
96319  -40.721  33.470  6.299 0.0000000000
95780  -40.305  32.637  6.743 0.0000000000
126760  -40.832  32.795  5.895 0.0000000000
118486  -41.201  31.588  5.076 0.0000000000
95788  -41.393  32.472  4.958 0.0000000000
95795  -42.567  32.719  3.085 0.0000000000
95804  -42.453  31.756  3.134 0.0000000000
94664  -42.189  31.354  2.236 0.0000000000
94669  -41.853  30.236  2.331 0.0000000000
125365  -42.054  31.658  2.083 0.0000000000
95812  -41.791  32.455  2.140 0.0000000000
97474  -43.124  35.543  2.795 0.0000000000
96908  -42.356  34.340  2.337 0.0000000000
97473  -42.456  35.290  2.412 0.0000000000
97472  -41.612  35.695  2.530 0.0000000000
98045  -42.818  36.221  2.497 0.0000000000
99091  -43.800  38.093  4.166 0.0000000000
90988  -41.644  23.657  24.853 0.0000000000
91466  -41.909  24.671  22.845 0.0000000000
90992  -42.161  23.383  23.446 0.0000000000
91004  -42.366  23.837  22.881 0.0000000000
90510  -43.219  22.049  23.200 0.0000000000
91005  -43.184  23.671  22.537 0.0000000000
94501  -43.080  30.324  23.759 0.0000000000
93898  -42.749  29.537  23.395 0.0000000000
93397  -43.536  28.895  23.152 0.0000000000
91931  -45.524  25.939  22.186 0.0000000000
91930  -44.508  25.573  22.277 0.0000000000
91470  -45.171  25.056  22.020 0.0000000000
91469  -44.850  24.080  21.949 0.0000000000
91021  -45.455  23.745  21.585 0.0000000000
91022  -46.234  24.094  21.229 0.0000000000
91486  -47.324  25.680  21.187 0.0000000000
91030  -47.246  24.279  20.333 0.0000000000
91501  -47.656  24.914  20.309 0.0000000000
91041  -47.682  24.237  19.870 0.0000000000
91517  -47.983  24.788  19.866 0.0000000000
96795  -41.063  35.035  18.122 0.0000000000
96220  -40.625  33.736  19.807 0.0000000000
116504  -43.789  38.220  11.888 0.0000000000
128510  -44.300  38.991  11.686 0.0000000000
99028  -45.223  38.535  11.258 0.0000000000
99019  -47.010  38.764  11.498 0.0000000000
124868  -46.878  39.596  12.159 0.0000000000
99007  -46.330  38.816  12.443 0.0000000000
99005  -44.777  39.524  13.677 0.0000000000
99006  -45.221  38.741  13.284 0.0000000000
132930  -46.777  35.287  12.948 0.0000000000
97938  -46.428  36.068  12.833 0.0000000000
97359  -46.643  35.520  13.932 0.0000000000
97351  -45.240  35.918  15.853 0.0000000000
97910  -45.293  36.025  15.134 0.0000000000
97909  -44.512  36.313  15.445 0.0000000000
97920  -44.036  37.070  14.734 0.0000000000
97898  -44.009  36.187  16.005 0.0000000000
97897  -43.061  36.334  15.909 0.0000000000
97325  -44.048  35.457  17.049 0.0000000000
117226  -45.059  34.761  19.871 0.0000000000
96778  -44.208  34.577  19.256 0.0000000000
111981  -44.028  34.225  20.258 0.0000000000
96215  -43.319  33.730  20.972 0.0000000000
96762  -44.203  34.254  21.338 0.0000000000
96750  -44.289  34.418  22.300 0.0000000000
96751  -45.185  34.726  21.806 0.0000000000
96744  -47.177  35.013  21.814 0.0000000000
96743  -46.750  35.033  22.405 0.0000000000
95098  -46.955  32.092  23.427 0.0000000000
95663  -47.050  32.927  22.940 0.0000000000
95679  -47.405  33.481  18.999 0.0000000000
95676  -47.458  33.324  19.843 0.0000000000
95107  -47.298  32.149  20.295 0.0000000000
94516  -47.333  29.689  20.705 0.0000000000
132543  -47.382  30.489  21.074 0.0000000000
94513  -47.462  29.766  21.543 0.0000000000
94511  -47.479  29.857  22.419 0.0000000000
117459  -47.486  28.858  22.136 0.0000000000
126765  -47.550  27.464  21.647 0.0000000000
130863  -47.774  27.162  20.916 0.0000000000
126851  -48.459  26.120  19.088 0.0000000000
92426  -48.208  26.332  19.925 0.0000000000
91981  -48.569  25.673  18.633 0.0000000000
91050  -48.513  24.331  18.552 0.0000000000
91524  -48.722  25.056  18.114 0.0000000000
117439  -49.071  24.143  17.095 0.0000000000
122212  -48.960  24.956  16.936 0.0000000000
92007  -48.419  25.718  15.674 0.0000000000
91533  -48.838  25.067  15.621 0.0000000000
116250  -48.301  25.323  14.960 0.0000000000
126171  -47.926  24.247  14.189 0.0000000000
125454  -47.283  24.569  14.685 0.0000000000
92986  -46.840  27.591  16.685 0.0000000000
91532  -46.351  25.261  15.966 0.0000000000
124547  -46.578  24.541  15.514 0.0000000000
91528  -46.062  24.432  16.498 0.0000000000
90573  -46.108  22.842  16.722 0.0000000000
91053  -45.828  23.592  17.129 0.0000000000
91048  -44.549  23.823  18.689 0.0000000000
90563  -44.735  22.913  18.428 0.0000000000
90562  -43.965  23.025  18.848 0.0000000000
130487  -44.089  22.399  18.544 0.0000000000
123266  -43.273  23.030  19.091 0.0000000000
95146  -42.598  30.723  13.727 0.0000000000
95140  -42.606  30.858  14.429 0.0000000000
118299  -42.020  29.274  15.819 0.0000000000
94546  -42.471  29.865  15.810 0.0000000000
93458  -42.690  29.152  16.777 0.0000000000
93944  -42.140  29.035  16.893 0.0000000000
93955  -40.055  29.814  16.933 0.0000000000
93926  -40.355  29.324  18.106 0.0000000000
135511  -41.315  27.119  19.354 0.0000000000
92959  -41.808  27.632  18.868 0.0000000000
92960  -42.355  27.845  18.281 0.0000000000
92439  -42.479  27.150  18.845 0.0000000000
92440  -42.744  26.329  19.187 0.0000000000
91513  -41.136  24.441  19.527 0.0000000000
91514  -42.102  24.751  19.622 0.0000000000
91038  -41.721  23.706  19.401 0.0000000000
90548  -41.962  22.800  19.087 0.0000000000
88884  -48.750  19.064  18.190 0.0000000000
88890  -48.998  19.343  17.432 0.0000000000
94071  -41.885  28.699  3.289 0.0000000000
93552  -41.821  27.703  3.853 0.0000000000
93565  -41.405  27.842  2.906 0.0000000000
93098  -40.830  27.342  3.074 0.0000000000
93090  -40.171  26.625  3.872 0.0000000000
92575  -39.488  26.137  5.273 0.0000000000
93083  -39.263  26.470  4.601 0.0000000000
97270  -44.524  35.375  25.638 0.0000000000
120302  -45.282  35.147  24.851 0.0000000000
101618  -43.393  43.923  14.567 0.0000000000
101125  -43.778  43.293  13.327 0.0000000000
100565  -45.532  42.239  12.495 0.0000000000
95727  -46.454  32.340  12.688 0.0000000000
95720  -46.962  32.719  13.423 0.0000000000
96256  -46.707  33.120  14.318 0.0000000000
96248  -46.307  33.335  15.199 0.0000000000
96241  -46.047  33.280  16.123 0.0000000000
96234  -46.242  33.240  17.030 0.0000000000
123123  -45.501  32.855  16.730 0.0000000000
95687  -44.855  32.361  16.868 0.0000000000
94536  -44.662  31.023  17.419 0.0000000000
95127  -43.799  31.503  16.129 0.0000000000
135338  -40.953  32.876  10.760 0.0000000000
96277  -42.232  33.645  11.436 0.0000000000
95741  -41.378  32.418  10.406 0.0000000000
95184  -42.550  31.289  9.579 0.0000000000
94616  -43.159  30.742  9.022 0.0000000000
93061  -44.542  26.711  7.143 0.0000000000
93534  -44.216  27.735  7.309 0.0000000000
93535  -45.126  27.470  7.619 0.0000000000
93536  -45.663  27.354  7.856 0.0000000000
94041  -46.327  28.716  8.648 0.0000000000
94021  -46.587  29.766  9.596 0.0000000000
134486  -46.173  28.226  9.215 0.0000000000
93509  -45.450  28.092  9.589 0.0000000000
94019  -44.942  28.859  10.128 0.0000000000
94018  -43.995  28.663  10.592 0.0000000000
93508  -44.349  27.959  10.170 0.0000000000
93024  -42.862  26.776  10.297 0.0000000000
113130  -42.391  26.893  10.109 0.0000000000
93523  -39.245  27.982  8.128 0.0000000000
88192  -48.638  17.680  23.990 0.0000000000
88833  -46.348  19.439  23.670 0.0000000000
88834  -47.226  19.132  23.483 0.0000000000
88847  -46.255  19.264  22.974 0.0000000000
88858  -46.944  18.922  21.684 0.0000000000
88869  -46.957  19.089  20.825 0.0000000000
135082  -46.458  19.710  20.476 0.0000000000
90031  -46.170  21.334  20.210 0.0000000000
101051  -39.625  42.575  21.898 0.0000000000
100523  -37.003  42.041  17.789 0.0000000000
133412  -37.400  41.797  18.542 0.0000000000
118478  -37.789  41.706  17.870 0.0000000000
100533  -38.323  41.850  17.184 0.0000000000
100539  -39.111  42.209  16.514 0.0000000000
101083  -40.222  42.402  16.497 0.0000000000
101104  -39.013  42.765  14.749 0.0000000000
124684  -39.029  42.358  14.410 0.0000000000
114319  -36.683  39.673  11.955 0.0000000000
99518  -37.437  39.196  13.604 0.0000000000
98999  -37.409  38.654  13.120 0.0000000000
98490  -37.732  37.835  12.670 0.0000000000
97947  -37.973  37.051  12.234 0.0000000000
97371  -38.865  35.792  12.079 0.0000000000
97962  -38.321  36.344  11.789 0.0000000000
97392  -38.627  35.868  10.499 0.0000000000
121074  -39.132  35.150  9.576 0.0000000000
98551  -41.223  37.044  6.455 0.0000000000
97420  -40.776  36.022  6.779 0.0000000000
97428  -41.202  35.394  5.985 0.0000000000
120568  -41.635  33.926  4.997 0.0000000000
96326  -41.917  33.303  4.421 0.0000000000
96895  -42.392  34.088  4.147 0.0000000000
117754  -42.766  33.907  3.215 0.0000000000
96332  -42.776  33.563  3.163 0.0000000000
96353  -42.266  32.925  2.332 0.0000000000
96909  -42.848  34.124  2.922 0.0000000000
97468  -43.468  36.081  3.172 0.0000000000
131603  -41.823  31.801  27.784 0.0000000000
94479  -40.833  30.216  26.866 0.0000000000
93883  -40.457  29.541  26.407 0.0000000000
93384  -39.750  28.043  25.353 0.0000000000
91463  -40.900  24.974  23.730 0.0000000000
91925  -41.002  25.650  23.330 0.0000000000
91927  -41.646  25.572  22.840 0.0000000000
92413  -42.125  26.218  22.597 0.0000000000
94503  -45.018  30.231  24.106 0.0000000000
93398  -44.675  29.009  23.397 0.0000000000
93407  -45.289  28.260  23.193 0.0000000000
92416  -45.397  27.100  22.628 0.0000000000
123557  -45.759  26.595  22.396 0.0000000000
91934  -46.149  25.537  21.775 0.0000000000
91932  -46.349  26.341  22.090 0.0000000000
92418  -47.024  26.662  22.056 0.0000000000
127675  -47.327  26.217  21.520 0.0000000000
97894  -40.569  37.010  16.859 0.0000000000
123273  -41.438  35.835  17.069 0.0000000000
127819  -45.081  36.684  11.075 0.0000000000
98504  -45.766  37.743  10.780 0.0000000000
97963  -46.180  37.212  10.559 0.0000000000
97965  -47.035  37.787  10.916 0.0000000000
98494  -47.062  38.180  11.251 0.0000000000
97360  -47.200  35.272  15.062 0.0000000000
121904  -46.173  35.687  14.819 0.0000000000
97353  -46.717  35.614  15.845 0.0000000000
97339  -45.858  35.714  16.379 0.0000000000
97326  -45.045  35.636  16.999 0.0000000000
96799  -44.533  35.365  17.600 0.0000000000
97314  -45.395  35.512  17.837 0.0000000000
96790  -45.679  35.388  18.640 0.0000000000
96764  -46.039  35.209  20.368 0.0000000000
96752  -46.096  35.107  21.310 0.0000000000
97288  -46.906  35.666  20.761 0.0000000000
96765  -47.129  35.456  21.138 0.0000000000
96203  -47.385  34.214  21.292 0.0000000000
95110  -46.760  31.513  19.697 0.0000000000
128449  -47.003  29.962  20.051 0.0000000000
93914  -47.522  28.609  20.674 0.0000000000
92951  -47.903  27.255  20.198 0.0000000000
134527  -48.243  26.918  18.901 0.0000000000
92454  -48.546  26.236  18.071 0.0000000000
92975  -48.376  26.587  17.335 0.0000000000
92467  -48.204  26.543  16.595 0.0000000000
92478  -47.907  26.271  15.819 0.0000000000
93461  -45.446  28.258  16.986 0.0000000000
92985  -45.927  27.441  16.679 0.0000000000
92466  -45.459  26.576  16.914 0.0000000000
91989  -45.480  25.774  17.206 0.0000000000
91527  -45.535  24.371  17.429 0.0000000000
91980  -45.113  25.112  17.796 0.0000000000
91522  -44.647  24.657  18.470 0.0000000000
91516  -44.049  24.559  19.007 0.0000000000
93987  -42.063  29.268  13.726 0.0000000000
94567  -42.272  29.961  14.131 0.0000000000
93979  -41.975  29.415  14.462 0.0000000000
93970  -41.664  29.332  15.473 0.0000000000
93431  -39.820  28.898  18.752 0.0000000000
93418  -40.158  28.186  19.154 0.0000000000
91966  -42.072  25.814  19.574 0.0000000000
92437  -41.318  26.221  19.584 0.0000000000
91512  -40.413  24.285  19.368 0.0000000000
91046  -40.182  23.043  18.644 0.0000000000
114878  -39.947  23.793  19.096 0.0000000000
91036  -39.431  23.331  18.801 0.0000000000
119806  -50.372  17.002  20.026 0.0000000000
133967  -40.781  30.300  7.227 0.0000000000
94638  -41.184  29.943  7.578 0.0000000000
94048  -40.968  29.790  6.635 0.0000000000
93545  -42.788  27.529  6.289 0.0000000000
93084  -42.246  26.991  4.447 0.0000000000
93072  -42.524  27.166  5.356 0.0000000000
93073  -43.187  26.565  5.953 0.0000000000
92566  -43.303  25.875  5.872 0.0000000000
92057  -43.917  24.940  7.074 0.0000000000
92040  -43.741  24.953  7.543 0.0000000000
92538  -42.699  25.591  8.177 0.0000000000
92551  -42.289  25.630  7.250 0.0000000000
93059  -41.195  26.264  6.959 0.0000000000
93058  -39.923  26.664  6.843 0.0000000000
92563  -39.471  26.115  5.821 0.0000000000
92549  -39.042  26.334  6.332 0.0000000000
88823  -47.860  19.233  25.834 0.0000000000
88824  -47.533  19.901  25.619 0.0000000000
88828  -46.911  19.914  24.734 0.0000000000
89431  -46.330  21.114  26.028 0.0000000000
89436  -46.148  20.499  25.212 0.0000000000
88827  -45.922  19.852  24.306 0.0000000000
89455  -44.802  20.136  23.050 0.0000000000
124781  -44.375  20.689  22.794 0.0000000000
101075  -36.332  42.513  18.161 0.0000000000
101081  -36.541  42.605  17.355 0.0000000000
101091  -36.672  42.981  16.470 0.0000000000
113811  -36.567  43.224  15.479 0.0000000000
98529  -38.671  38.145  9.191 0.0000000000
98550  -40.617  37.775  6.944 0.0000000000
98558  -41.777  37.498  5.809 0.0000000000
98559  -42.490  37.295  5.069 0.0000000000
99079  -42.878  38.869  5.224 0.0000000000
95654  -44.376  32.487  25.286 0.0000000000
95086  -44.960  31.722  24.883 0.0000000000
114526  -45.406  30.846  24.510 0.0000000000
120923  -46.068  30.700  24.387 0.0000000000
94498  -46.627  30.582  24.065 0.0000000000
100021  -43.137  40.453  15.195 0.0000000000
99509  -43.587  39.739  14.499 0.0000000000
96279  -46.765  34.047  10.564 0.0000000000
96844  -46.663  34.728  10.830 0.0000000000
96845  -47.090  34.071  11.574 0.0000000000
96833  -47.192  34.553  13.055 0.0000000000
96264  -47.217  33.195  13.510 0.0000000000
126443  -47.471  34.527  14.739 0.0000000000
96800  -47.557  35.330  18.275 0.0000000000
96791  -47.570  35.285  19.156 0.0000000000
96227  -47.558  34.474  18.625 0.0000000000
95678  -46.729  32.745  18.639 0.0000000000
95689  -46.348  33.018  17.881 0.0000000000
95113  -46.389  31.880  18.999 0.0000000000
128076  -46.343  31.137  19.198 0.0000000000
94524  -46.262  30.378  18.836 0.0000000000
93929  -46.562  29.400  18.568 0.0000000000
93947  -46.256  29.029  17.757 0.0000000000
93447  -45.875  28.670  17.164 0.0000000000
93945  -44.734  30.040  17.097 0.0000000000
134515  -44.330  28.140  17.116 0.0000000000
93446  -43.626  28.289  17.243 0.0000000000
94555  -39.614  30.319  15.282 0.0000000000
94535  -39.325  30.128  17.119 0.0000000000
93940  -38.995  29.969  17.771 0.0000000000
93925  -39.441  29.510  18.283 0.0000000000
93417  -39.200  28.318  19.168 0.0000000000
92435  -38.970  26.731  19.490 0.0000000000
119766  -42.096  38.394  12.742 0.0000000000
99532  -43.075  39.829  12.386 0.0000000000
98492  -42.212  37.403  12.753 0.0000000000
98493  -43.231  37.411  12.193 0.0000000000
97953  -43.684  36.693  11.909 0.0000000000
96841  -42.652  34.510  11.723 0.0000000000
96842  -43.869  34.999  11.276 0.0000000000
97385  -44.734  35.750  11.067 0.0000000000
96843  -45.115  35.192  10.513 0.0000000000
96851  -45.572  34.592  10.010 0.0000000000
96852  -46.140  34.617  9.896 0.0000000000
94037  -41.994  29.453  8.068 0.0000000000
94626  -42.536  30.027  8.655 0.0000000000
95198  -44.349  30.897  8.705 0.0000000000
94039  -44.408  29.349  8.022 0.0000000000
94628  -44.966  30.122  8.276 0.0000000000
95185  -44.865  31.665  8.999 0.0000000000
95756  -45.383  32.529  9.275 0.0000000000
96299  -45.998  33.162  9.336 0.0000000000
96291  -46.316  33.669  9.715 0.0000000000
96292  -47.028  33.154  10.219 0.0000000000
95745  -47.466  32.026  10.564 0.0000000000
95156  -47.204  31.662  11.757 0.0000000000
94608  -46.912  30.459  10.168 0.0000000000
95174  -46.792  30.787  10.715 0.0000000000
95155  -46.864  31.655  11.977 0.0000000000
112843  -45.791  31.863  11.996 0.0000000000
95726  -45.087  32.335  12.951 0.0000000000
95718  -44.046  32.357  13.756 0.0000000000
95148  -43.798  31.786  12.958 0.0000000000
95153  -42.958  30.874  12.944 0.0000000000
94585  -42.651  29.830  12.563 0.0000000000
94007  -43.237  29.013  11.230 0.0000000000
94006  -42.530  28.943  12.148 0.0000000000
93996  -42.233  29.044  13.025 0.0000000000
93483  -41.928  28.835  13.251 0.0000000000
93482  -41.525  29.026  13.346 0.0000000000
113818  -40.867  29.440  13.229 0.0000000000
134028  -42.412  26.118  8.736 0.0000000000
93517  -41.783  27.282  9.732 0.0000000000
93506  -41.390  28.020  10.386 0.0000000000
93516  -40.118  28.405  8.845 0.0000000000
93505  -40.607  28.629  9.858 0.0000000000
94017  -40.848  28.707  10.738 0.0000000000
88197  -48.808  17.823  23.316 0.0000000000
88207  -49.210  17.584  22.477 0.0000000000
88217  -49.574  17.437  21.617 0.0000000000
87599  -49.965  16.757  21.001 0.0000000000
88878  -48.735  18.669  19.085 0.0000000000
88877  -47.767  19.242  19.408 0.0000000000
88883  -48.144  19.391  18.657 0.0000000000
90047  -48.013  21.485  18.257 0.0000000000
126889  -39.788  42.434  21.098 0.0000000000
100518  -38.538  41.880  19.570 0.0000000000
100519  -39.650  42.124  19.664 0.0000000000
100512  -40.695  42.567  20.655 0.0000000000
101069  -42.391  43.107  20.598 0.0000000000
101070  -43.869  43.347  20.316 0.0000000000
118553  -43.176  43.473  18.531 0.0000000000
101085  -42.247  43.182  17.596 0.0000000000
101095  -42.633  43.543  16.736 0.0000000000
134633  -40.432  42.639  15.801 0.0000000000
101106  -41.917  43.398  15.594 0.0000000000
101609  -42.622  43.751  15.031 0.0000000000
101123  -41.698  43.100  13.638 0.0000000000
127862  -41.580  42.257  13.253 0.0000000000
100028  -41.295  41.028  13.335 0.0000000000
100547  -36.937  42.322  14.598 0.0000000000
100548  -37.675  41.928  14.426 0.0000000000
131466  -38.413  42.010  14.329 0.0000000000
100549  -38.939  41.698  14.214 0.0000000000
98985  -37.792  39.291  13.977 0.0000000000
99508  -38.328  39.498  14.129 0.0000000000
99519  -39.795  40.162  13.932 0.0000000000
99520  -40.689  40.036  13.551 0.0000000000
99004  -41.532  38.913  13.060 0.0000000000
98491  -41.389  37.827  13.094 0.0000000000
97951  -41.160  36.038  12.978 0.0000000000
96830  -40.309  34.831  12.145 0.0000000000
97384  -39.198  35.123  11.478 0.0000000000
96838  -39.855  34.609  11.644 0.0000000000
96275  -40.072  33.866  11.166 0.0000000000
96286  -40.354  33.217  10.662 0.0000000000
95767  -40.153  32.146  8.805 0.0000000000
95207  -40.287  31.439  7.591 0.0000000000
97984  -38.969  36.571  9.182 0.0000000000
97403  -39.337  35.765  8.869 0.0000000000
97410  -39.428  34.804  8.994 0.0000000000
126151  -40.349  35.408  7.386 0.0000000000
96873  -40.145  34.497  7.493 0.0000000000
96872  -39.685  34.278  8.423 0.0000000000
95773  -39.965  32.904  7.557 0.0000000000
95206  -40.061  32.188  7.540 0.0000000000
94637  -40.541  30.700  6.830 0.0000000000
115138  -40.776  30.975  5.729 0.0000000000
94651  -41.316  30.039  4.899 0.0000000000
94656  -42.128  29.951  3.436 0.0000000000
95220  -41.739  31.665  4.029 0.0000000000
95225  -42.355  30.851  3.263 0.0000000000
125030  -42.099  29.672  2.724 0.0000000000
125273  -40.990  29.860  2.440 0.0000000000
96352  -41.884  32.899  1.980 0.0000000000
96340  -41.515  33.115  2.370 0.0000000000
98030  -43.480  36.812  3.829 0.0000000000
98031  -43.562  36.738  3.498 0.0000000000
97475  -43.596  36.764  3.236 0.0000000000
90503  -43.069  22.304  24.979 0.0000000000
90991  -41.614  23.763  23.849 0.0000000000
90509  -42.522  22.626  23.706 0.0000000000
89997  -42.899  21.928  24.100 0.0000000000
90017  -43.859  21.230  22.950 0.0000000000
90022  -44.444  21.224  22.268 0.0000000000
93396  -42.464  28.709  23.116 0.0000000000
93404  -42.211  27.895  22.857 0.0000000000
92414  -42.997  26.129  22.438 0.0000000000
92933  -43.888  27.594  22.706 0.0000000000
122137  -43.968  26.215  22.397 0.0000000000
91929  -43.422  25.373  22.365 0.0000000000
91006  -43.990  23.595  22.226 0.0000000000
91020  -44.545  23.021  21.867 0.0000000000
90531  -44.780  22.043  21.694 0.0000000000
125418  -45.390  21.941  21.188 0.0000000000
90539  -46.105  22.412  20.656 0.0000000000
122421  -46.646  22.383  19.901 0.0000000000
91029  -46.845  24.423  20.781 0.0000000000
90540  -46.832  23.366  20.240 0.0000000000
134384  -47.032  23.016  19.798 0.0000000000
90550  -47.245  22.539  19.398 0.0000000000
90551  -47.796  23.361  19.249 0.0000000000
90564  -48.236  22.757  18.503 0.0000000000
96212  -40.089  33.590  20.466 0.0000000000
96200  -41.666  33.343  21.160 0.0000000000
113485  -41.788  33.455  22.162 0.0000000000
122046  -43.962  40.480  12.258 0.0000000000
100044  -45.988  41.385  12.025 0.0000000000
99029  -46.343  38.961  10.780 0.0000000000
100056  -46.514  39.741  11.693 0.0000000000
100031  -46.345  41.485  12.832 0.0000000000
99510  -46.134  40.772  13.166 0.0000000000
98987  -43.645  38.765  14.331 0.0000000000
114825  -46.625  36.013  11.593 0.0000000000
97954  -46.698  37.113  11.624 0.0000000000
97923  -46.126  36.061  13.812 0.0000000000
97922  -45.535  36.335  14.185 0.0000000000
97936  -45.364  37.209  13.518 0.0000000000
98476  -44.606  37.733  13.884 0.0000000000
98475  -43.747  37.931  14.355 0.0000000000
98464  -42.516  37.962  15.099 0.0000000000
97907  -42.703  37.101  15.495 0.0000000000
97336  -42.393  35.950  16.559 0.0000000000
96797  -42.753  34.838  17.799 0.0000000000
96798  -43.717  35.074  17.729 0.0000000000
96788  -43.355  34.551  18.551 0.0000000000
96787  -42.356  34.483  18.497 0.0000000000
114093  -42.349  33.872  19.684 0.0000000000
96201  -42.574  33.493  21.579 0.0000000000
96188  -42.727  33.702  22.643 0.0000000000
96180  -44.166  34.547  23.206 0.0000000000
96731  -44.844  34.958  23.941 0.0000000000
96732  -45.834  35.098  23.726 0.0000000000
118268  -46.027  35.098  22.164 0.0000000000
96733  -46.420  34.781  23.264 0.0000000000
96181  -46.513  34.062  24.063 0.0000000000
95660  -46.694  32.883  23.868 0.0000000000
95090  -46.660  31.679  24.109 0.0000000000
134757  -47.042  30.219  23.785 0.0000000000
96780  -47.524  35.236  20.042 0.0000000000
96216  -47.542  34.307  20.372 0.0000000000
95670  -47.327  33.045  21.538 0.0000000000
95108  -47.411  31.418  21.077 0.0000000000
131097  -47.461  32.341  21.070 0.0000000000
95105  -47.492  31.877  21.854 0.0000000000
124040  -47.361  30.878  22.602 0.0000000000
94505  -47.290  29.903  23.328 0.0000000000
93902  -47.182  28.942  23.360 0.0000000000
93411  -47.258  27.581  22.334 0.0000000000
92420  -47.481  26.579  21.500 0.0000000000
91947  -47.657  26.065  21.074 0.0000000000
92941  -47.933  26.785  20.489 0.0000000000
91948  -47.995  25.915  20.434 0.0000000000
91502  -48.028  25.345  20.103 0.0000000000
90552  -48.291  23.640  18.766 0.0000000000
91055  -48.810  23.440  17.856 0.0000000000
117374  -49.209  23.479  16.682 0.0000000000
91064  -49.200  23.637  15.452 0.0000000000
121144  -48.890  24.395  14.919 0.0000000000
91067  -48.663  23.717  14.342 0.0000000000
91063  -48.044  23.594  13.863 0.0000000000
90585  -47.575  23.128  13.965 0.0000000000
127230  -47.375  27.541  17.004 0.0000000000
92987  -47.527  26.973  16.439 0.0000000000
92005  -47.345  25.919  15.308 0.0000000000
92476  -46.385  26.640  16.261 0.0000000000
91998  -46.687  26.022  15.683 0.0000000000
91058  -46.802  23.773  15.096 0.0000000000
90578  -46.568  22.956  15.691 0.0000000000
90057  -46.310  22.231  16.283 0.0000000000
119753  -45.856  21.977  17.066 0.0000000000
91049  -45.265  23.601  18.009 0.0000000000
95141  -43.114  31.627  14.742 0.0000000000
95134  -43.400  31.512  15.518 0.0000000000
94557  -43.192  30.785  16.003 0.0000000000
118876  -42.306  29.949  14.926 0.0000000000
92971  -43.522  27.695  17.665 0.0000000000
94556  -40.463  29.750  15.613 0.0000000000
93927  -41.183  29.047  17.823 0.0000000000
93444  -41.882  28.756  17.504 0.0000000000
93433  -42.268  28.342  17.803 0.0000000000
92970  -42.901  28.062  17.735 0.0000000000
92452  -43.325  26.745  18.575 0.0000000000
91978  -43.552  25.935  18.902 0.0000000000
91515  -43.098  24.472  19.381 0.0000000000
135271  -42.413  24.109  19.512 0.0000000000
88196  -48.149  18.742  23.349 0.0000000000
88241  -50.219  17.484  19.221 0.0000000000
89482  -48.610  20.015  17.633 0.0000000000
90007  -43.548  21.281  23.756 0.0000000000
90522  -43.977  22.012  22.360 0.0000000000
91003  -41.812  23.977  23.198 0.0000000000
91464  -41.392  24.443  23.442 0.0000000000
91518  -48.351  25.052  19.252 0.0000000000
91538  -48.033  24.819  14.459 0.0000000000
91539  -48.523  24.829  14.721 0.0000000000
91928  -42.442  25.400  22.565 0.0000000000
91935  -46.832  25.896  21.661 0.0000000000
91968  -43.622  25.176  19.114 0.0000000000
92041  -44.035  24.956  7.755 0.0000000000
92047  -43.606  24.973  7.149 0.0000000000
92048  -44.081  24.900  7.361 0.0000000000
92055  -42.273  25.249  6.009 0.0000000000
92056  -43.205  25.263  6.592 0.0000000000
92058  -44.375  25.095  7.255 0.0000000000
92066  -41.595  25.681  4.740 0.0000000000
92067  -42.015  25.353  5.372 0.0000000000
92411  -41.281  26.482  23.014 0.0000000000
92415  -44.446  27.016  22.541 0.0000000000
92425  -47.827  26.428  20.813 0.0000000000
92438  -41.991  26.666  19.355 0.0000000000
92441  -48.370  26.526  18.984 0.0000000000
92468  -48.551  26.161  16.956 0.0000000000
92477  -47.138  26.572  15.815 0.0000000000
92479  -48.443  26.110  16.245 0.0000000000
92527  -42.874  25.839  8.921 0.0000000000
92530  -45.179  26.499  8.649 0.0000000000
92531  -45.312  26.330  8.171 0.0000000000
92539  -43.450  25.252  8.200 0.0000000000
92552  -43.170  25.155  7.505 0.0000000000
92553  -44.969  25.753  7.679 0.0000000000
92577  -42.608  25.833  5.214 0.0000000000
92581  -40.019  26.176  4.605 0.0000000000
92582  -40.869  26.008  4.207 0.0000000000
92584  -42.119  25.897  4.453 0.0000000000
92915  -39.585  27.336  25.270 0.0000000000
92921  -40.225  27.537  23.995 0.0000000000
92927  -40.686  27.944  23.636 0.0000000000
92932  -42.920  27.419  22.609 0.0000000000
92935  -45.818  27.682  22.934 0.0000000000
93015  -42.334  27.355  10.726 0.0000000000
93025  -43.641  27.095  10.234 0.0000000000
93034  -41.052  27.687  8.734 0.0000000000
93035  -42.399  26.467  9.400 0.0000000000
93037  -44.211  26.596  9.553 0.0000000000
93038  -44.877  26.682  9.151 0.0000000000
93040  -46.306  27.969  8.800 0.0000000000
93062  -45.161  26.549  7.625 0.0000000000
93074  -43.994  26.091  6.489 0.0000000000
93082  -38.575  26.910  4.580 0.0000000000
93089  -39.260  27.035  4.068 0.0000000000
93091  -41.317  26.587  3.621 0.0000000000
93099  -41.499  27.336  3.261 0.0000000000
93385  -40.142  28.908  25.786 0.0000000000
93394  -40.169  28.133  24.272 0.0000000000
93399  -45.724  28.786  23.494 0.0000000000
93401  -47.034  28.248  23.132 0.0000000000
93406  -44.271  28.262  23.018 0.0000000000
93408  -46.726  28.202  23.192 0.0000000000
93413  -47.692  27.727  20.823 0.0000000000
93432  -40.729  28.678  18.574 0.0000000000
93435  -47.617  27.979  18.735 0.0000000000
93489  -41.446  28.610  12.144 0.0000000000
93498  -42.204  27.782  11.362 0.0000000000
93507  -41.938  27.499  10.650 0.0000000000
93525  -46.063  27.837  8.224 0.0000000000
93533  -43.157  27.982  7.115 0.0000000000
93544  -42.015  28.105  5.763 0.0000000000
93556  -39.289  27.815  3.738 0.0000000000
93557  -41.748  27.876  3.280 0.0000000000
93564  -41.053  28.077  2.727 0.0000000000
93887  -40.393  29.540  25.012 0.0000000000
93899  -43.795  29.649  23.523 0.0000000000
93900  -45.361  29.500  23.759 0.0000000000
93912  -47.432  28.029  22.232 0.0000000000
93916  -46.817  29.695  19.383 0.0000000000
94016  -39.324  29.524  10.115 0.0000000000
94028  -38.588  29.117  9.516 0.0000000000
94030  -46.463  28.867  9.141 0.0000000000
94050  -42.602  28.808  7.504 0.0000000000
94052  -44.925  28.441  7.707 0.0000000000
94059  -41.478  28.906  6.192 0.0000000000
94078  -41.644  28.648  2.786 0.0000000000
94487  -41.327  30.913  27.289 0.0000000000
94491  -40.551  30.204  25.847 0.0000000000
94497  -44.538  30.984  24.455 0.0000000000
94504  -46.453  29.812  23.933 0.0000000000
94596  -42.931  29.726  11.819 0.0000000000
94598  -44.788  30.351  11.036 0.0000000000
94609  -47.181  30.840  10.134 0.0000000000
94618  -47.224  31.054  9.920 0.0000000000
94629  -45.879  30.030  8.248 0.0000000000
94630  -46.572  30.616  9.001 0.0000000000
94663  -42.183  30.572  2.378 0.0000000000
95087  -45.711  31.640  24.837 0.0000000000
95099  -47.259  31.927  22.747 0.0000000000
95120  -44.909  31.886  17.598 0.0000000000
95157  -47.471  31.902  11.365 0.0000000000
95164  -47.089  31.183  11.331 0.0000000000
95165  -47.375  31.405  11.039 0.0000000000
95172  -41.932  31.819  10.054 0.0000000000
95173  -43.110  31.959  9.930 0.0000000000
95175  -47.343  31.294  10.364 0.0000000000
95186  -45.764  31.699  8.787 0.0000000000
95187  -46.339  31.473  8.964 0.0000000000
95195  -40.085  31.967  8.139 0.0000000000
95196  -40.426  31.482  8.397 0.0000000000
95197  -41.035  30.992  8.790 0.0000000000
95232  -42.428  31.063  2.632 0.0000000000
95238  -41.982  31.025  1.983 0.0000000000
95649  -46.041  33.578  25.376 0.0000000000
95664  -47.257  32.736  22.243 0.0000000000
95717  -43.578  32.208  14.380 0.0000000000
95721  -47.163  32.591  12.865 0.0000000000
95733  -47.473  32.609  11.211 0.0000000000
95740  -40.621  32.616  10.224 0.0000000000
95742  -42.471  32.455  10.479 0.0000000000
95753  -40.362  32.367  9.549 0.0000000000
95787  -40.686  32.004  5.891 0.0000000000
95805  -42.371  31.949  2.598 0.0000000000
95813  -42.003  32.245  2.064 0.0000000000
96170  -46.256  34.073  24.820 0.0000000000
96189  -43.558  34.125  22.684 0.0000000000
96190  -46.894  34.683  22.582 0.0000000000
96214  -42.418  33.550  20.619 0.0000000000
96222  -43.100  33.785  20.182 0.0000000000
96257  -47.093  33.499  14.868 0.0000000000
96276  -40.989  33.466  11.338 0.0000000000
96287  -41.806  32.981  10.910 0.0000000000
96290  -45.873  33.905  9.684 0.0000000000
96298  -40.084  33.031  9.943 0.0000000000
96311  -39.805  33.554  7.949 0.0000000000
96331  -42.533  33.342  3.476 0.0000000000
96341  -42.541  33.564  2.621 0.0000000000
96717  -45.635  34.928  25.344 0.0000000000
96718  -46.048  34.796  24.501 0.0000000000
96730  -43.799  34.797  24.025 0.0000000000
96742  -46.266  35.084  22.716 0.0000000000
96779  -45.906  35.293  19.476 0.0000000000
96786  -41.445  34.441  18.664 0.0000000000
96831  -41.026  34.785  12.262 0.0000000000
96839  -40.584  34.249  11.781 0.0000000000
96857  -39.385  34.371  9.894 0.0000000000
96880  -41.021  34.704  6.090 0.0000000000
96907  -41.944  33.840  2.189 0.0000000000
96920  -42.350  33.667  2.348 0.0000000000
97269  -43.841  35.436  25.431 0.0000000000
97271  -45.124  35.193  25.849 0.0000000000
97294  -47.181  35.655  20.445 0.0000000000
97315  -46.482  35.824  18.110 0.0000000000
97322  -40.817  35.643  17.646 0.0000000000
97323  -42.145  35.302  17.296 0.0000000000
97328  -47.034  36.031  17.606 0.0000000000
97329  -47.269  35.849  17.947 0.0000000000
97337  -43.517  35.809  16.485 0.0000000000
97372  -39.681  35.359  12.259 0.0000000000
97373  -40.571  35.368  12.544 0.0000000000
97376  -43.836  35.931  11.597 0.0000000000
97377  -46.808  35.010  11.491 0.0000000000
97394  -45.956  35.394  10.063 0.0000000000
97402  -38.847  35.800  9.738 0.0000000000
97441  -42.705  35.814  4.343 0.0000000000
97890  -40.694  36.343  17.191 0.0000000000
97933  -39.739  36.701  13.215 0.0000000000
97935  -41.295  36.953  13.144 0.0000000000
97948  -38.578  36.580  12.514 0.0000000000
97952  -42.677  36.650  12.438 0.0000000000
97964  -46.692  37.106  10.626 0.0000000000
98001  -40.058  36.764  7.939 0.0000000000
98465  -43.247  37.470  14.924 0.0000000000
98474  -43.110  38.170  14.646 0.0000000000
98483  -38.285  37.376  12.901 0.0000000000
98485  -45.490  38.060  13.098 0.0000000000
98501  -37.638  37.669  11.831 0.0000000000
98505  -46.791  37.817  10.740 0.0000000000
98522  -38.619  37.282  9.550 0.0000000000
98539  -40.147  37.518  7.651 0.0000000000
98568  -43.337  37.372  4.275 0.0000000000
98569  -43.707  37.401  3.785 0.0000000000
98578  -43.773  37.361  3.449 0.0000000000
98974  -41.142  38.713  16.274 0.0000000000
99003  -40.823  38.396  13.343 0.0000000000
99016  -42.248  39.304  12.683 0.0000000000
99020  -47.157  38.568  11.104 0.0000000000
99063  -40.188  38.371  7.454 0.0000000000
99071  -41.812  38.983  5.963 0.0000000000
99517  -36.929  39.473  13.285 0.0000000000
99521  -41.579  39.866  13.111 0.0000000000
99533  -44.244  39.729  11.910 0.0000000000
99535  -47.037  39.008  11.301 0.0000000000
99542  -36.878  39.998  11.295 0.0000000000
99544  -46.306  39.773  11.473 0.0000000000
99545  -46.825  39.195  11.276 0.0000000000
99594  -42.662  39.490  5.546 0.0000000000
100019  -38.146  41.202  14.275 0.0000000000
100020  -38.820  40.438  14.216 0.0000000000
100030  -46.324  41.779  13.322 0.0000000000
100041  -42.014  40.600  12.895 0.0000000000
100045  -46.237  40.957  12.117 0.0000000000
100055  -46.191  40.499  11.730 0.0000000000
100511  -39.194  42.194  20.358 0.0000000000
100524  -38.090  41.677  18.736 0.0000000000
100532  -37.576  42.059  17.016 0.0000000000
100553  -46.095  42.374  13.767 0.0000000000
100559  -42.740  42.164  12.837 0.0000000000
100566  -46.168  42.116  12.668 0.0000000000
101077  -43.492  43.484  19.375 0.0000000000
101103  -38.180  42.744  14.931 0.0000000000
101105  -40.645  42.966  15.126 0.0000000000
101132  -45.891  42.894  12.893 0.0000000000
101608  -41.411  43.295  14.615 0.0000000000
101610  -43.898  44.327  15.465 0.0000000000
101617  -42.097  43.496  14.209 0.0000000000
101624  -42.881  43.525  13.750 0.0000000000
101625  -44.218  43.930  14.038 0.0000000000
112175  -40.795  33.336  20.734 0.0000000000
113758  -47.457  19.418  24.292 0.0000000000
115414  -47.547  28.207  21.501 0.0000000000
115415  -46.475  34.091  9.997 0.0000000000
115443  -41.666  43.040  23.410 0.0000000000
115757  -39.829  42.850  14.682 0.0000000000
116055  -46.181  36.651  10.471 0.0000000000
116971  -47.366  33.707  12.762 0.0000000000
117099  -46.588  31.904  9.433 0.0000000000
117343  -41.443  35.334  17.606 0.0000000000
118093  -43.738  31.478  9.315 0.0000000000
118200  -41.831  31.780  2.073 0.0000000000
118275  -47.269  33.727  14.455 0.0000000000
118671  -46.239  29.410  8.432 0.0000000000
118695  -44.340  35.760  16.531 0.0000000000
119906  -47.281  25.041  20.758 0.0000000000
120654  -42.844  38.056  12.358 0.0000000000
121262  -45.050  35.030  19.125 0.0000000000
121549  -44.956  26.415  22.440 0.0000000000
121595  -46.695  36.812  10.758 0.0000000000
121672  -44.617  29.751  23.728 0.0000000000
121713  -46.144  39.667  12.738 0.0000000000
122398  -42.432  32.811  2.599 0.0000000000
122449  -41.920  28.151  11.888 0.0000000000
122658  -40.441  37.399  13.374 0.0000000000
123155  -46.959  29.664  23.761 0.0000000000
123277  -44.773  40.494  13.903 0.0000000000
123468  -43.494  26.890  22.469 0.0000000000
123803  -43.028  36.087  12.137 0.0000000000
123821  -47.435  29.123  22.916 0.0000000000
123919  -39.869  36.126  8.240 0.0000000000
124030  -38.192  37.888  10.010 0.0000000000
124076  -46.362  32.278  24.611 0.0000000000
124232  -46.478  38.433  10.811 0.0000000000
124624  -38.641  37.795  13.412 0.0000000000
124744  -41.795  36.903  5.662 0.0000000000
125016  -40.148  29.143  10.175 0.0000000000
125344  -43.219  41.433  12.534 0.0000000000
126278  -41.940  26.314  3.978 0.0000000000
127560  -45.702  34.056  25.760 0.0000000000
127781  -46.194  42.727  13.131 0.0000000000
128218  -43.856  25.385  6.683 0.0000000000
128986  -47.621  25.318  14.869 0.0000000000
129211  -39.905  42.118  18.979 0.0000000000
129976  -47.174  27.900  22.715 0.0000000000
130577  -42.675  34.201  19.022 0.0000000000
131314  -40.951  39.232  13.380 0.0000000000
131328  -43.122  25.533  6.039 0.0000000000
131331  -41.339  28.899  12.792 0.0000000000
131986  -42.683  26.742  22.514 0.0000000000
133366  -42.178  29.326  3.144 0.0000000000
133404  -46.881  23.990  20.516 0.0000000000
133595  -47.128  32.403  10.059 0.0000000000
133951  -39.052  41.894  17.490 0.0000000000
134377  -46.408  28.631  23.466 0.0000000000
134500  -39.056  24.591  19.460 0.0000000000
134512  -47.111  34.486  12.255 0.0000000000
134785  -46.315  30.114  8.579 0.0000000000
135145  -39.885  28.116  24.757 0.0000000000
135482  -46.015  29.359  8.157 0.0000000000
135560  -41.464  38.378  13.069 0.0000000000
