#!ascii label  , from subject bert vox2ras=TkReg
1397
82829  -35.418  10.449  26.280 0.0000000000
77438  -42.588  3.500  10.980 0.0000000000
86936  -44.952  16.773  22.549 0.0000000000
80529  -42.158  8.036  19.522 0.0000000000
76563  -45.792  2.824  23.100 0.0000000000
84291  -35.989  12.481  14.844 0.0000000000
87071  -42.907  16.973  9.229 0.0000000000
90053  -41.393  21.272  17.176 0.0000000000
74823  -40.022  0.924  30.287 0.0000000000
81309  -37.491  8.615  21.969 0.0000000000
81385  -38.248  8.645  16.629 0.0000000000
84263  -35.572  12.417  20.180 0.0000000000
86971  -50.095  16.120  20.510 0.0000000000
86307  -45.051  15.671  15.349 0.0000000000
87643  -49.243  16.940  11.906 0.0000000000
88307  -42.523  19.131  12.898 0.0000000000
90063  -46.637  22.161  15.220 0.0000000000
79860  -41.069  5.953  8.267 0.0000000000
116460  -40.629  11.406  28.444 0.0000000000
85593  -39.280  15.333  25.470 0.0000000000
81368  -48.033  9.055  18.694 0.0000000000
79733  -43.377  7.218  22.434 0.0000000000
78948  -38.905  5.731  23.133 0.0000000000
124125  -40.169  1.050  24.976 0.0000000000
82191  -41.419  8.869  12.631 0.0000000000
84313  -39.672  12.395  9.223 0.0000000000
86284  -39.606  15.343  18.888 0.0000000000
87036  -38.152  16.214  12.811 0.0000000000
86397  -37.621  16.036  6.841 0.0000000000
88356  -36.991  18.610  8.874 0.0000000000
88305  -37.426  18.509  13.302 0.0000000000
81293  -35.864  9.049  23.753 0.0000000000
82843  -35.083  10.234  21.071 0.0000000000
84246  -34.944  12.096  23.343 0.0000000000
88884  -48.750  19.064  18.190 0.0000000000
87019  -50.068  15.905  16.309 0.0000000000
88912  -49.418  19.827  14.903 0.0000000000
88923  -47.810  20.552  12.780 0.0000000000
79080  -41.786  5.235  9.214 0.0000000000
112842  -43.389  11.213  29.766 0.0000000000
85580  -41.592  14.022  28.972 0.0000000000
124117  -44.244  5.429  22.050 0.0000000000
120027  -41.321  6.155  22.529 0.0000000000
77343  -42.180  3.920  22.606 0.0000000000
74855  -40.169  0.316  28.051 0.0000000000
78081  -38.081  4.429  26.598 0.0000000000
79700  -40.090  6.040  27.878 0.0000000000
80471  -37.571  6.629  28.635 0.0000000000
79782  -42.569  6.303  17.876 0.0000000000
82170  -36.993  9.863  15.993 0.0000000000
81402  -40.267  8.678  14.664 0.0000000000
82897  -38.617  10.396  13.482 0.0000000000
82915  -40.863  10.419  10.970 0.0000000000
84302  -37.261  12.295  12.195 0.0000000000
86922  -41.818  16.340  24.186 0.0000000000
86261  -39.452  15.681  21.421 0.0000000000
118173  -42.340  16.818  20.884 0.0000000000
86350  -44.351  15.099  12.277 0.0000000000
111852  -41.699  15.600  14.393 0.0000000000
87060  -40.533  17.002  11.528 0.0000000000
117175  -37.568  16.179  10.084 0.0000000000
122218  -39.318  17.640  8.688 0.0000000000
87699  -37.653  17.395  7.007 0.0000000000
88359  -40.619  18.892  7.980 0.0000000000
114886  -41.904  20.194  15.417 0.0000000000
119396  -40.642  19.880  12.711 0.0000000000
89519  -40.253  20.588  14.659 0.0000000000
88905  -38.006  18.878  15.648 0.0000000000
90050  -39.329  21.089  16.794 0.0000000000
81330  -40.222  8.653  20.974 0.0000000000
80540  -40.459  7.559  18.473 0.0000000000
116558  -37.113  8.570  19.627 0.0000000000
82155  -35.750  9.982  18.031 0.0000000000
84276  -35.667  12.439  17.199 0.0000000000
86953  -48.014  16.026  21.737 0.0000000000
86979  -44.836  17.051  19.546 0.0000000000
87007  -47.824  16.070  17.553 0.0000000000
113517  -47.556  15.258  13.215 0.0000000000
87051  -46.097  15.713  11.499 0.0000000000
88342  -43.615  17.971  9.436 0.0000000000
87631  -45.680  17.863  13.670 0.0000000000
88910  -45.741  19.604  15.328 0.0000000000
89491  -45.200  21.061  17.130 0.0000000000
117557  -40.636  7.906  7.592 0.0000000000
115484  -38.112  10.749  27.783 0.0000000000
84932  -36.748  13.232  26.042 0.0000000000
84930  -38.907  14.236  27.459 0.0000000000
113978  -41.329  16.026  26.618 0.0000000000
86901  -44.426  16.451  25.839 0.0000000000
86896  -47.014  16.625  27.434 0.0000000000
86912  -47.023  16.138  25.066 0.0000000000
80532  -44.752  8.573  19.428 0.0000000000
81317  -45.640  8.971  21.470 0.0000000000
82130  -42.831  9.381  21.481 0.0000000000
81302  -40.518  8.625  22.276 0.0000000000
80493  -38.476  7.592  23.160 0.0000000000
76538  -46.032  2.548  25.958 0.0000000000
74838  -42.807  0.732  29.032 0.0000000000
74867  -43.050  0.826  26.768 0.0000000000
75702  -42.900  1.608  23.787 0.0000000000
76549  -39.825  2.652  23.465 0.0000000000
127963  -37.277  7.919  26.668 0.0000000000
78195  -42.864  4.320  13.473 0.0000000000
80566  -41.215  7.279  16.071 0.0000000000
80590  -42.371  7.283  14.048 0.0000000000
79842  -42.477  6.923  11.834 0.0000000000
81435  -42.546  8.725  10.160 0.0000000000
122063  -42.218  9.975  8.127 0.0000000000
83642  -41.058  11.598  6.979 0.0000000000
85603  -36.968  14.261  22.949 0.0000000000
85628  -37.766  14.385  19.846 0.0000000000
85642  -37.282  14.365  17.248 0.0000000000
86295  -42.626  15.776  16.892 0.0000000000
86302  -39.383  15.333  16.241 0.0000000000
116269  -36.686  14.941  14.034 0.0000000000
85014  -37.146  13.772  10.815 0.0000000000
85019  -38.765  13.706  8.067 0.0000000000
83639  -38.410  12.598  6.561 0.0000000000
113222  -40.403  19.457  9.792 0.0000000000
88330  -37.402  18.697  10.838 0.0000000000
87647  -34.967  17.895  12.107 0.0000000000
88287  -34.572  18.344  14.332 0.0000000000
88268  -35.055  18.253  16.417 0.0000000000
82120  -35.115  9.657  24.680 0.0000000000
82835  -34.663  10.541  23.591 0.0000000000
126394  -34.854  11.408  24.842 0.0000000000
88891  -49.589  18.722  16.918 0.0000000000
90065  -49.286  21.480  15.177 0.0000000000
78227  -41.812  4.369  9.487 0.0000000000
121230  -45.529  3.964  22.282 0.0000000000
126249  -43.018  4.186  22.310 0.0000000000
76561  -43.963  2.747  22.875 0.0000000000
78080  -37.368  4.217  27.211 0.0000000000
78914  -38.781  5.284  27.576 0.0000000000
80542  -43.424  7.414  19.092 0.0000000000
79767  -42.968  6.701  18.609 0.0000000000
83579  -36.312  11.185  15.284 0.0000000000
82889  -37.587  10.433  14.565 0.0000000000
83587  -37.117  11.071  14.182 0.0000000000
83595  -38.131  11.039  13.061 0.0000000000
84297  -36.552  12.491  13.458 0.0000000000
128072  -43.621  16.546  23.737 0.0000000000
119394  -41.991  16.531  22.346 0.0000000000
86950  -44.035  16.990  21.724 0.0000000000
86376  -44.050  15.679  10.452 0.0000000000
87049  -42.562  16.297  11.453 0.0000000000
87061  -42.295  16.793  10.402 0.0000000000
132779  -40.614  17.305  10.112 0.0000000000
87682  -41.049  17.874  8.497 0.0000000000
87692  -40.771  18.481  8.080 0.0000000000
87694  -42.195  18.229  8.505 0.0000000000
89498  -42.218  20.332  16.243 0.0000000000
126934  -41.011  20.821  15.073 0.0000000000
89497  -40.928  20.936  15.691 0.0000000000
89495  -39.671  20.835  16.098 0.0000000000
90052  -40.779  21.466  17.006 0.0000000000
81310  -38.334  8.484  21.639 0.0000000000
118123  -38.684  8.224  19.946 0.0000000000
81328  -37.397  8.444  20.459 0.0000000000
82850  -34.875  10.894  20.659 0.0000000000
82145  -35.638  9.701  19.817 0.0000000000
123925  -35.097  11.032  19.147 0.0000000000
122576  -35.455  10.943  17.658 0.0000000000
120034  -35.795  12.646  19.451 0.0000000000
86970  -49.480  15.712  20.783 0.0000000000
112324  -48.236  15.621  19.834 0.0000000000
113190  -49.536  15.464  19.313 0.0000000000
87626  -50.069  16.736  14.630 0.0000000000
86321  -48.626  15.910  14.671 0.0000000000
129014  -48.931  15.506  12.743 0.0000000000
113883  -46.639  14.952  11.940 0.0000000000
87652  -47.923  16.505  11.857 0.0000000000
87650  -45.895  16.479  11.882 0.0000000000
87641  -47.247  17.405  12.338 0.0000000000
90073  -47.470  21.859  13.597 0.0000000000
88296  -46.754  19.433  13.934 0.0000000000
89513  -46.191  20.323  15.399 0.0000000000
88898  -45.188  19.940  16.001 0.0000000000
90062  -46.180  21.461  16.349 0.0000000000
80629  -40.788  7.254  7.779 0.0000000000
83526  -38.985  11.046  28.025 0.0000000000
84237  -38.279  12.633  27.928 0.0000000000
113117  -39.732  12.888  28.398 0.0000000000
86220  -42.959  15.122  29.478 0.0000000000
86224  -41.009  15.546  27.945 0.0000000000
86234  -42.187  16.240  27.703 0.0000000000
86900  -42.609  16.445  26.186 0.0000000000
114683  -44.131  16.514  26.642 0.0000000000
87562  -46.912  17.439  28.629 0.0000000000
86904  -46.831  16.097  25.705 0.0000000000
86905  -47.816  16.702  25.885 0.0000000000
86920  -48.552  16.666  23.800 0.0000000000
88191  -48.390  18.219  24.610 0.0000000000
80545  -46.238  8.199  18.561 0.0000000000
81356  -46.457  9.182  19.274 0.0000000000
80511  -46.338  8.302  21.559 0.0000000000
80509  -44.652  8.103  22.161 0.0000000000
81315  -43.872  9.304  22.005 0.0000000000
81304  -42.614  8.857  22.325 0.0000000000
123770  -41.140  8.868  22.126 0.0000000000
80501  -41.981  8.109  22.572 0.0000000000
78953  -39.822  6.164  22.816 0.0000000000
79729  -39.873  7.164  22.815 0.0000000000
79724  -38.300  6.572  23.335 0.0000000000
74837  -41.411  0.536  29.364 0.0000000000
113535  -41.633  0.445  27.218 0.0000000000
74865  -41.279  0.507  26.278 0.0000000000
74876  -43.387  1.188  25.342 0.0000000000
74880  -41.822  0.880  24.907 0.0000000000
75700  -41.096  1.873  23.611 0.0000000000
75689  -39.726  1.581  24.447 0.0000000000
81282  -38.648  8.156  27.238 0.0000000000
130947  -39.159  7.239  27.073 0.0000000000
77418  -43.520  3.521  13.401 0.0000000000
81377  -38.887  7.978  17.927 0.0000000000
80555  -40.487  7.423  17.453 0.0000000000
80564  -39.905  7.783  16.776 0.0000000000
82182  -40.420  9.033  13.937 0.0000000000
81403  -41.126  8.248  14.378 0.0000000000
80598  -42.191  7.746  13.412 0.0000000000
79834  -42.523  7.132  12.778 0.0000000000
80606  -42.492  7.662  12.227 0.0000000000
80613  -42.597  7.618  11.268 0.0000000000
81429  -42.449  8.672  11.098 0.0000000000
82923  -40.409  11.012  10.406 0.0000000000
82925  -41.827  10.313  9.445 0.0000000000
82935  -41.514  10.993  8.843 0.0000000000
82942  -41.792  10.525  7.806 0.0000000000
84319  -40.868  12.400  7.476 0.0000000000
127610  -37.697  14.398  25.288 0.0000000000
85595  -37.023  14.011  24.771 0.0000000000
85597  -38.236  14.872  24.087 0.0000000000
86270  -39.835  15.706  20.512 0.0000000000
85623  -38.339  14.785  20.306 0.0000000000
85629  -38.774  15.018  19.144 0.0000000000
85634  -37.856  14.645  18.444 0.0000000000
120295  -38.429  15.005  18.115 0.0000000000
131651  -44.949  16.331  16.899 0.0000000000
86991  -43.372  16.627  18.375 0.0000000000
86296  -43.447  15.772  16.319 0.0000000000
86347  -40.592  15.938  14.197 0.0000000000
86331  -40.780  15.579  15.030 0.0000000000
86329  -38.860  15.693  14.599 0.0000000000
86313  -38.196  15.467  15.201 0.0000000000
86344  -37.677  15.750  13.486 0.0000000000
85669  -36.663  14.661  12.531 0.0000000000
86362  -37.015  15.324  12.252 0.0000000000
114146  -37.535  15.813  7.936 0.0000000000
85685  -37.613  14.780  8.661 0.0000000000
85690  -38.196  15.349  6.848 0.0000000000
85032  -39.692  13.409  6.584 0.0000000000
85702  -38.259  14.340  6.189 0.0000000000
84333  -37.365  13.401  6.500 0.0000000000
85036  -37.686  14.746  5.988 0.0000000000
128024  -37.247  18.433  7.787 0.0000000000
87086  -36.183  16.118  7.227 0.0000000000
88323  -43.354  18.286  12.175 0.0000000000
88964  -42.399  19.173  9.725 0.0000000000
116944  -41.534  19.588  11.729 0.0000000000
88306  -39.196  19.308  13.498 0.0000000000
88950  -39.180  19.159  11.660 0.0000000000
121190  -37.387  18.501  12.462 0.0000000000
88328  -35.898  18.249  11.400 0.0000000000
88304  -36.434  18.471  12.758 0.0000000000
88317  -34.965  18.210  12.753 0.0000000000
119861  -35.829  18.469  13.425 0.0000000000
88894  -37.799  19.161  16.594 0.0000000000
88270  -36.979  18.306  16.074 0.0000000000
88269  -36.092  18.288  16.737 0.0000000000
88257  -35.389  18.337  17.253 0.0000000000
81299  -36.786  8.750  22.606 0.0000000000
126512  -36.211  9.099  21.113 0.0000000000
82125  -35.437  9.607  22.469 0.0000000000
123612  -34.741  11.202  21.961 0.0000000000
84253  -35.020  12.123  21.882 0.0000000000
86996  -50.106  15.817  18.208 0.0000000000
88261  -50.175  17.615  17.459 0.0000000000
88282  -50.118  17.679  15.241 0.0000000000
88297  -49.692  17.961  13.825 0.0000000000
88936  -48.596  19.410  12.298 0.0000000000
88924  -48.883  20.083  12.750 0.0000000000
90074  -48.439  21.997  13.512 0.0000000000
79088  -41.323  5.137  8.534 0.0000000000
83528  -42.190  10.908  28.689 0.0000000000
84231  -41.185  12.919  28.915 0.0000000000
84914  -42.271  12.956  29.340 0.0000000000
78957  -43.647  6.230  22.275 0.0000000000
79732  -42.526  7.235  22.556 0.0000000000
78956  -42.744  5.743  22.384 0.0000000000
121952  -41.561  4.563  22.543 0.0000000000
78112  -40.648  4.398  22.651 0.0000000000
129941  -40.097  0.433  28.893 0.0000000000
132030  -39.147  0.572  27.116 0.0000000000
78082  -38.468  4.873  26.542 0.0000000000
78930  -39.489  5.832  27.125 0.0000000000
78915  -39.476  5.620  27.501 0.0000000000
79699  -39.443  5.695  28.025 0.0000000000
82163  -37.498  9.184  16.443 0.0000000000
81394  -38.798  8.789  15.977 0.0000000000
82172  -38.513  9.256  15.404 0.0000000000
82181  -39.666  9.268  14.355 0.0000000000
82189  -39.928  9.555  13.573 0.0000000000
82200  -40.991  9.503  12.299 0.0000000000
82904  -39.680  10.334  12.284 0.0000000000
82913  -39.132  10.860  11.771 0.0000000000
84306  -38.280  12.178  10.872 0.0000000000
115652  -40.242  15.863  24.390 0.0000000000
86249  -39.583  15.635  23.695 0.0000000000
126356  -40.466  16.028  22.889 0.0000000000
86262  -40.415  16.143  21.374 0.0000000000
86280  -41.094  16.067  19.447 0.0000000000
86335  -44.687  15.178  13.625 0.0000000000
86333  -43.474  15.368  14.335 0.0000000000
86349  -43.403  15.490  13.054 0.0000000000
87048  -41.696  16.331  12.542 0.0000000000
87047  -40.516  16.622  12.516 0.0000000000
87044  -37.841  16.325  11.935 0.0000000000
87058  -38.925  16.739  11.066 0.0000000000
87667  -38.552  17.094  9.177 0.0000000000
87077  -37.882  16.664  7.332 0.0000000000
87082  -37.613  16.731  6.989 0.0000000000
87690  -38.785  18.527  7.415 0.0000000000
88364  -38.526  18.751  7.325 0.0000000000
88979  -38.898  19.313  7.764 0.0000000000
88292  -42.369  19.534  14.075 0.0000000000
88932  -41.425  20.045  13.329 0.0000000000
88919  -41.136  20.432  14.031 0.0000000000
88918  -40.610  20.402  14.043 0.0000000000
88916  -39.153  19.547  14.348 0.0000000000
88278  -38.158  18.790  14.762 0.0000000000
88906  -38.810  19.556  15.133 0.0000000000
89494  -38.953  20.542  16.429 0.0000000000
89486  -38.691  20.765  17.181 0.0000000000
81350  -40.634  8.344  20.075 0.0000000000
80528  -41.018  7.854  19.289 0.0000000000
81349  -39.648  8.197  19.895 0.0000000000
81367  -38.887  8.066  19.021 0.0000000000
81365  -37.552  8.563  18.200 0.0000000000
119681  -36.057  9.248  20.270 0.0000000000
81346  -36.953  8.785  18.756 0.0000000000
82157  -37.100  9.110  17.213 0.0000000000
82869  -36.033  10.228  17.181 0.0000000000
82875  -35.801  10.998  16.726 0.0000000000
84281  -35.694  12.419  16.483 0.0000000000
117738  -46.207  16.622  22.454 0.0000000000
86951  -45.343  16.912  21.486 0.0000000000
131341  -46.568  16.401  20.313 0.0000000000
112321  -46.606  16.457  18.684 0.0000000000
113038  -46.790  16.300  16.637 0.0000000000
87009  -49.736  15.467  17.473 0.0000000000
86309  -47.378  16.003  15.610 0.0000000000
86320  -45.777  15.458  14.520 0.0000000000
86352  -45.776  14.829  12.401 0.0000000000
86379  -45.179  15.182  11.387 0.0000000000
86387  -44.326  15.968  9.985 0.0000000000
87672  -43.958  17.109  9.222 0.0000000000
87662  -44.773  16.619  10.466 0.0000000000
87648  -44.229  17.456  11.259 0.0000000000
88309  -44.505  17.953  13.711 0.0000000000
132194  -46.892  18.925  13.291 0.0000000000
88295  -46.124  18.603  14.228 0.0000000000
124355  -43.916  18.524  14.373 0.0000000000
88908  -43.222  19.469  15.460 0.0000000000
89499  -43.256  20.170  16.577 0.0000000000
90055  -43.185  21.002  17.755 0.0000000000
83530  -36.646  11.209  27.161 0.0000000000
84239  -35.725  12.119  26.013 0.0000000000
84235  -36.814  12.059  27.078 0.0000000000
84934  -38.193  14.057  27.032 0.0000000000
85589  -38.778  14.657  26.747 0.0000000000
115165  -40.681  14.201  28.544 0.0000000000
133953  -40.101  15.126  27.474 0.0000000000
114142  -40.077  15.623  25.984 0.0000000000
86241  -41.478  16.267  25.412 0.0000000000
112540  -43.098  16.454  25.103 0.0000000000
86916  -44.622  16.442  24.551 0.0000000000
86894  -45.705  16.540  27.856 0.0000000000
86902  -45.402  16.448  26.910 0.0000000000
86917  -45.509  16.268  25.187 0.0000000000
86926  -46.374  16.359  23.986 0.0000000000
124979  -47.844  16.206  22.995 0.0000000000
126633  -49.073  16.229  22.523 0.0000000000
129664  -49.883  16.608  21.723 0.0000000000
80544  -45.243  7.888  18.857 0.0000000000
80531  -43.866  8.293  19.532 0.0000000000
126749  -47.025  8.819  21.243 0.0000000000
81337  -46.598  9.429  20.224 0.0000000000
81335  -44.728  9.395  20.751 0.0000000000
81334  -43.891  9.382  20.766 0.0000000000
81352  -42.557  8.712  20.175 0.0000000000
81331  -41.132  8.909  20.907 0.0000000000
81311  -39.921  8.734  21.874 0.0000000000
121671  -39.063  8.495  22.148 0.0000000000
126589  -41.164  7.772  22.646 0.0000000000
80494  -39.333  7.754  22.958 0.0000000000
81300  -37.532  8.472  22.686 0.0000000000
81295  -37.125  8.347  23.270 0.0000000000
75657  -44.061  1.379  28.700 0.0000000000
129394  -41.476  0.428  28.562 0.0000000000
74858  -43.264  0.818  27.615 0.0000000000
75671  -44.425  1.553  27.247 0.0000000000
75677  -44.231  1.496  26.460 0.0000000000
75694  -43.978  1.488  24.775 0.0000000000
76554  -44.307  2.177  23.470 0.0000000000
76552  -42.555  2.194  23.296 0.0000000000
77335  -40.442  3.042  23.061 0.0000000000
78106  -38.994  3.997  23.386 0.0000000000
123040  -35.919  9.078  26.390 0.0000000000
82108  -37.035  9.309  27.227 0.0000000000
115798  -38.580  9.797  27.617 0.0000000000
82821  -39.823  10.322  28.019 0.0000000000
82104  -41.587  9.244  28.254 0.0000000000
77428  -44.042  2.967  12.700 0.0000000000
77427  -43.388  3.305  12.417 0.0000000000
77426  -42.812  3.709  12.032 0.0000000000
117970  -41.221  7.173  18.093 0.0000000000
79795  -42.298  6.207  16.963 0.0000000000
81396  -40.611  8.144  15.197 0.0000000000
80579  -42.063  7.201  14.785 0.0000000000
79038  -42.692  5.696  14.832 0.0000000000
79057  -42.575  5.441  13.268 0.0000000000
79065  -42.414  5.284  12.281 0.0000000000
131575  -42.354  4.484  11.453 0.0000000000
79849  -42.009  5.755  10.191 0.0000000000
131662  -42.014  6.182  9.500 0.0000000000
80625  -42.263  7.748  8.510 0.0000000000
82210  -41.913  9.478  10.947 0.0000000000
82219  -42.409  9.283  9.585 0.0000000000
81448  -42.242  8.500  8.031 0.0000000000
81453  -41.643  9.470  7.471 0.0000000000
82232  -40.837  9.394  7.389 0.0000000000
83634  -40.160  11.033  7.109 0.0000000000
84937  -35.785  12.890  24.716 0.0000000000
84943  -35.927  13.229  22.828 0.0000000000
84950  -36.032  13.234  21.971 0.0000000000
85605  -38.214  15.005  22.148 0.0000000000
115095  -37.233  13.976  21.272 0.0000000000
84960  -36.579  13.407  20.358 0.0000000000
84969  -36.272  13.211  18.835 0.0000000000
127629  -36.366  13.430  17.501 0.0000000000
119787  -36.313  13.749  16.174 0.0000000000
86965  -43.520  17.135  20.055 0.0000000000
131818  -42.553  16.447  18.571 0.0000000000
86286  -41.317  15.695  17.936 0.0000000000
112330  -42.374  15.389  15.471 0.0000000000
86304  -41.113  15.507  16.221 0.0000000000
86293  -39.726  15.329  17.533 0.0000000000
130938  -38.699  15.121  16.900 0.0000000000
85654  -36.588  14.402  15.505 0.0000000000
84993  -36.053  13.226  14.601 0.0000000000
84301  -36.736  12.799  12.760 0.0000000000
112755  -37.924  12.793  10.443 0.0000000000
86385  -37.104  15.129  10.688 0.0000000000
85018  -37.908  13.900  8.956 0.0000000000
84318  -39.274  13.071  8.638 0.0000000000
84326  -40.498  13.034  6.931 0.0000000000
83641  -40.460  11.934  6.690 0.0000000000
85701  -36.712  15.364  6.343 0.0000000000
88973  -42.351  18.858  8.775 0.0000000000
114734  -40.991  19.353  8.995 0.0000000000
112170  -38.645  19.455  9.411 0.0000000000
88943  -40.979  19.679  11.790 0.0000000000
88961  -38.879  19.297  10.501 0.0000000000
130024  -37.495  18.970  10.127 0.0000000000
88337  -35.837  18.070  10.702 0.0000000000
87658  -34.969  17.487  11.425 0.0000000000
86361  -34.351  16.180  11.941 0.0000000000
88276  -36.375  18.206  15.222 0.0000000000
88274  -34.605  18.319  15.441 0.0000000000
90561  -43.243  22.311  18.731 0.0000000000
121882  -41.432  22.214  18.464 0.0000000000
90569  -40.389  21.923  17.576 0.0000000000
90043  -39.094  22.009  17.702 0.0000000000
90041  -38.483  21.652  18.220 0.0000000000
82117  -35.178  9.844  25.644 0.0000000000
129615  -34.869  10.280  25.021 0.0000000000
82832  -34.974  10.843  25.526 0.0000000000
78228  -42.105  3.950  10.225 0.0000000000
77348  -46.513  3.361  22.934 0.0000000000
77347  -45.968  3.394  22.580 0.0000000000
126944  -45.362  3.231  22.643 0.0000000000
77346  -44.578  3.573  22.483 0.0000000000
76562  -44.886  2.702  22.967 0.0000000000
78075  -36.680  4.178  27.691 0.0000000000
80541  -42.551  7.377  19.055 0.0000000000
83585  -36.040  11.806  15.044 0.0000000000
83586  -36.522  11.434  14.618 0.0000000000
131446  -36.249  11.998  14.475 0.0000000000
83593  -36.683  11.825  13.877 0.0000000000
84292  -36.249  12.550  14.118 0.0000000000
86935  -43.763  16.724  22.740 0.0000000000
87062  -43.457  16.325  10.198 0.0000000000
87670  -41.959  17.229  9.662 0.0000000000
87683  -42.088  17.658  8.776 0.0000000000
87671  -43.105  17.516  8.780 0.0000000000
89488  -41.763  20.743  16.696 0.0000000000
113348  -41.488  20.651  15.935 0.0000000000
89487  -41.126  21.059  16.431 0.0000000000
90061  -40.567  21.189  16.399 0.0000000000
120879  -37.673  8.460  21.193 0.0000000000
114305  -36.994  8.635  21.138 0.0000000000
83552  -35.080  11.674  20.368 0.0000000000
82856  -35.001  11.008  19.858 0.0000000000
83556  -35.236  11.836  19.434 0.0000000000
86982  -49.116  15.467  19.936 0.0000000000
86983  -49.841  15.688  19.921 0.0000000000
87644  -49.544  16.553  12.468 0.0000000000
87038  -49.428  15.989  13.005 0.0000000000
87654  -49.301  15.974  12.111 0.0000000000
87053  -48.103  15.605  11.878 0.0000000000
87653  -48.775  16.253  11.828 0.0000000000
87642  -48.584  17.397  11.881 0.0000000000
133009  -46.874  21.785  14.352 0.0000000000
89514  -46.865  21.008  14.161 0.0000000000
89502  -46.489  21.153  15.391 0.0000000000
79093  -40.688  5.096  8.424 0.0000000000
79854  -40.580  6.410  8.170 0.0000000000
117912  -41.185  6.823  7.967 0.0000000000
83527  -39.845  11.181  28.219 0.0000000000
84229  -39.763  12.086  28.404 0.0000000000
86227  -43.392  16.008  28.972 0.0000000000
86226  -42.491  15.821  28.574 0.0000000000
86881  -43.060  16.374  28.054 0.0000000000
86892  -42.947  16.527  27.029 0.0000000000
130675  -43.723  16.531  27.534 0.0000000000
87574  -48.158  17.430  25.699 0.0000000000
87575  -48.421  17.556  25.071 0.0000000000
80546  -47.164  8.708  18.454 0.0000000000
81357  -47.357  9.313  19.490 0.0000000000
81305  -43.463  8.905  22.322 0.0000000000
80502  -42.978  8.100  22.479 0.0000000000
133373  -39.509  5.467  22.923 0.0000000000
78947  -38.103  5.612  23.583 0.0000000000
74824  -40.932  0.788  30.262 0.0000000000
74873  -40.642  0.692  25.596 0.0000000000
133462  -41.366  0.694  25.445 0.0000000000
74879  -41.010  0.925  24.867 0.0000000000
75690  -40.588  1.396  24.275 0.0000000000
79709  -38.695  5.626  26.556 0.0000000000
80481  -38.896  6.488  26.724 0.0000000000
132858  -43.156  4.498  14.613 0.0000000000
112698  -38.678  8.292  17.113 0.0000000000
81386  -39.233  8.061  17.019 0.0000000000
116375  -38.901  8.451  16.558 0.0000000000
81412  -41.156  8.637  13.578 0.0000000000
81413  -41.843  8.283  12.976 0.0000000000
80599  -42.424  7.611  12.924 0.0000000000
81414  -42.308  8.007  12.552 0.0000000000
119028  -42.507  8.175  11.680 0.0000000000
81421  -42.066  8.547  11.978 0.0000000000
83618  -40.004  11.672  9.815 0.0000000000
83619  -40.855  11.385  9.288 0.0000000000
83627  -41.209  11.714  8.161 0.0000000000
83626  -40.537  12.113  8.602 0.0000000000
85592  -38.447  14.858  25.400 0.0000000000
115588  -38.145  14.739  24.754 0.0000000000
86243  -38.730  15.126  24.687 0.0000000000
86278  -39.342  15.293  19.757 0.0000000000
85635  -38.424  14.946  18.607 0.0000000000
85636  -39.065  15.151  18.265 0.0000000000
87015  -44.466  15.993  16.162 0.0000000000
87005  -44.164  16.266  17.038 0.0000000000
120889  -40.161  16.314  13.445 0.0000000000
86346  -39.528  16.072  13.998 0.0000000000
86345  -38.553  15.979  13.710 0.0000000000
86363  -37.476  15.823  12.596 0.0000000000
85698  -38.587  14.557  6.493 0.0000000000
85697  -37.978  15.243  6.287 0.0000000000
87688  -36.650  17.821  7.827 0.0000000000
132622  -36.732  18.250  8.327 0.0000000000
87679  -36.246  18.036  8.912 0.0000000000
88322  -42.658  18.896  11.566 0.0000000000
130162  -38.339  18.716  12.996 0.0000000000
129357  -36.675  18.441  12.025 0.0000000000
124667  -36.646  18.453  13.570 0.0000000000
88888  -37.624  19.534  17.443 0.0000000000
88259  -36.984  18.756  17.107 0.0000000000
82122  -35.399  9.508  23.322 0.0000000000
83540  -34.652  11.348  23.453 0.0000000000
82838  -34.675  10.816  22.763 0.0000000000
83542  -34.772  11.692  22.674 0.0000000000
84249  -35.113  12.288  22.674 0.0000000000
88250  -50.226  17.526  18.437 0.0000000000
88260  -49.587  18.412  17.900 0.0000000000
88900  -49.378  19.647  16.201 0.0000000000
123483  -49.756  18.701  15.790 0.0000000000
112093  -49.667  18.740  14.729 0.0000000000
88925  -49.406  19.429  13.617 0.0000000000
90069  -49.079  22.251  14.427 0.0000000000
90070  -49.108  21.693  14.124 0.0000000000
90068  -47.900  22.588  13.565 0.0000000000
77451  -41.866  3.579  9.232 0.0000000000
78237  -41.484  4.349  8.914 0.0000000000
83518  -42.838  11.022  29.160 0.0000000000
84220  -42.188  11.852  29.078 0.0000000000
84221  -43.173  11.941  29.518 0.0000000000
78959  -45.125  5.701  21.793 0.0000000000
123685  -43.337  5.120  22.195 0.0000000000
77344  -42.771  3.445  22.610 0.0000000000
122140  -42.453  4.826  22.385 0.0000000000
77342  -41.206  3.588  22.794 0.0000000000
77315  -37.721  3.253  26.248 0.0000000000
78922  -38.708  5.048  27.017 0.0000000000
80472  -38.832  6.377  28.531 0.0000000000
82171  -37.746  9.511  15.652 0.0000000000
82890  -38.346  10.089  14.240 0.0000000000
82188  -39.135  9.808  13.926 0.0000000000
82898  -39.406  10.083  13.135 0.0000000000
82199  -40.205  9.802  12.751 0.0000000000
83600  -37.648  11.640  12.613 0.0000000000
83601  -38.376  11.251  12.206 0.0000000000
83608  -37.918  11.859  11.751 0.0000000000
83609  -38.692  11.534  11.324 0.0000000000
86921  -41.000  16.147  24.264 0.0000000000
86250  -40.368  15.927  23.597 0.0000000000
86934  -41.095  16.200  23.427 0.0000000000
86949  -41.548  16.518  21.346 0.0000000000
86271  -40.782  16.123  20.406 0.0000000000
86963  -41.711  16.476  20.229 0.0000000000
112328  -44.573  15.073  13.020 0.0000000000
112329  -43.854  15.324  13.461 0.0000000000
116833  -41.472  16.769  11.570 0.0000000000
86364  -42.778  15.836  12.528 0.0000000000
87046  -39.606  16.771  11.830 0.0000000000
112509  -40.178  17.482  9.363 0.0000000000
87668  -39.135  17.086  9.948 0.0000000000
87666  -38.229  17.043  8.179 0.0000000000
87680  -38.805  17.696  7.874 0.0000000000
87689  -38.195  17.565  7.076 0.0000000000
121867  -39.381  18.245  7.768 0.0000000000
87691  -39.776  18.773  7.721 0.0000000000
88358  -39.033  19.042  7.475 0.0000000000
88987  -38.487  19.091  7.488 0.0000000000
127598  -39.745  19.180  7.876 0.0000000000
88921  -42.407  19.682  15.004 0.0000000000
111819  -41.662  20.149  14.056 0.0000000000
88920  -41.884  20.043  14.688 0.0000000000
89510  -40.572  20.854  15.173 0.0000000000
89520  -40.833  20.684  14.611 0.0000000000
88917  -39.915  20.042  13.995 0.0000000000
88907  -39.588  20.228  14.848 0.0000000000
90060  -39.965  21.231  16.527 0.0000000000
122724  -37.866  8.256  19.818 0.0000000000
81348  -38.257  8.175  19.230 0.0000000000
81366  -38.212  8.216  18.464 0.0000000000
81347  -37.653  8.384  19.004 0.0000000000
82128  -35.505  9.637  21.555 0.0000000000
82140  -35.580  9.666  20.670 0.0000000000
82151  -35.661  9.760  18.929 0.0000000000
82146  -36.292  9.120  19.442 0.0000000000
82152  -36.290  9.326  18.430 0.0000000000
82156  -36.430  9.520  17.583 0.0000000000
121961  -35.488  11.981  17.802 0.0000000000
83566  -35.555  11.744  17.005 0.0000000000
83573  -35.723  11.687  16.229 0.0000000000
86952  -46.737  16.494  21.659 0.0000000000
113953  -47.168  16.238  20.969 0.0000000000
86994  -47.600  15.975  18.452 0.0000000000
86981  -47.458  15.929  19.321 0.0000000000
112539  -46.735  16.448  17.768 0.0000000000
87010  -50.192  15.800  17.258 0.0000000000
87018  -49.788  15.555  16.715 0.0000000000
87024  -48.538  16.016  15.662 0.0000000000
112947  -47.732  15.694  14.449 0.0000000000
86337  -46.666  15.274  13.802 0.0000000000
86353  -46.644  14.951  12.729 0.0000000000
86380  -45.933  15.276  11.700 0.0000000000
86368  -45.589  14.930  11.802 0.0000000000
86378  -44.622  15.539  10.828 0.0000000000
87063  -44.804  16.044  10.402 0.0000000000
87673  -44.405  16.528  9.736 0.0000000000
87050  -45.377  16.082  11.061 0.0000000000
87640  -46.293  17.213  12.663 0.0000000000
87649  -45.046  16.855  11.616 0.0000000000
87639  -45.270  17.308  12.780 0.0000000000
87638  -44.210  17.644  12.619 0.0000000000
88935  -48.036  19.717  12.359 0.0000000000
88310  -47.599  18.722  12.449 0.0000000000
88934  -47.432  19.747  12.902 0.0000000000
88281  -46.150  19.240  14.745 0.0000000000
88280  -45.312  18.994  15.011 0.0000000000
88294  -44.929  18.421  14.453 0.0000000000
88279  -44.092  18.922  15.013 0.0000000000
88909  -44.526  19.379  15.594 0.0000000000
89500  -44.560  20.247  16.685 0.0000000000
89490  -43.833  20.596  17.256 0.0000000000
80623  -40.229  6.828  8.162 0.0000000000
81445  -40.191  8.578  7.758 0.0000000000
130262  -37.239  10.756  27.468 0.0000000000
83531  -37.390  11.500  27.544 0.0000000000
84929  -38.545  13.493  27.719 0.0000000000
84928  -37.760  13.272  27.340 0.0000000000
84922  -40.173  13.434  28.467 0.0000000000
86233  -41.440  15.932  27.418 0.0000000000
85579  -40.498  15.097  28.033 0.0000000000
85586  -40.718  15.586  27.233 0.0000000000
86236  -40.077  15.387  26.788 0.0000000000
86237  -40.743  15.784  26.356 0.0000000000
86240  -40.806  15.973  25.657 0.0000000000
86238  -41.364  16.158  25.967 0.0000000000
129363  -43.503  16.474  25.964 0.0000000000
86908  -42.854  16.447  25.585 0.0000000000
86909  -43.735  16.488  25.456 0.0000000000
86915  -43.894  16.488  25.023 0.0000000000
112326  -44.604  16.427  25.300 0.0000000000
87566  -47.135  16.987  27.951 0.0000000000
127482  -45.864  16.581  28.700 0.0000000000
86895  -46.414  16.399  27.151 0.0000000000
132143  -46.073  16.177  25.599 0.0000000000
86911  -46.395  16.124  25.177 0.0000000000
131938  -45.871  16.272  24.653 0.0000000000
86918  -46.788  16.213  24.593 0.0000000000
86937  -46.874  16.335  23.199 0.0000000000
86927  -47.312  16.302  23.801 0.0000000000
87579  -48.893  16.987  23.628 0.0000000000
86929  -48.791  16.466  23.127 0.0000000000
86940  -49.509  16.251  22.046 0.0000000000
87586  -49.264  16.774  22.805 0.0000000000
132655  -47.225  7.512  17.524 0.0000000000
80533  -45.619  8.923  19.285 0.0000000000
81318  -46.412  9.196  21.062 0.0000000000
81319  -47.197  9.263  20.783 0.0000000000
81336  -45.643  9.359  20.697 0.0000000000
82131  -43.513  9.455  21.480 0.0000000000
81333  -43.051  9.290  20.817 0.0000000000
81332  -42.138  9.135  20.983 0.0000000000
81312  -40.749  8.926  21.690 0.0000000000
81301  -39.709  8.332  22.487 0.0000000000
118707  -42.173  6.360  22.527 0.0000000000
79731  -41.645  7.100  22.610 0.0000000000
79730  -40.683  6.912  22.664 0.0000000000
133582  -38.819  7.253  23.151 0.0000000000
80498  -38.804  8.152  22.742 0.0000000000
81296  -37.880  8.072  23.112 0.0000000000
76544  -46.072  2.500  24.902 0.0000000000
74826  -42.797  0.843  29.993 0.0000000000
74839  -43.474  1.061  29.296 0.0000000000
113155  -44.143  1.397  29.593 0.0000000000
74845  -40.793  0.390  28.720 0.0000000000
112347  -41.120  0.344  27.954 0.0000000000
74857  -42.497  0.592  27.390 0.0000000000
75662  -43.932  1.240  27.846 0.0000000000
75670  -43.733  1.207  27.022 0.0000000000
75676  -43.562  1.171  26.189 0.0000000000
75693  -43.175  1.303  24.500 0.0000000000
75704  -44.580  1.848  24.217 0.0000000000
75703  -43.742  1.658  23.943 0.0000000000
76553  -43.425  2.125  23.316 0.0000000000
76550  -40.532  2.413  23.387 0.0000000000
124162  -41.194  2.659  23.137 0.0000000000
77334  -39.688  3.420  23.153 0.0000000000
80484  -37.248  6.784  25.766 0.0000000000
80479  -36.648  7.729  26.088 0.0000000000
81286  -35.953  8.513  25.943 0.0000000000
81280  -36.582  8.624  26.662 0.0000000000
82115  -36.209  9.504  26.831 0.0000000000
82109  -38.046  9.098  27.443 0.0000000000
79704  -40.042  6.109  27.681 0.0000000000
80476  -39.766  6.544  27.322 0.0000000000
79701  -40.330  6.376  27.891 0.0000000000
82112  -41.190  8.484  28.064 0.0000000000
118108  -42.058  10.005  28.492 0.0000000000
115274  -44.723  2.936  12.842 0.0000000000
77419  -44.400  3.229  13.556 0.0000000000
77417  -42.964  3.776  12.847 0.0000000000
78206  -42.613  4.453  12.609 0.0000000000
133510  -41.069  7.495  18.688 0.0000000000
80565  -40.603  7.538  16.500 0.0000000000
80556  -41.143  7.088  17.044 0.0000000000
81395  -39.338  8.875  15.206 0.0000000000
118864  -39.968  8.437  15.416 0.0000000000
80589  -41.844  7.708  14.218 0.0000000000
80578  -41.349  7.623  15.110 0.0000000000
79816  -42.477  6.619  14.595 0.0000000000
79048  -42.654  6.105  14.060 0.0000000000
130312  -42.598  6.876  13.923 0.0000000000
124096  -42.449  6.244  12.536 0.0000000000
79072  -42.226  5.780  11.359 0.0000000000
79081  -41.931  4.912  10.346 0.0000000000
120353  -42.650  8.212  10.741 0.0000000000
132971  -42.558  7.582  10.313 0.0000000000
79848  -42.227  7.034  9.239 0.0000000000
80618  -42.570  8.041  9.669 0.0000000000
82209  -41.295  9.796  11.426 0.0000000000
82226  -42.272  9.902  9.006 0.0000000000
82218  -42.060  9.679  10.007 0.0000000000
82227  -42.379  9.306  8.552 0.0000000000
81447  -41.768  8.511  7.500 0.0000000000
82233  -42.141  9.313  7.797 0.0000000000
82949  -41.442  11.105  7.379 0.0000000000
82239  -41.562  10.392  7.534 0.0000000000
82948  -41.236  10.875  7.169 0.0000000000
82237  -40.670  10.340  7.253 0.0000000000
82947  -40.872  11.209  6.890 0.0000000000
84240  -36.404  12.485  26.402 0.0000000000
129751  -35.559  12.362  25.355 0.0000000000
84242  -36.094  12.783  25.645 0.0000000000
85599  -37.004  14.113  23.856 0.0000000000
84938  -36.384  13.581  24.270 0.0000000000
84941  -36.403  13.696  23.347 0.0000000000
84944  -36.506  13.694  22.469 0.0000000000
129891  -39.351  15.724  22.243 0.0000000000
86252  -38.850  15.395  22.876 0.0000000000
86260  -38.828  15.374  21.843 0.0000000000
85622  -37.808  14.389  20.778 0.0000000000
85621  -37.198  13.889  20.466 0.0000000000
130943  -36.765  13.615  20.964 0.0000000000
84964  -36.272  13.126  19.741 0.0000000000
85627  -36.954  13.751  19.556 0.0000000000
85643  -37.448  14.343  17.937 0.0000000000
84977  -36.888  13.881  17.712 0.0000000000
84981  -36.632  13.806  16.987 0.0000000000
86966  -45.092  17.030  20.434 0.0000000000
120226  -44.246  17.143  20.772 0.0000000000
129666  -44.310  17.188  20.026 0.0000000000
87004  -43.342  16.209  17.351 0.0000000000
87003  -42.596  16.189  17.785 0.0000000000
86990  -41.933  16.118  18.248 0.0000000000
86287  -41.950  15.780  17.430 0.0000000000
86318  -42.792  15.387  14.883 0.0000000000
112542  -43.161  15.407  15.145 0.0000000000
86332  -42.170  15.372  15.028 0.0000000000
86315  -40.071  15.509  15.610 0.0000000000
86316  -40.946  15.514  15.704 0.0000000000
86303  -40.278  15.464  16.278 0.0000000000
115448  -40.438  15.467  16.852 0.0000000000
120241  -39.569  15.324  16.916 0.0000000000
129236  -37.510  15.327  14.844 0.0000000000
85655  -37.435  15.021  15.683 0.0000000000
85662  -36.872  14.978  14.812 0.0000000000
111936  -36.289  14.224  14.481 0.0000000000
84999  -36.291  13.345  13.600 0.0000000000
85665  -36.473  14.422  13.416 0.0000000000
113205  -36.760  14.100  11.781 0.0000000000
85008  -37.004  13.123  11.751 0.0000000000
127614  -37.424  13.058  10.887 0.0000000000
85015  -37.662  13.416  10.107 0.0000000000
130735  -37.741  16.378  10.942 0.0000000000
86386  -37.330  15.742  10.819 0.0000000000
85025  -38.454  14.454  7.502 0.0000000000
84311  -38.328  13.251  9.419 0.0000000000
119600  -40.273  12.864  7.902 0.0000000000
84325  -39.795  13.446  7.338 0.0000000000
84335  -39.054  13.163  6.234 0.0000000000
84336  -40.111  12.792  6.556 0.0000000000
83640  -39.484  12.370  6.491 0.0000000000
83633  -39.667  11.616  6.914 0.0000000000
87088  -37.226  16.660  6.837 0.0000000000
86402  -36.849  15.978  6.545 0.0000000000
86396  -35.512  15.210  7.704 0.0000000000
88352  -43.394  17.703  8.838 0.0000000000
88341  -43.043  18.564  8.977 0.0000000000
130173  -41.103  19.466  9.961 0.0000000000
88963  -41.736  19.301  9.379 0.0000000000
88971  -40.137  19.383  8.614 0.0000000000
88962  -39.536  19.445  9.550 0.0000000000
88944  -41.222  19.862  12.574 0.0000000000
88331  -38.180  18.868  11.195 0.0000000000
88340  -38.032  19.174  10.259 0.0000000000
114620  -36.916  18.628  10.433 0.0000000000
88338  -36.321  18.339  10.639 0.0000000000
88318  -35.459  18.204  12.090 0.0000000000
87057  -34.702  16.727  11.307 0.0000000000
87043  -34.515  17.156  12.199 0.0000000000
88302  -35.035  18.385  13.413 0.0000000000
87637  -34.370  18.034  13.525 0.0000000000
88277  -37.262  18.348  15.046 0.0000000000
88275  -35.759  18.195  15.801 0.0000000000
88273  -33.745  18.192  15.699 0.0000000000
91047  -41.093  22.950  18.833 0.0000000000
90559  -40.651  22.348  18.225 0.0000000000
90557  -39.343  22.448  18.087 0.0000000000
119551  -35.372  9.404  24.016 0.0000000000
82119  -34.918  9.859  23.813 0.0000000000
82833  -34.751  10.339  24.353 0.0000000000
83537  -34.621  11.035  24.209 0.0000000000
84243  -34.817  11.792  24.116 0.0000000000
88899  -49.191  19.711  16.906 0.0000000000
89504  -49.290  20.583  15.696 0.0000000000
90580  -49.331  22.118  15.667 0.0000000000
83516  -43.813  11.572  30.406 0.0000000000
83519  -43.770  11.751  29.975 0.0000000000
78113  -44.878  4.674  22.068 0.0000000000
126073  -43.926  4.413  22.252 0.0000000000
77345  -43.542  3.499  22.529 0.0000000000
78921  -38.013  4.777  27.230 0.0000000000
78913  -37.683  5.278  27.766 0.0000000000
79768  -43.880  6.731  18.646 0.0000000000
79766  -42.109  6.876  18.395 0.0000000000
82881  -36.620  10.549  15.622 0.0000000000
82882  -37.313  10.156  15.282 0.0000000000
82888  -36.886  10.789  14.916 0.0000000000
82896  -37.840  10.715  13.814 0.0000000000
83594  -37.387  11.388  13.428 0.0000000000
83599  -36.997  12.043  13.038 0.0000000000
86923  -42.652  16.491  23.918 0.0000000000
115315  -41.877  16.456  23.218 0.0000000000
113260  -42.753  16.660  22.982 0.0000000000
127552  -42.772  16.849  21.855 0.0000000000
86366  -44.315  15.367  11.130 0.0000000000
127696  -43.723  15.410  12.031 0.0000000000
86365  -43.585  15.759  11.274 0.0000000000
87660  -41.159  17.197  10.593 0.0000000000
87059  -39.989  17.091  10.701 0.0000000000
87669  -41.187  17.432  9.480 0.0000000000
87681  -40.135  18.067  8.115 0.0000000000
88360  -41.378  18.588  8.253 0.0000000000
89512  -41.348  20.474  14.745 0.0000000000
89511  -41.298  20.656  15.341 0.0000000000
89509  -39.946  20.750  15.335 0.0000000000
89496  -40.315  20.955  15.863 0.0000000000
90051  -40.186  21.572  17.012 0.0000000000
122980  -39.166  8.464  21.056 0.0000000000
81329  -38.186  8.310  20.691 0.0000000000
82851  -35.194  10.280  20.241 0.0000000000
82857  -35.263  10.351  19.421 0.0000000000
82863  -35.320  10.535  18.595 0.0000000000
83560  -35.262  11.454  18.524 0.0000000000
84271  -35.617  12.363  18.642 0.0000000000
86954  -48.847  15.763  21.345 0.0000000000
113259  -48.066  15.866  21.011 0.0000000000
86969  -48.588  15.645  20.559 0.0000000000
112320  -48.598  15.543  19.086 0.0000000000
112319  -48.521  15.637  18.225 0.0000000000
87026  -49.703  16.190  15.291 0.0000000000
87025  -49.303  15.887  15.776 0.0000000000
86339  -49.052  15.896  14.609 0.0000000000
129982  -48.666  15.695  13.917 0.0000000000
86354  -48.159  15.316  12.818 0.0000000000
116540  -47.485  15.112  12.394 0.0000000000
86369  -48.107  15.329  12.306 0.0000000000
119240  -47.550  15.155  11.961 0.0000000000
87052  -47.096  15.466  11.673 0.0000000000
87651  -46.890  16.311  11.714 0.0000000000
89521  -47.600  21.197  13.184 0.0000000000
88922  -47.186  20.397  13.491 0.0000000000
88911  -46.511  19.938  14.581 0.0000000000
89501  -45.807  20.627  16.292 0.0000000000
83532  -38.173  11.716  27.934 0.0000000000
84228  -38.992  11.912  28.203 0.0000000000
84920  -39.074  12.798  28.208 0.0000000000
84921  -39.357  13.690  28.031 0.0000000000
85581  -42.029  14.979  28.854 0.0000000000
120820  -41.159  15.015  28.486 0.0000000000
86225  -41.642  15.667  28.213 0.0000000000
86891  -41.989  16.366  26.815 0.0000000000
130976  -41.828  16.320  26.203 0.0000000000
133288  -43.287  16.497  26.400 0.0000000000
114188  -46.948  16.218  26.523 0.0000000000
86897  -47.425  16.584  26.607 0.0000000000
131601  -47.305  16.300  26.004 0.0000000000
125922  -47.558  16.373  25.253 0.0000000000
86919  -47.492  16.339  24.447 0.0000000000
131271  -48.143  16.582  24.422 0.0000000000
87577  -48.608  17.123  24.425 0.0000000000
79772  -46.842  7.869  17.998 0.0000000000
80510  -45.442  8.161  21.891 0.0000000000
81316  -44.944  8.859  21.933 0.0000000000
82133  -44.960  9.252  21.409 0.0000000000
81306  -44.249  8.864  22.208 0.0000000000
81314  -43.113  9.328  22.023 0.0000000000
81313  -42.330  9.243  21.849 0.0000000000
81303  -41.794  8.824  22.215 0.0000000000
80500  -41.149  8.425  22.458 0.0000000000
129417  -40.584  5.925  22.602 0.0000000000
79725  -39.166  6.805  23.050 0.0000000000
118244  -37.729  7.160  23.538 0.0000000000
116449  -39.828  0.409  27.169 0.0000000000
74856  -40.713  0.347  27.175 0.0000000000
74866  -42.239  0.605  26.526 0.0000000000
125006  -42.843  0.834  25.911 0.0000000000
74874  -42.047  0.672  25.667 0.0000000000
74875  -42.622  0.958  25.088 0.0000000000
75692  -42.345  1.271  24.358 0.0000000000
75701  -42.029  1.725  23.756 0.0000000000
75691  -41.480  1.311  24.263 0.0000000000
75699  -40.159  1.961  23.801 0.0000000000
124419  -37.789  5.719  25.713 0.0000000000
80480  -37.670  7.107  26.437 0.0000000000
81281  -37.567  8.457  27.117 0.0000000000
80475  -38.177  7.583  26.888 0.0000000000
78196  -43.283  4.134  14.178 0.0000000000
80554  -39.730  7.692  17.735 0.0000000000
132974  -40.753  8.660  14.151 0.0000000000
116922  -41.692  8.128  13.718 0.0000000000
125451  -42.479  7.274  13.441 0.0000000000
82916  -41.559  10.062  10.479 0.0000000000
82924  -41.196  10.699  9.925 0.0000000000
82936  -41.914  10.472  8.468 0.0000000000
83636  -41.543  11.123  7.912 0.0000000000
83635  -41.185  11.783  7.349 0.0000000000
129181  -37.144  13.855  25.610 0.0000000000
84936  -36.487  13.438  25.195 0.0000000000
85596  -37.626  14.468  24.363 0.0000000000
85600  -37.667  14.668  23.442 0.0000000000
132320  -38.899  15.305  21.256 0.0000000000
86269  -38.996  15.209  20.607 0.0000000000
86277  -38.736  14.972  19.872 0.0000000000
119627  -38.349  14.771  19.646 0.0000000000
84965  -37.562  14.294  19.103 0.0000000000
112086  -38.114  14.708  19.125 0.0000000000
85644  -38.016  14.868  17.600 0.0000000000
86992  -44.961  16.671  17.795 0.0000000000
112323  -44.419  16.856  18.622 0.0000000000
114331  -44.024  16.549  17.826 0.0000000000
135196  -41.261  15.903  13.905 0.0000000000
112174  -41.498  15.448  15.218 0.0000000000
86330  -39.824  15.703  14.842 0.0000000000
86314  -39.141  15.434  15.442 0.0000000000
86328  -37.962  15.655  14.347 0.0000000000
86327  -37.246  15.343  14.133 0.0000000000
86343  -36.932  15.284  13.229 0.0000000000
85674  -36.915  14.601  11.139 0.0000000000
119577  -37.657  16.379  8.833 0.0000000000
86393  -37.366  15.495  9.659 0.0000000000
85026  -39.144  13.964  6.898 0.0000000000
85031  -38.845  13.807  6.391 0.0000000000
84341  -38.403  13.664  6.180 0.0000000000
84334  -38.111  13.268  6.151 0.0000000000
85037  -37.886  13.928  6.101 0.0000000000
87698  -37.474  17.998  7.075 0.0000000000
87087  -36.978  17.279  7.107 0.0000000000
87081  -36.123  17.022  7.673 0.0000000000
88333  -43.554  18.167  10.723 0.0000000000
88332  -42.953  18.802  10.127 0.0000000000
88954  -42.180  19.346  11.024 0.0000000000
88953  -41.550  19.519  10.671 0.0000000000
88930  -39.924  19.672  12.960 0.0000000000
134382  -39.651  19.386  12.314 0.0000000000
88941  -39.138  19.099  12.607 0.0000000000
88321  -38.278  18.702  12.107 0.0000000000
88320  -37.379  18.537  11.660 0.0000000000
88329  -36.588  18.422  11.294 0.0000000000
88319  -36.010  18.423  12.030 0.0000000000
88303  -35.552  18.399  12.707 0.0000000000
132725  -35.360  18.450  14.011 0.0000000000
118545  -35.686  18.501  17.888 0.0000000000
81308  -36.712  8.833  21.784 0.0000000000
82129  -36.126  9.189  22.078 0.0000000000
82836  -34.919  10.056  22.983 0.0000000000
82839  -34.932  10.287  22.007 0.0000000000
82842  -34.803  10.792  21.359 0.0000000000
83545  -34.892  11.508  21.185 0.0000000000
84262  -35.290  12.224  20.982 0.0000000000
127957  -50.315  16.127  19.764 0.0000000000
88241  -50.219  17.484  19.221 0.0000000000
87610  -50.378  16.603  17.916 0.0000000000
87616  -50.316  16.623  16.896 0.0000000000
88271  -50.175  17.651  16.391 0.0000000000
87621  -50.257  16.658  15.823 0.0000000000
88313  -49.469  17.556  12.562 0.0000000000
88312  -48.918  18.204  12.067 0.0000000000
88937  -49.234  18.889  12.623 0.0000000000
89528  -48.281  20.401  12.634 0.0000000000
117735  -49.184  20.587  13.499 0.0000000000
89523  -48.470  21.103  12.995 0.0000000000
133162  -48.023  21.051  12.887 0.0000000000
89522  -47.971  21.673  13.178 0.0000000000
119110  -47.252  22.477  14.081 0.0000000000
134142  -41.476  10.845  28.475 0.0000000000
112155  -41.354  11.684  28.708 0.0000000000
84222  -43.770  12.329  30.003 0.0000000000
84915  -43.163  13.028  29.750 0.0000000000
85575  -42.497  14.036  29.467 0.0000000000
78958  -44.586  6.406  21.969 0.0000000000
120641  -42.910  6.539  22.459 0.0000000000
78955  -41.880  5.472  22.485 0.0000000000
78954  -40.997  5.260  22.467 0.0000000000
120237  -40.082  5.173  22.748 0.0000000000
125639  -39.279  4.884  23.066 0.0000000000
74836  -40.482  0.555  29.518 0.0000000000
123933  -39.635  0.638  29.517 0.0000000000
115121  -39.399  0.479  28.676 0.0000000000
74854  -39.257  0.461  27.818 0.0000000000
78929  -38.926  5.316  26.879 0.0000000000
82164  -38.138  8.987  15.963 0.0000000000
82179  -38.076  9.822  14.972 0.0000000000
82180  -38.861  9.528  14.697 0.0000000000
82190  -40.691  9.242  13.154 0.0000000000
82905  -40.517  10.082  11.885 0.0000000000
82903  -38.846  10.607  12.642 0.0000000000
82914  -40.024  10.660  11.396 0.0000000000
83610  -39.554  11.276  10.881 0.0000000000
83617  -39.100  11.896  10.344 0.0000000000
86244  -39.468  15.523  24.555 0.0000000000
86253  -39.776  15.769  22.909 0.0000000000
86254  -40.028  16.061  22.199 0.0000000000
86948  -41.037  16.320  22.395 0.0000000000
86279  -40.182  15.697  19.589 0.0000000000
86285  -40.581  15.639  18.584 0.0000000000
86319  -44.794  15.339  14.412 0.0000000000
112528  -43.963  15.530  15.321 0.0000000000
112541  -44.009  15.334  14.437 0.0000000000
112193  -42.865  15.438  14.176 0.0000000000
126722  -42.532  15.649  13.579 0.0000000000
86348  -41.827  15.928  13.448 0.0000000000
87037  -40.995  16.233  13.396 0.0000000000
127706  -39.275  16.404  12.932 0.0000000000
87045  -38.586  16.533  12.012 0.0000000000
130709  -38.129  16.591  11.326 0.0000000000
87070  -38.258  16.748  10.427 0.0000000000
87069  -37.922  16.664  9.696 0.0000000000
86403  -37.418  15.966  6.704 0.0000000000
87700  -38.167  18.179  7.050 0.0000000000
88363  -37.975  18.651  7.245 0.0000000000
88357  -37.778  19.052  7.876 0.0000000000
88978  -38.300  19.350  7.945 0.0000000000
88933  -41.930  19.761  13.382 0.0000000000
88931  -40.935  20.227  13.363 0.0000000000
126626  -40.442  20.097  13.451 0.0000000000
88291  -38.413  18.828  13.959 0.0000000000
132968  -38.668  19.184  14.558 0.0000000000
89508  -39.268  20.364  15.634 0.0000000000
88895  -38.549  19.771  16.073 0.0000000000
88889  -38.312  20.028  16.928 0.0000000000
89485  -38.076  20.348  17.706 0.0000000000
81351  -41.590  8.490  20.055 0.0000000000
132465  -41.602  7.958  19.444 0.0000000000
80527  -40.258  7.886  19.303 0.0000000000
80539  -39.617  7.822  18.730 0.0000000000
81376  -38.101  8.422  17.547 0.0000000000
81327  -36.652  8.789  20.337 0.0000000000
81364  -36.937  8.965  17.939 0.0000000000
81384  -37.670  8.762  17.050 0.0000000000
82162  -36.695  9.680  16.778 0.0000000000
82876  -36.338  10.377  16.368 0.0000000000
82880  -36.063  11.043  15.958 0.0000000000
83578  -35.920  11.588  15.614 0.0000000000
84287  -35.782  12.310  15.632 0.0000000000
86967  -46.103  16.684  20.799 0.0000000000
113404  -45.755  16.754  19.945 0.0000000000
86968  -47.478  15.953  20.235 0.0000000000
86980  -46.538  16.414  19.583 0.0000000000
112322  -45.574  16.845  18.899 0.0000000000
86993  -45.923  16.722  18.072 0.0000000000
87006  -45.795  16.545  17.236 0.0000000000
87016  -45.501  16.205  16.266 0.0000000000
86984  -50.041  15.724  19.137 0.0000000000
86995  -49.476  15.457  18.431 0.0000000000
87008  -48.914  15.606  17.516 0.0000000000
87017  -49.203  15.698  16.670 0.0000000000
124936  -48.191  16.031  16.622 0.0000000000
86308  -46.169  15.908  15.519 0.0000000000
86336  -45.600  15.049  13.423 0.0000000000
86351  -45.072  14.789  12.247 0.0000000000
86367  -44.887  15.024  11.526 0.0000000000
129839  -44.283  15.717  10.367 0.0000000000
87072  -43.690  16.739  9.310 0.0000000000
87078  -43.659  17.054  9.086 0.0000000000
87073  -44.003  16.504  9.486 0.0000000000
87661  -44.250  17.300  9.924 0.0000000000
88308  -43.356  18.549  13.579 0.0000000000
88311  -48.310  18.657  11.979 0.0000000000
87632  -46.616  18.061  13.202 0.0000000000
88293  -43.138  19.065  14.655 0.0000000000
134821  -42.478  19.838  15.457 0.0000000000
88897  -43.866  19.770  16.128 0.0000000000
88896  -42.740  19.949  15.894 0.0000000000
89489  -42.658  20.547  17.025 0.0000000000
90054  -42.183  21.040  17.485 0.0000000000
82830  -35.961  10.859  26.768 0.0000000000
83534  -35.483  11.315  26.183 0.0000000000
83535  -36.129  11.698  26.638 0.0000000000
84241  -37.098  12.880  26.824 0.0000000000
84236  -37.529  12.384  27.513 0.0000000000
84933  -37.479  13.747  26.440 0.0000000000
85588  -38.081  14.493  26.158 0.0000000000
129685  -38.778  14.940  26.048 0.0000000000
84230  -40.449  12.391  28.592 0.0000000000
85578  -39.900  14.434  27.970 0.0000000000
133546  -39.391  14.319  27.686 0.0000000000
119236  -39.470  14.818  27.247 0.0000000000
85590  -39.398  15.166  26.392 0.0000000000
131032  -40.138  15.772  25.188 0.0000000000
86245  -40.875  16.105  24.986 0.0000000000
86246  -41.574  16.311  24.849 0.0000000000
86907  -42.032  16.390  25.730 0.0000000000
113042  -42.214  16.416  25.193 0.0000000000
114636  -42.526  16.438  24.671 0.0000000000
112325  -43.393  16.485  24.545 0.0000000000
86924  -44.669  16.557  23.530 0.0000000000
86893  -44.648  16.557  27.642 0.0000000000
129055  -45.117  16.391  26.209 0.0000000000
86903  -46.089  16.253  26.227 0.0000000000
86910  -45.338  16.312  25.706 0.0000000000
86925  -45.447  16.418  24.070 0.0000000000
112461  -45.763  16.552  23.329 0.0000000000
86938  -47.424  16.270  22.431 0.0000000000
86928  -48.135  16.373  23.549 0.0000000000
86939  -48.560  16.191  22.698 0.0000000000
122282  -48.905  15.959  22.051 0.0000000000
86956  -49.768  16.125  21.316 0.0000000000
87599  -49.965  16.757  21.001 0.0000000000
88207  -49.210  17.584  22.477 0.0000000000
79771  -46.300  7.171  18.173 0.0000000000
79770  -45.696  7.009  18.434 0.0000000000
79769  -44.811  6.857  18.585 0.0000000000
80543  -44.332  7.616  19.009 0.0000000000
80530  -42.999  8.091  19.593 0.0000000000
115006  -45.893  9.387  19.872 0.0000000000
81355  -45.165  9.272  19.993 0.0000000000
82132  -44.266  9.388  21.461 0.0000000000
81354  -44.307  9.093  20.054 0.0000000000
81353  -43.439  8.887  20.129 0.0000000000
120588  -41.538  9.096  21.659 0.0000000000
80499  -40.356  7.988  22.731 0.0000000000
116126  -38.215  8.409  22.425 0.0000000000
81294  -36.480  8.688  23.472 0.0000000000
81290  -35.663  9.000  24.537 0.0000000000
81285  -35.558  9.190  25.978 0.0000000000
76556  -45.940  2.532  23.965 0.0000000000
75645  -44.811  1.681  29.967 0.0000000000
75658  -44.828  1.796  28.993 0.0000000000
75664  -45.265  2.131  28.232 0.0000000000
116450  -42.104  0.526  28.774 0.0000000000
74846  -41.938  0.458  28.016 0.0000000000
74847  -42.714  0.600  28.211 0.0000000000
74848  -43.409  0.914  28.446 0.0000000000
75663  -44.629  1.645  28.071 0.0000000000
75672  -45.089  1.971  27.431 0.0000000000
75678  -44.886  1.826  26.648 0.0000000000
76537  -45.261  2.028  25.985 0.0000000000
75683  -44.105  1.476  25.657 0.0000000000
75695  -44.797  1.804  25.201 0.0000000000
76543  -45.348  2.162  24.523 0.0000000000
76555  -45.168  2.298  23.653 0.0000000000
76560  -43.055  2.777  22.857 0.0000000000
76559  -42.107  2.968  22.944 0.0000000000
76551  -41.799  2.270  23.343 0.0000000000
77341  -40.333  3.711  22.847 0.0000000000
78111  -39.796  4.233  22.894 0.0000000000
75688  -38.993  1.861  24.731 0.0000000000
76542  -39.364  2.246  24.045 0.0000000000
77333  -39.016  3.078  23.691 0.0000000000
77327  -38.516  3.372  24.241 0.0000000000
122779  -38.579  4.864  23.507 0.0000000000
82114  -35.612  9.679  26.372 0.0000000000
125047  -35.884  10.143  26.766 0.0000000000
82824  -36.587  10.256  27.186 0.0000000000
82825  -37.570  10.005  27.496 0.0000000000
123034  -40.893  10.324  28.274 0.0000000000
82103  -40.625  9.390  28.001 0.0000000000
82822  -42.596  10.358  28.865 0.0000000000
82814  -42.871  10.428  29.486 0.0000000000
82094  -42.597  9.748  29.513 0.0000000000
76636  -43.809  2.856  11.728 0.0000000000
77439  -43.160  3.162  11.458 0.0000000000
120146  -41.654  7.490  18.942 0.0000000000
79781  -41.820  6.682  17.517 0.0000000000
116495  -39.457  8.353  16.110 0.0000000000
81387  -40.193  7.997  15.933 0.0000000000
133947  -40.775  7.723  15.737 0.0000000000
133922  -42.239  6.727  15.271 0.0000000000
117082  -42.512  6.106  15.423 0.0000000000
78188  -42.801  4.986  14.249 0.0000000000
79826  -42.574  6.603  13.388 0.0000000000
116666  -42.314  6.734  10.546 0.0000000000
79855  -41.662  6.053  8.707 0.0000000000
80624  -41.739  6.837  8.188 0.0000000000
82201  -41.698  9.190  11.775 0.0000000000
81428  -42.164  9.015  11.287 0.0000000000
82211  -42.312  9.165  10.553 0.0000000000
81440  -42.479  8.630  9.065 0.0000000000
80630  -41.692  7.579  7.693 0.0000000000
113959  -41.216  7.908  7.510 0.0000000000
81446  -41.064  8.570  7.403 0.0000000000
132776  -41.984  9.970  7.689 0.0000000000
82231  -40.073  9.494  7.637 0.0000000000
83536  -35.215  11.731  25.491 0.0000000000
83538  -35.175  12.146  24.772 0.0000000000
84244  -35.287  12.490  23.975 0.0000000000
84940  -35.827  13.144  23.716 0.0000000000
84247  -35.443  12.674  23.147 0.0000000000
84250  -35.500  12.743  22.328 0.0000000000
84254  -35.587  12.744  21.499 0.0000000000
125540  -35.724  12.715  20.814 0.0000000000
86248  -38.863  15.267  23.881 0.0000000000
85601  -38.087  15.018  22.881 0.0000000000
85604  -37.615  14.605  22.518 0.0000000000
85615  -38.384  14.945  21.212 0.0000000000
85614  -37.735  14.476  21.665 0.0000000000
85613  -37.136  14.076  22.082 0.0000000000
84951  -36.641  13.628  21.641 0.0000000000
119987  -36.187  13.192  21.083 0.0000000000
84959  -36.051  12.940  20.344 0.0000000000
84976  -35.930  12.881  17.852 0.0000000000
84970  -37.080  13.970  18.534 0.0000000000
113411  -36.508  13.472  18.096 0.0000000000
84980  -35.985  13.125  16.873 0.0000000000
84986  -35.876  13.063  15.962 0.0000000000
127593  -35.908  12.970  15.283 0.0000000000
118738  -43.234  17.062  20.897 0.0000000000
86964  -42.593  16.850  20.089 0.0000000000
86978  -43.886  17.018  19.308 0.0000000000
86977  -42.967  16.815  19.262 0.0000000000
86976  -42.014  16.405  19.219 0.0000000000
86989  -41.374  15.985  18.682 0.0000000000
132804  -43.231  15.512  15.644 0.0000000000
86306  -42.621  15.453  15.995 0.0000000000
86317  -41.704  15.404  15.655 0.0000000000
86305  -41.850  15.402  16.098 0.0000000000
112331  -41.941  15.518  16.678 0.0000000000
130172  -41.414  15.585  17.213 0.0000000000
112449  -40.652  15.490  17.535 0.0000000000
116248  -39.891  15.341  18.132 0.0000000000
85645  -38.895  15.145  17.582 0.0000000000
85649  -37.789  14.877  16.696 0.0000000000
85656  -38.439  15.254  16.080 0.0000000000
85648  -36.954  14.417  16.410 0.0000000000
84987  -36.128  13.624  15.334 0.0000000000
85004  -36.575  13.724  12.624 0.0000000000
84312  -38.731  12.593  9.878 0.0000000000
86375  -37.387  15.864  11.717 0.0000000000
86374  -37.048  15.261  11.442 0.0000000000
85680  -37.205  14.569  10.165 0.0000000000
85681  -37.447  14.006  9.787 0.0000000000
84337  -40.850  12.373  6.840 0.0000000000
86406  -37.313  15.376  6.184 0.0000000000
86401  -36.277  15.528  6.781 0.0000000000
85695  -36.183  14.955  6.722 0.0000000000
88351  -42.774  18.255  8.544 0.0000000000
88981  -41.231  18.838  8.242 0.0000000000
88972  -41.545  19.044  8.572 0.0000000000
88980  -40.727  19.132  8.228 0.0000000000
88970  -39.240  19.451  8.398 0.0000000000
88348  -37.763  19.276  8.643 0.0000000000
88945  -41.872  19.549  12.380 0.0000000000
88952  -40.689  19.569  10.866 0.0000000000
88942  -40.166  19.556  11.907 0.0000000000
88951  -39.816  19.467  10.752 0.0000000000
88349  -37.897  19.351  9.414 0.0000000000
88339  -37.300  18.906  9.603 0.0000000000
129743  -36.691  18.586  9.922 0.0000000000
88346  -35.798  17.834  9.904 0.0000000000
87665  -35.433  17.634  10.721 0.0000000000
128590  -35.064  17.106  10.756 0.0000000000
121354  -34.593  17.790  12.749 0.0000000000
87035  -34.125  17.265  13.109 0.0000000000
88290  -37.393  18.488  14.155 0.0000000000
88289  -36.316  18.364  14.308 0.0000000000
88288  -35.470  18.331  14.840 0.0000000000
88256  -34.313  18.333  17.001 0.0000000000
90584  -47.029  23.050  14.664 0.0000000000
132196  -45.147  21.787  17.639 0.0000000000
90056  -44.302  21.304  17.776 0.0000000000
90046  -43.693  21.698  18.267 0.0000000000
90045  -42.688  21.524  18.212 0.0000000000
90549  -42.687  22.706  19.047 0.0000000000
90560  -42.265  22.112  18.655 0.0000000000
90044  -41.780  21.577  17.988 0.0000000000
90570  -41.038  21.798  17.702 0.0000000000
90568  -39.739  22.008  17.552 0.0000000000
90558  -39.965  22.421  18.071 0.0000000000
122257  -39.557  21.583  17.140 0.0000000000
90042  -38.925  21.437  17.412 0.0000000000
89480  -38.422  21.028  17.817 0.0000000000
74853  -38.567  0.742  27.481 0.0000000000
75684  -44.672  1.715  25.991 0.0000000000
81375  -37.473  8.748  17.577 0.0000000000
82238  -41.278  10.112  7.345 0.0000000000
86294  -41.236  15.521  16.715 0.0000000000
86334  -44.132  15.274  13.772 0.0000000000
86338  -48.295  15.559  13.637 0.0000000000
86355  -48.583  15.449  13.177 0.0000000000
86356  -48.978  15.700  13.584 0.0000000000
86370  -48.487  15.377  12.624 0.0000000000
86377  -44.100  16.048  9.832 0.0000000000
86913  -48.272  16.857  25.173 0.0000000000
86955  -49.370  15.907  21.544 0.0000000000
87030  -49.517  16.173  14.097 0.0000000000
87054  -48.672  15.542  12.161 0.0000000000
87064  -45.244  15.606  11.171 0.0000000000
87594  -49.684  16.861  22.209 0.0000000000
87604  -50.419  16.560  19.000 0.0000000000
87633  -49.777  16.717  13.385 0.0000000000
87693  -41.526  18.237  8.372 0.0000000000
88347  -36.259  18.281  9.859 0.0000000000
88350  -41.942  18.617  8.440 0.0000000000
88969  -38.451  19.476  8.477 0.0000000000
89515  -49.252  20.953  14.470 0.0000000000
89524  -48.945  21.367  13.532 0.0000000000
90579  -49.322  22.792  16.139 0.0000000000
116631  -36.816  14.812  11.845 0.0000000000
117443  -47.984  17.767  11.994 0.0000000000
126700  -38.329  15.060  23.434 0.0000000000
127973  -45.125  14.852  12.899 0.0000000000
128010  -42.027  16.399  24.781 0.0000000000
129916  -46.724  15.643  14.780 0.0000000000
130119  -48.256  16.088  22.381 0.0000000000
130647  -34.751  10.784  24.805 0.0000000000
131750  -44.473  9.199  21.874 0.0000000000
131953  -45.505  2.194  25.314 0.0000000000
133030  -35.940  12.774  19.926 0.0000000000
133091  -37.568  14.169  25.891 0.0000000000
133674  -47.266  9.418  20.233 0.0000000000
134365  -36.674  16.642  6.973 0.0000000000
135138  -46.732  8.305  18.330 0.0000000000
