#!ascii label  , from subject bert vox2ras=TkReg
749
37761  -18.356  -40.937  62.429 0.0000000000
135396  -39.910  -28.824  54.605 0.0000000000
55572  -42.964  -21.963  50.228 0.0000000000
59406  -48.025  -16.712  44.875 0.0000000000
45076  -39.582  -33.299  53.272 0.0000000000
117487  -45.972  -18.901  48.556 0.0000000000
111427  -45.365  -12.225  37.993 0.0000000000
67185  -48.966  -8.949  36.190 0.0000000000
48674  -43.829  -29.349  53.262 0.0000000000
52070  -43.964  -25.680  52.671 0.0000000000
52936  -41.593  -25.374  52.915 0.0000000000
41311  -20.595  -37.784  64.518 0.0000000000
41336  -24.301  -37.242  62.324 0.0000000000
42202  -27.376  -36.481  59.087 0.0000000000
134624  -31.964  -37.170  58.260 0.0000000000
42222  -36.191  -37.252  56.934 0.0000000000
41416  -40.554  -36.967  55.549 0.0000000000
45065  -42.380  -34.414  54.861 0.0000000000
53814  -47.004  -23.037  50.329 0.0000000000
66367  -51.109  -10.389  34.847 0.0000000000
48657  -42.019  -28.935  55.185 0.0000000000
51133  -42.076  -26.849  54.544 0.0000000000
116132  -40.423  -27.181  53.857 0.0000000000
41345  -20.419  -37.390  61.655 0.0000000000
42166  -22.805  -37.699  63.793 0.0000000000
43140  -36.165  -36.139  55.498 0.0000000000
41403  -38.591  -37.421  56.582 0.0000000000
113446  -38.110  -36.034  55.045 0.0000000000
46870  -39.897  -31.177  54.196 0.0000000000
45058  -40.974  -33.604  55.379 0.0000000000
125151  -41.158  -31.246  55.876 0.0000000000
46860  -43.615  -31.378  53.996 0.0000000000
54683  -43.649  -22.812  52.789 0.0000000000
117783  -45.272  -24.078  52.025 0.0000000000
55557  -45.373  -21.176  51.584 0.0000000000
58545  -46.914  -18.197  46.195 0.0000000000
57556  -48.047  -19.002  48.346 0.0000000000
125057  -49.250  -18.614  46.531 0.0000000000
117597  -50.111  -17.814  44.190 0.0000000000
111688  -47.690  -10.710  39.811 0.0000000000
111410  -47.592  -12.295  40.177 0.0000000000
43173  -38.424  -34.993  53.488 0.0000000000
57649  -46.204  -18.622  42.991 0.0000000000
65427  -46.080  -9.653  37.231 0.0000000000
64607  -47.843  -10.319  37.343 0.0000000000
62943  -50.901  -13.034  33.791 0.0000000000
47816  -43.765  -30.478  50.943 0.0000000000
50320  -43.511  -27.590  53.377 0.0000000000
52930  -42.747  -25.076  53.736 0.0000000000
38634  -19.522  -39.442  64.305 0.0000000000
117426  -25.402  -38.728  61.133 0.0000000000
43070  -25.485  -36.219  60.618 0.0000000000
130671  -26.278  -38.638  58.894 0.0000000000
119020  -28.889  -38.062  58.565 0.0000000000
39611  -31.244  -38.685  58.549 0.0000000000
39614  -33.316  -38.814  58.481 0.0000000000
42207  -34.537  -37.543  57.817 0.0000000000
38736  -37.728  -38.897  55.938 0.0000000000
44111  -40.484  -35.175  55.158 0.0000000000
43146  -42.111  -35.536  55.143 0.0000000000
43188  -42.277  -35.553  53.297 0.0000000000
44169  -42.892  -33.834  51.838 0.0000000000
46006  -43.811  -32.209  51.517 0.0000000000
57519  -46.202  -19.605  50.433 0.0000000000
111704  -46.487  -14.693  40.957 0.0000000000
61175  -48.909  -15.602  42.884 0.0000000000
37735  -18.021  -40.664  63.937 0.0000000000
49499  -40.863  -29.229  55.096 0.0000000000
50310  -41.247  -27.603  54.817 0.0000000000
117974  -40.006  -27.778  54.038 0.0000000000
43157  -36.442  -35.867  54.661 0.0000000000
43141  -37.077  -36.064  55.309 0.0000000000
43158  -37.339  -35.668  54.429 0.0000000000
47780  -40.124  -30.340  55.069 0.0000000000
127213  -40.412  -31.474  55.840 0.0000000000
48645  -40.743  -30.172  55.243 0.0000000000
47758  -41.372  -30.576  55.581 0.0000000000
54684  -44.172  -22.576  52.432 0.0000000000
115733  -43.877  -21.364  51.283 0.0000000000
58546  -47.581  -17.567  45.885 0.0000000000
58535  -48.358  -18.076  46.953 0.0000000000
59388  -48.827  -17.629  45.881 0.0000000000
58548  -49.753  -18.827  45.171 0.0000000000
60321  -48.921  -16.790  45.025 0.0000000000
129043  -48.132  -12.532  38.501 0.0000000000
111655  -48.314  -12.095  40.019 0.0000000000
111412  -48.048  -14.063  38.739 0.0000000000
65438  -45.875  -9.986  35.552 0.0000000000
66343  -47.164  -9.181  36.777 0.0000000000
66333  -47.206  -9.190  37.852 0.0000000000
66345  -48.606  -9.441  36.541 0.0000000000
64608  -48.713  -10.782  36.741 0.0000000000
65429  -49.370  -9.947  36.281 0.0000000000
63759  -51.628  -11.594  34.303 0.0000000000
113662  -44.152  -30.164  52.393 0.0000000000
49539  -43.855  -28.783  52.912 0.0000000000
49521  -43.594  -28.516  53.404 0.0000000000
121517  -42.001  -25.903  53.997 0.0000000000
52057  -42.391  -25.755  53.948 0.0000000000
52937  -42.259  -24.964  53.319 0.0000000000
53789  -42.574  -24.077  53.195 0.0000000000
52946  -42.050  -24.530  52.765 0.0000000000
38636  -21.211  -39.730  64.470 0.0000000000
132085  -21.734  -38.685  65.233 0.0000000000
42174  -23.826  -37.399  62.638 0.0000000000
115637  -26.243  -35.337  59.277 0.0000000000
43077  -25.996  -36.112  59.832 0.0000000000
41370  -26.237  -37.180  59.835 0.0000000000
41371  -27.000  -37.164  59.007 0.0000000000
40510  -27.148  -38.498  58.154 0.0000000000
41372  -28.026  -36.965  59.002 0.0000000000
40491  -31.535  -38.035  58.689 0.0000000000
39612  -31.975  -38.876  58.589 0.0000000000
41361  -32.782  -37.850  58.398 0.0000000000
43111  -35.455  -37.206  56.970 0.0000000000
43098  -34.356  -37.146  57.199 0.0000000000
41390  -35.355  -37.737  57.671 0.0000000000
40506  -34.999  -38.059  58.020 0.0000000000
41391  -35.803  -37.902  57.912 0.0000000000
38722  -36.500  -38.940  56.566 0.0000000000
40514  -36.917  -38.002  57.196 0.0000000000
41414  -39.266  -37.444  56.234 0.0000000000
39637  -38.934  -38.483  56.079 0.0000000000
40530  -40.051  -37.839  55.880 0.0000000000
41434  -40.964  -37.297  54.689 0.0000000000
44124  -39.140  -35.236  54.122 0.0000000000
45064  -40.198  -33.803  54.475 0.0000000000
45052  -41.706  -33.521  55.517 0.0000000000
44113  -41.589  -35.096  55.398 0.0000000000
44127  -42.369  -35.030  54.727 0.0000000000
42273  -42.111  -35.981  54.049 0.0000000000
44142  -42.593  -34.953  54.023 0.0000000000
133259  -42.833  -33.922  53.646 0.0000000000
47791  -43.972  -30.643  53.550 0.0000000000
128832  -44.077  -31.515  52.736 0.0000000000
46884  -44.199  -31.159  52.329 0.0000000000
47817  -43.927  -31.079  51.176 0.0000000000
41333  -19.168  -37.493  62.950 0.0000000000
41309  -18.793  -37.880  64.545 0.0000000000
40436  -18.527  -38.657  65.206 0.0000000000
51162  -43.690  -26.988  52.526 0.0000000000
119053  -44.489  -25.441  51.641 0.0000000000
52960  -46.180  -23.697  50.594 0.0000000000
56502  -45.281  -19.485  48.845 0.0000000000
57534  -45.859  -18.933  50.042 0.0000000000
58491  -46.144  -18.561  49.625 0.0000000000
55588  -48.742  -21.108  47.949 0.0000000000
121119  -48.313  -20.745  48.624 0.0000000000
62892  -48.659  -13.128  41.229 0.0000000000
112227  -46.938  -13.730  40.820 0.0000000000
62051  -48.267  -13.684  41.701 0.0000000000
61184  -48.352  -14.957  42.477 0.0000000000
61186  -49.589  -14.916  42.082 0.0000000000
60341  -49.783  -16.285  43.030 0.0000000000
66374  -48.769  -9.667  34.239 0.0000000000
67187  -49.978  -9.221  35.574 0.0000000000
66375  -49.867  -9.555  34.352 0.0000000000
66384  -51.324  -10.015  33.297 0.0000000000
48665  -43.055  -28.985  54.100 0.0000000000
49520  -43.248  -28.378  53.876 0.0000000000
135493  -41.746  -27.363  54.769 0.0000000000
51142  -41.408  -26.798  54.421 0.0000000000
51140  -40.982  -26.402  53.530 0.0000000000
42170  -20.914  -37.099  63.393 0.0000000000
122610  -22.038  -37.525  64.294 0.0000000000
42179  -24.139  -36.849  62.287 0.0000000000
133696  -36.528  -37.026  56.736 0.0000000000
119899  -37.409  -37.229  56.853 0.0000000000
42234  -37.770  -36.839  56.631 0.0000000000
42235  -38.598  -36.811  56.375 0.0000000000
42248  -39.411  -36.617  55.887 0.0000000000
45980  -39.946  -32.153  54.194 0.0000000000
45057  -40.487  -33.064  55.106 0.0000000000
45953  -40.255  -32.046  55.665 0.0000000000
45941  -40.635  -31.971  55.799 0.0000000000
45943  -42.000  -32.576  55.674 0.0000000000
45968  -42.850  -32.825  54.224 0.0000000000
46847  -42.323  -31.656  55.468 0.0000000000
47771  -42.616  -30.683  54.961 0.0000000000
114337  -19.597  -37.548  61.478 0.0000000000
52940  -43.935  -24.206  53.125 0.0000000000
52948  -44.845  -24.368  52.399 0.0000000000
53799  -44.859  -23.657  52.488 0.0000000000
54692  -45.106  -22.831  52.146 0.0000000000
54697  -46.249  -22.116  51.445 0.0000000000
57594  -46.539  -18.706  46.948 0.0000000000
134856  -46.785  -18.700  48.682 0.0000000000
58521  -48.088  -18.423  47.731 0.0000000000
57573  -48.692  -19.090  47.770 0.0000000000
111418  -46.184  -11.154  39.094 0.0000000000
111429  -46.102  -12.407  39.101 0.0000000000
111417  -47.736  -11.285  40.080 0.0000000000
127135  -48.622  -12.823  40.417 0.0000000000
48673  -39.712  -29.130  54.170 0.0000000000
47800  -39.913  -30.416  53.342 0.0000000000
55573  -43.396  -21.324  49.979 0.0000000000
56542  -45.573  -20.090  45.787 0.0000000000
56559  -45.869  -19.727  45.073 0.0000000000
119203  -46.541  -18.599  44.458 0.0000000000
58570  -47.359  -17.255  44.368 0.0000000000
64606  -45.472  -10.471  37.133 0.0000000000
111694  -47.020  -9.558  38.555 0.0000000000
111723  -47.637  -10.364  38.757 0.0000000000
111696  -48.058  -11.879  38.193 0.0000000000
64622  -50.353  -11.214  35.792 0.0000000000
63767  -50.885  -12.120  34.859 0.0000000000
48705  -43.762  -29.615  51.683 0.0000000000
50341  -43.717  -28.087  52.643 0.0000000000
51150  -43.651  -26.656  53.063 0.0000000000
123336  -43.202  -27.170  53.858 0.0000000000
52059  -43.269  -25.597  53.738 0.0000000000
52932  -43.598  -24.877  53.400 0.0000000000
53791  -43.263  -23.895  53.326 0.0000000000
134297  -42.836  -23.039  52.802 0.0000000000
50327  -40.005  -27.379  53.309 0.0000000000
51155  -40.198  -26.466  52.359 0.0000000000
52952  -40.752  -25.052  51.309 0.0000000000
37736  -18.900  -40.148  63.410 0.0000000000
38657  -20.076  -39.950  63.481 0.0000000000
37806  -25.324  -40.566  59.595 0.0000000000
118224  -24.191  -36.136  60.839 0.0000000000
42186  -24.747  -36.362  61.816 0.0000000000
42181  -25.034  -36.635  62.086 0.0000000000
113876  -25.838  -39.006  59.894 0.0000000000
39624  -28.742  -39.253  57.619 0.0000000000
38700  -30.084  -39.598  57.441 0.0000000000
112743  -31.736  -36.622  57.863 0.0000000000
43109  -32.839  -36.921  57.171 0.0000000000
42206  -33.602  -37.255  57.987 0.0000000000
39604  -33.781  -38.436  58.440 0.0000000000
135053  -34.405  -39.176  57.984 0.0000000000
113650  -38.189  -38.459  56.349 0.0000000000
43159  -38.290  -35.477  54.235 0.0000000000
43143  -39.936  -36.002  55.450 0.0000000000
43128  -40.773  -36.194  55.455 0.0000000000
44112  -41.079  -34.732  55.404 0.0000000000
43145  -41.597  -35.651  55.365 0.0000000000
42249  -41.298  -36.336  55.325 0.0000000000
41435  -41.814  -36.345  54.331 0.0000000000
132000  -41.674  -36.541  53.878 0.0000000000
129654  -43.007  -33.527  51.252 0.0000000000
119241  -43.464  -32.885  52.544 0.0000000000
117085  -43.667  -32.738  51.950 0.0000000000
45114  -43.197  -33.004  50.959 0.0000000000
46037  -43.411  -31.973  50.035 0.0000000000
39551  -18.212  -39.012  65.419 0.0000000000
56472  -44.732  -20.221  50.958 0.0000000000
128587  -45.983  -20.060  51.009 0.0000000000
55568  -47.108  -21.327  50.372 0.0000000000
56490  -47.262  -19.636  49.424 0.0000000000
55575  -47.522  -20.802  49.644 0.0000000000
53820  -47.559  -22.975  49.351 0.0000000000
58581  -46.125  -17.980  42.291 0.0000000000
59418  -47.820  -16.547  44.139 0.0000000000
111426  -45.810  -13.662  38.986 0.0000000000
111419  -45.616  -14.562  39.280 0.0000000000
60360  -46.703  -16.058  41.694 0.0000000000
60349  -47.970  -15.662  42.978 0.0000000000
60329  -48.657  -16.488  44.466 0.0000000000
59409  -49.869  -17.137  43.950 0.0000000000
37760  -17.496  -41.194  62.739 0.0000000000
49509  -40.580  -28.587  54.985 0.0000000000
50308  -40.195  -28.245  54.656 0.0000000000
113255  -35.991  -35.834  54.039 0.0000000000
112782  -36.726  -35.545  53.808 0.0000000000
48664  -39.989  -29.530  54.786 0.0000000000
48655  -40.426  -30.043  55.149 0.0000000000
48656  -40.606  -29.384  55.078 0.0000000000
55555  -43.434  -22.062  51.473 0.0000000000
55556  -43.992  -21.864  51.754 0.0000000000
55565  -43.438  -21.577  50.831 0.0000000000
59396  -48.139  -17.110  45.449 0.0000000000
59397  -48.612  -17.154  45.454 0.0000000000
59398  -49.153  -17.353  45.391 0.0000000000
59407  -48.451  -16.702  44.991 0.0000000000
114765  -48.475  -12.764  39.271 0.0000000000
67190  -48.301  -8.788  35.697 0.0000000000
67184  -48.138  -9.052  36.381 0.0000000000
66344  -47.843  -9.375  36.805 0.0000000000
67176  -48.794  -9.138  36.389 0.0000000000
66346  -49.274  -9.268  36.218 0.0000000000
48683  -44.033  -29.625  52.887 0.0000000000
117524  -43.797  -28.931  53.108 0.0000000000
52928  -41.740  -25.782  53.556 0.0000000000
52929  -42.387  -25.363  53.689 0.0000000000
41302  -19.876  -38.219  64.703 0.0000000000
41303  -20.818  -38.021  65.006 0.0000000000
41325  -23.799  -38.031  62.780 0.0000000000
43086  -27.050  -35.939  59.130 0.0000000000
44044  -26.226  -35.671  59.383 0.0000000000
42201  -26.582  -36.457  59.484 0.0000000000
122018  -31.363  -37.251  58.447 0.0000000000
41359  -31.012  -37.461  58.593 0.0000000000
41360  -31.888  -37.709  58.564 0.0000000000
42196  -32.300  -37.356  58.245 0.0000000000
130073  -35.945  -37.034  56.781 0.0000000000
42221  -35.021  -37.105  57.096 0.0000000000
42214  -35.412  -37.579  57.438 0.0000000000
42215  -35.922  -37.653  57.353 0.0000000000
40513  -36.116  -38.097  57.443 0.0000000000
41392  -36.346  -37.831  57.399 0.0000000000
41415  -39.903  -37.633  55.786 0.0000000000
41424  -40.290  -37.659  55.469 0.0000000000
127277  -40.295  -37.832  55.132 0.0000000000
44141  -39.703  -33.840  53.732 0.0000000000
128140  -42.085  -34.304  55.314 0.0000000000
44128  -42.650  -34.464  54.174 0.0000000000
44143  -42.731  -34.322  53.455 0.0000000000
128280  -42.716  -33.770  54.246 0.0000000000
47782  -43.835  -29.854  53.624 0.0000000000
46872  -44.218  -30.832  52.964 0.0000000000
47792  -44.110  -30.089  53.164 0.0000000000
47801  -44.215  -30.394  52.633 0.0000000000
41322  -19.416  -37.578  63.808 0.0000000000
41310  -19.693  -37.887  64.431 0.0000000000
52077  -43.999  -25.997  52.322 0.0000000000
128049  -44.398  -25.292  52.275 0.0000000000
53813  -46.343  -22.990  51.057 0.0000000000
53819  -46.861  -23.508  49.656 0.0000000000
121357  -45.879  -18.730  49.507 0.0000000000
62893  -49.167  -13.238  41.076 0.0000000000
62040  -49.086  -14.181  41.872 0.0000000000
48658  -42.459  -29.078  54.703 0.0000000000
49512  -42.547  -28.325  54.545 0.0000000000
49511  -41.751  -28.068  55.033 0.0000000000
50318  -40.575  -27.545  54.428 0.0000000000
51132  -41.089  -27.302  54.608 0.0000000000
51141  -40.949  -26.896  54.181 0.0000000000
128865  -40.664  -26.808  53.726 0.0000000000
41335  -20.661  -37.176  62.547 0.0000000000
113068  -23.413  -36.987  62.288 0.0000000000
43156  -35.554  -36.027  54.900 0.0000000000
128645  -35.977  -36.456  56.077 0.0000000000
114145  -36.158  -36.924  56.621 0.0000000000
43112  -37.049  -36.810  56.600 0.0000000000
43126  -36.704  -36.427  56.089 0.0000000000
119188  -37.783  -36.471  56.088 0.0000000000
43142  -38.907  -36.412  55.661 0.0000000000
42236  -39.322  -36.883  56.139 0.0000000000
120847  -39.929  -31.742  55.217 0.0000000000
45967  -40.096  -32.452  54.941 0.0000000000
46832  -40.431  -31.516  55.847 0.0000000000
46846  -40.426  -31.657  55.829 0.0000000000
46833  -40.816  -31.632  55.901 0.0000000000
45942  -41.229  -32.385  55.784 0.0000000000
46834  -41.511  -31.754  55.864 0.0000000000
48647  -41.607  -29.703  55.307 0.0000000000
47770  -42.093  -29.905  55.267 0.0000000000
124920  -42.856  -29.746  54.450 0.0000000000
114424  -19.801  -37.374  62.310 0.0000000000
53792  -43.685  -23.680  53.167 0.0000000000
53793  -44.207  -23.578  52.917 0.0000000000
54675  -43.921  -23.117  52.953 0.0000000000
55545  -44.527  -21.736  51.715 0.0000000000
55546  -44.785  -22.215  52.001 0.0000000000
123837  -45.513  -21.999  51.750 0.0000000000
55558  -46.001  -21.309  51.672 0.0000000000
58533  -47.239  -18.290  47.184 0.0000000000
58534  -47.811  -18.085  47.104 0.0000000000
58536  -48.822  -18.044  46.471 0.0000000000
58522  -48.819  -18.442  47.188 0.0000000000
57574  -49.234  -19.249  47.111 0.0000000000
57595  -49.477  -19.496  46.284 0.0000000000
128186  -47.017  -10.531  39.614 0.0000000000
111745  -46.912  -11.166  39.857 0.0000000000
62899  -49.105  -13.161  40.638 0.0000000000
122065  -39.666  -29.462  53.437 0.0000000000
56543  -46.173  -19.158  45.947 0.0000000000
57639  -46.167  -19.084  43.703 0.0000000000
115520  -46.955  -17.841  44.593 0.0000000000
58569  -46.720  -18.133  43.757 0.0000000000
66342  -46.229  -9.411  36.492 0.0000000000
112598  -45.526  -10.079  36.212 0.0000000000
111708  -46.191  -9.910  38.102 0.0000000000
131629  -46.695  -9.284  37.996 0.0000000000
65419  -47.293  -9.742  38.359 0.0000000000
111425  -48.005  -10.796  37.836 0.0000000000
115090  -48.062  -10.893  38.602 0.0000000000
114143  -47.848  -11.794  37.310 0.0000000000
63745  -48.220  -11.206  36.908 0.0000000000
63756  -49.122  -11.367  36.191 0.0000000000
66366  -50.603  -9.647  34.918 0.0000000000
65440  -50.454  -10.590  35.667 0.0000000000
64623  -51.158  -11.175  35.150 0.0000000000
63768  -51.396  -12.047  34.458 0.0000000000
47830  -43.509  -30.469  50.065 0.0000000000
118392  -43.474  -29.834  50.630 0.0000000000
49529  -43.683  -28.331  53.160 0.0000000000
49547  -43.833  -28.988  52.477 0.0000000000
50328  -43.699  -27.603  52.987 0.0000000000
50312  -42.927  -27.689  54.118 0.0000000000
50319  -43.359  -27.884  53.707 0.0000000000
51134  -42.673  -26.930  54.267 0.0000000000
52058  -42.776  -25.587  53.907 0.0000000000
52931  -43.095  -24.896  53.710 0.0000000000
52939  -43.396  -24.285  53.380 0.0000000000
53784  -43.007  -24.412  53.546 0.0000000000
53798  -42.359  -23.582  52.671 0.0000000000
54673  -42.847  -23.397  53.093 0.0000000000
38643  -19.355  -39.774  64.005 0.0000000000
41313  -22.539  -37.835  64.567 0.0000000000
38678  -24.487  -40.109  60.808 0.0000000000
39596  -24.916  -39.385  61.105 0.0000000000
37793  -24.754  -40.634  60.119 0.0000000000
38684  -25.205  -40.086  60.344 0.0000000000
43075  -24.697  -35.612  60.499 0.0000000000
42187  -25.380  -36.482  61.186 0.0000000000
41348  -25.312  -37.144  61.540 0.0000000000
41357  -25.815  -37.179  60.829 0.0000000000
134108  -26.066  -38.433  59.605 0.0000000000
40489  -25.968  -38.057  60.225 0.0000000000
38685  -25.661  -39.910  59.836 0.0000000000
39609  -25.890  -39.469  59.132 0.0000000000
38697  -26.132  -40.230  57.986 0.0000000000
40511  -28.257  -38.486  57.948 0.0000000000
39623  -27.545  -39.203  57.596 0.0000000000
120238  -30.642  -38.209  58.674 0.0000000000
40501  -29.799  -37.987  58.733 0.0000000000
39610  -30.309  -38.705  58.392 0.0000000000
39625  -29.777  -39.247  57.822 0.0000000000
39626  -30.677  -39.234  58.088 0.0000000000
39613  -32.755  -38.801  58.551 0.0000000000
39628  -32.357  -39.155  58.373 0.0000000000
38703  -32.755  -39.349  57.989 0.0000000000
38704  -33.658  -39.285  58.052 0.0000000000
43110  -33.944  -36.924  56.846 0.0000000000
42213  -33.764  -37.125  57.693 0.0000000000
42212  -33.306  -37.063  57.717 0.0000000000
130599  -34.002  -37.540  58.034 0.0000000000
41375  -33.361  -37.381  58.004 0.0000000000
41376  -34.376  -37.759  58.194 0.0000000000
39616  -35.013  -38.559  57.888 0.0000000000
40505  -34.410  -38.534  58.240 0.0000000000
38706  -34.925  -39.175  57.577 0.0000000000
131239  -34.223  -39.408  57.584 0.0000000000
38723  -36.944  -39.066  56.112 0.0000000000
38735  -36.784  -39.075  56.195 0.0000000000
41402  -37.955  -37.428  56.809 0.0000000000
40521  -38.472  -37.992  56.551 0.0000000000
43172  -37.575  -35.278  53.619 0.0000000000
131210  -39.752  -35.444  54.802 0.0000000000
43144  -40.922  -35.614  55.419 0.0000000000
44126  -40.627  -34.218  55.031 0.0000000000
134422  -41.905  -35.355  55.376 0.0000000000
42250  -41.892  -35.946  55.156 0.0000000000
42262  -41.531  -36.527  54.776 0.0000000000
42263  -42.090  -35.976  54.758 0.0000000000
41444  -41.707  -36.313  53.210 0.0000000000
44155  -42.780  -34.024  52.684 0.0000000000
127826  -43.194  -32.046  54.295 0.0000000000
45066  -43.082  -33.078  53.419 0.0000000000
45969  -43.457  -32.144  53.740 0.0000000000
45992  -43.970  -32.065  52.189 0.0000000000
45100  -43.401  -32.978  51.531 0.0000000000
46022  -43.576  -32.272  50.865 0.0000000000
46896  -43.846  -31.703  51.124 0.0000000000
48706  -44.029  -30.359  51.798 0.0000000000
39559  -18.890  -38.983  64.749 0.0000000000
115330  -18.696  -39.160  64.690 0.0000000000
38642  -18.583  -39.685  64.481 0.0000000000
52078  -44.936  -24.747  51.994 0.0000000000
52086  -45.127  -24.842  51.115 0.0000000000
55574  -43.935  -20.635  49.626 0.0000000000
55566  -43.981  -20.720  50.752 0.0000000000
57518  -45.700  -19.566  50.553 0.0000000000
56474  -46.461  -20.454  50.872 0.0000000000
56475  -46.831  -20.164  50.100 0.0000000000
58508  -47.444  -18.755  48.332 0.0000000000
58507  -46.747  -18.735  48.854 0.0000000000
57555  -47.306  -19.003  48.844 0.0000000000
56491  -47.886  -20.464  49.129 0.0000000000
55576  -48.088  -21.475  49.068 0.0000000000
124087  -47.666  -21.711  49.678 0.0000000000
54706  -47.916  -22.325  49.239 0.0000000000
59428  -46.796  -17.179  42.733 0.0000000000
129904  -46.924  -12.003  39.959 0.0000000000
111667  -46.544  -12.972  39.604 0.0000000000
127087  -46.175  -14.430  40.099 0.0000000000
111408  -45.432  -15.390  39.783 0.0000000000
61203  -45.882  -15.221  40.499 0.0000000000
111654  -46.190  -15.623  41.047 0.0000000000
61196  -46.945  -15.052  41.614 0.0000000000
61174  -48.503  -15.624  42.963 0.0000000000
60361  -47.538  -15.384  42.231 0.0000000000
60338  -48.276  -16.092  43.692 0.0000000000
60339  -48.512  -16.178  43.701 0.0000000000
60330  -49.283  -16.689  44.330 0.0000000000
60340  -49.119  -16.243  43.601 0.0000000000
49500  -41.363  -29.013  55.172 0.0000000000
49510  -41.028  -28.294  55.030 0.0000000000
50309  -40.761  -27.873  54.805 0.0000000000
46859  -39.972  -30.966  55.262 0.0000000000
46845  -39.901  -31.686  55.796 0.0000000000
47769  -40.315  -30.978  55.596 0.0000000000
46831  -40.545  -31.060  55.709 0.0000000000
47757  -41.047  -30.990  55.869 0.0000000000
48646  -41.060  -30.192  55.321 0.0000000000
55544  -43.960  -22.353  52.266 0.0000000000
56453  -44.387  -21.023  51.305 0.0000000000
115158  -47.593  -17.871  46.536 0.0000000000
59387  -48.227  -17.604  46.247 0.0000000000
132152  -49.512  -18.893  45.890 0.0000000000
58547  -49.264  -18.121  45.799 0.0000000000
59408  -49.528  -17.219  44.724 0.0000000000
111416  -48.320  -11.461  39.516 0.0000000000
111808  -48.229  -11.053  39.991 0.0000000000
66354  -46.613  -9.386  35.808 0.0000000000
66332  -46.726  -9.288  37.357 0.0000000000
66334  -47.595  -9.664  37.135 0.0000000000
65428  -48.612  -10.091  36.690 0.0000000000
64609  -49.621  -10.817  36.353 0.0000000000
64621  -50.121  -11.225  35.982 0.0000000000
65449  -51.757  -10.560  33.851 0.0000000000
123283  -51.640  -11.036  34.371 0.0000000000
62937  -51.747  -12.039  33.919 0.0000000000
48692  -43.988  -29.647  52.467 0.0000000000
52056  -41.894  -26.385  54.314 0.0000000000
51143  -42.421  -26.252  54.172 0.0000000000
52938  -42.700  -24.606  53.506 0.0000000000
53797  -41.783  -24.166  52.212 0.0000000000
39560  -20.051  -38.936  64.719 0.0000000000
38635  -20.444  -39.425  64.437 0.0000000000
39561  -21.253  -39.260  64.851 0.0000000000
39562  -22.246  -39.216  65.060 0.0000000000
116602  -24.919  -38.735  61.606 0.0000000000
42192  -25.880  -36.524  60.261 0.0000000000
40499  -26.366  -37.896  59.331 0.0000000000
135402  -26.901  -37.973  58.718 0.0000000000
40500  -27.882  -37.726  58.546 0.0000000000
40502  -31.156  -38.105  58.707 0.0000000000
40503  -31.871  -38.416  58.686 0.0000000000
40504  -32.458  -38.580  58.626 0.0000000000
39602  -32.905  -38.611  58.559 0.0000000000
43124  -34.656  -36.741  56.179 0.0000000000
132497  -34.063  -36.950  56.748 0.0000000000
127854  -34.726  -37.113  56.923 0.0000000000
114719  -34.752  -37.508  57.607 0.0000000000
42208  -35.076  -37.781  57.883 0.0000000000
41377  -35.059  -37.859  58.054 0.0000000000
121057  -35.572  -38.598  57.485 0.0000000000
39635  -36.808  -38.742  56.655 0.0000000000
39630  -37.320  -38.399  56.741 0.0000000000
42225  -38.748  -37.088  56.522 0.0000000000
40522  -38.989  -37.974  56.350 0.0000000000
40529  -39.345  -38.185  56.273 0.0000000000
39642  -39.395  -38.406  55.774 0.0000000000
40540  -40.144  -37.958  54.914 0.0000000000
40541  -40.576  -37.593  54.467 0.0000000000
44154  -38.490  -34.387  52.877 0.0000000000
44140  -39.137  -34.510  53.541 0.0000000000
44125  -39.925  -34.682  54.357 0.0000000000
134659  -41.440  -33.899  55.443 0.0000000000
44097  -41.314  -34.224  55.409 0.0000000000
44098  -41.739  -34.441  55.442 0.0000000000
44114  -42.063  -34.998  55.292 0.0000000000
43161  -42.329  -35.520  54.494 0.0000000000
43174  -42.432  -35.379  53.880 0.0000000000
43175  -42.637  -34.816  53.249 0.0000000000
46871  -43.911  -31.425  53.338 0.0000000000
46897  -44.050  -31.497  51.658 0.0000000000
47808  -44.163  -30.762  51.964 0.0000000000
41321  -18.407  -37.671  63.632 0.0000000000
39552  -19.252  -38.642  64.818 0.0000000000
126301  -45.709  -23.607  51.424 0.0000000000
52953  -45.485  -24.242  51.335 0.0000000000
52959  -45.770  -24.394  50.470 0.0000000000
56501  -44.554  -20.032  49.213 0.0000000000
56489  -45.245  -19.350  49.824 0.0000000000
57535  -46.030  -18.744  49.911 0.0000000000
56514  -48.529  -19.924  48.226 0.0000000000
56503  -47.942  -19.724  48.798 0.0000000000
129506  -48.454  -12.821  40.793 0.0000000000
111414  -47.723  -12.884  40.585 0.0000000000
62058  -47.868  -13.275  41.202 0.0000000000
62050  -47.349  -14.113  41.452 0.0000000000
61197  -47.877  -14.491  41.992 0.0000000000
62039  -48.611  -14.208  42.012 0.0000000000
61185  -48.816  -14.853  42.348 0.0000000000
61176  -49.479  -15.783  42.751 0.0000000000
67191  -49.122  -8.801  35.640 0.0000000000
67186  -49.507  -9.000  36.015 0.0000000000
67192  -49.718  -8.945  35.536 0.0000000000
66365  -50.211  -9.113  35.013 0.0000000000
66376  -50.694  -9.807  34.306 0.0000000000
112080  -51.280  -10.081  34.063 0.0000000000
66377  -51.975  -10.103  33.285 0.0000000000
48666  -43.559  -29.097  53.642 0.0000000000
50311  -42.307  -27.497  54.627 0.0000000000
121151  -41.507  -26.352  54.062 0.0000000000
52063  -41.134  -25.960  53.066 0.0000000000
41323  -20.329  -37.446  63.911 0.0000000000
41312  -21.319  -37.652  64.760 0.0000000000
42165  -21.175  -37.419  64.105 0.0000000000
42171  -21.807  -37.233  63.546 0.0000000000
42172  -22.658  -37.401  63.432 0.0000000000
116667  -23.330  -37.226  62.697 0.0000000000
130201  -23.777  -37.094  62.544 0.0000000000
42180  -24.321  -36.891  62.166 0.0000000000
116887  -30.870  -36.433  58.119 0.0000000000
43125  -35.409  -36.817  56.431 0.0000000000
42216  -36.639  -37.374  56.999 0.0000000000
42223  -36.856  -36.950  56.779 0.0000000000
42224  -38.067  -37.044  56.747 0.0000000000
42237  -39.985  -36.895  55.823 0.0000000000
113879  -40.048  -33.040  54.097 0.0000000000
45954  -40.648  -32.390  55.627 0.0000000000
45051  -41.089  -33.096  55.587 0.0000000000
45059  -42.350  -33.484  55.043 0.0000000000
45955  -42.631  -32.368  54.912 0.0000000000
46848  -43.024  -31.457  54.630 0.0000000000
116069  -41.822  -30.975  55.647 0.0000000000
47781  -43.472  -30.483  54.170 0.0000000000
123660  -43.490  -29.597  53.960 0.0000000000
41344  -19.033  -37.620  62.085 0.0000000000
41334  -20.034  -37.228  63.186 0.0000000000
52947  -44.063  -24.907  52.917 0.0000000000
52071  -44.483  -24.875  52.481 0.0000000000
52941  -44.464  -24.256  52.767 0.0000000000
54685  -44.444  -22.976  52.590 0.0000000000
53805  -45.369  -23.446  51.998 0.0000000000
53806  -45.709  -22.845  51.632 0.0000000000
54698  -46.947  -22.264  50.851 0.0000000000
57571  -46.006  -19.154  47.467 0.0000000000
57572  -46.697  -18.682  48.111 0.0000000000
58520  -47.305  -18.615  48.022 0.0000000000
56515  -49.030  -20.113  47.549 0.0000000000
111421  -48.213  -11.625  40.037 0.0000000000
111413  -48.401  -12.448  40.276 0.0000000000
62895  -48.831  -12.848  40.715 0.0000000000
129651  -49.495  -13.570  40.847 0.0000000000
49519  -39.766  -28.436  54.075 0.0000000000
49528  -39.524  -28.718  53.353 0.0000000000
117840  -39.891  -32.718  53.266 0.0000000000
113478  -40.014  -31.852  53.272 0.0000000000
47790  -39.873  -30.085  54.433 0.0000000000
116007  -43.455  -21.301  48.938 0.0000000000
55580  -44.045  -20.801  48.527 0.0000000000
56513  -45.386  -19.762  47.794 0.0000000000
57593  -45.929  -19.412  46.562 0.0000000000
113086  -46.365  -18.852  45.210 0.0000000000
58557  -46.946  -18.002  45.279 0.0000000000
58558  -47.529  -17.333  45.142 0.0000000000
64605  -45.019  -11.128  35.941 0.0000000000
127129  -45.077  -11.562  37.071 0.0000000000
111424  -45.652  -10.878  38.162 0.0000000000
111422  -46.585  -10.245  38.951 0.0000000000
111423  -47.389  -10.279  39.206 0.0000000000
111428  -47.987  -10.712  39.613 0.0000000000
111411  -48.220  -11.067  39.159 0.0000000000
111415  -47.434  -13.173  37.648 0.0000000000
65430  -49.735  -9.897  35.913 0.0000000000
64610  -49.989  -10.672  36.097 0.0000000000
63757  -50.480  -11.648  35.474 0.0000000000
49546  -43.590  -28.539  51.982 0.0000000000
51156  -43.737  -26.573  52.768 0.0000000000
51144  -42.982  -26.308  54.005 0.0000000000
51145  -43.394  -26.532  53.553 0.0000000000
52064  -43.664  -25.702  53.194 0.0000000000
54674  -43.339  -23.350  53.131 0.0000000000
53790  -42.937  -23.901  53.341 0.0000000000
54682  -43.178  -22.995  52.952 0.0000000000
54696  -42.815  -22.280  50.907 0.0000000000
49527  -39.630  -28.056  53.327 0.0000000000
134628  -40.079  -26.989  52.654 0.0000000000
51149  -40.394  -26.748  53.200 0.0000000000
52068  -40.568  -26.235  52.789 0.0000000000
52069  -40.869  -25.786  52.433 0.0000000000
52945  -41.291  -25.024  52.105 0.0000000000
54703  -42.221  -22.513  50.033 0.0000000000
37745  -18.169  -40.740  63.180 0.0000000000
115467  -18.853  -40.480  62.767 0.0000000000
37746  -19.702  -40.231  62.790 0.0000000000
40450  -21.852  -37.967  65.129 0.0000000000
40451  -22.360  -38.522  65.209 0.0000000000
42185  -24.305  -36.473  61.800 0.0000000000
39601  -25.494  -39.349  60.508 0.0000000000
115538  -28.944  -37.398  58.904 0.0000000000
40512  -29.342  -38.654  58.205 0.0000000000
39627  -31.549  -39.221  58.281 0.0000000000
38702  -31.837  -39.487  57.896 0.0000000000
43095  -31.069  -36.389  57.935 0.0000000000
129017  -31.878  -36.735  58.041 0.0000000000
111837  -33.176  -36.931  56.880 0.0000000000
43096  -32.657  -36.868  57.740 0.0000000000
43088  -32.600  -36.879  57.712 0.0000000000
115469  -32.606  -37.066  57.982 0.0000000000
40493  -33.125  -38.216  58.493 0.0000000000
39603  -33.350  -38.664  58.501 0.0000000000
126881  -34.401  -38.017  58.256 0.0000000000
39615  -33.844  -38.788  58.411 0.0000000000
38691  -33.924  -39.066  58.291 0.0000000000
41401  -37.179  -37.529  57.023 0.0000000000
40520  -38.103  -37.937  56.900 0.0000000000
112104  -38.453  -38.668  56.059 0.0000000000
38737  -38.338  -38.792  55.781 0.0000000000
43160  -39.090  -35.854  54.826 0.0000000000
43127  -40.084  -36.387  55.601 0.0000000000
41425  -40.879  -37.155  55.183 0.0000000000
123724  -41.295  -37.014  54.153 0.0000000000
45077  -42.928  -33.609  52.948 0.0000000000
45089  -43.206  -33.339  52.212 0.0000000000
45981  -43.676  -32.179  52.965 0.0000000000
46909  -43.713  -31.558  50.567 0.0000000000
38633  -18.019  -39.515  65.167 0.0000000000
132116  -18.513  -40.068  64.113 0.0000000000
56454  -44.979  -20.660  51.284 0.0000000000
57517  -45.256  -19.629  50.497 0.0000000000
56473  -45.232  -20.014  50.952 0.0000000000
56455  -45.552  -20.284  51.199 0.0000000000
56456  -46.022  -20.639  51.476 0.0000000000
55567  -46.529  -21.317  51.222 0.0000000000
58506  -46.329  -18.397  49.231 0.0000000000
57536  -46.569  -18.886  49.347 0.0000000000
57520  -46.525  -19.303  49.849 0.0000000000
54705  -47.449  -22.338  50.010 0.0000000000
114901  -46.628  -17.912  43.008 0.0000000000
59417  -47.101  -17.244  43.531 0.0000000000
111671  -45.384  -13.491  38.180 0.0000000000
111588  -46.788  -13.312  40.136 0.0000000000
135326  -46.180  -13.841  39.543 0.0000000000
111409  -45.278  -14.511  38.467 0.0000000000
59446  -45.851  -16.618  41.056 0.0000000000
60348  -47.134  -16.259  42.504 0.0000000000
59429  -47.564  -16.441  43.295 0.0000000000
60328  -48.337  -16.404  44.446 0.0000000000
60331  -49.638  -16.623  43.670 0.0000000000
133300  -50.368  -18.298  43.694 0.0000000000
38690  -33.160  -39.044  58.379 0.0000000000
38692  -34.451  -38.894  58.163 0.0000000000
39572  -21.957  -39.597  64.532 0.0000000000
39636  -37.661  -38.728  56.234 0.0000000000
40448  -19.064  -38.434  64.935 0.0000000000
40492  -32.384  -38.265  58.619 0.0000000000
41362  -33.657  -37.912  58.325 0.0000000000
42205  -31.894  -37.018  58.153 0.0000000000
43097  -33.565  -37.201  57.638 0.0000000000
49508  -40.264  -29.040  54.954 0.0000000000
53821  -48.094  -22.822  48.718 0.0000000000
58492  -46.177  -18.559  49.440 0.0000000000
62063  -49.508  -13.666  40.511 0.0000000000
62936  -51.338  -12.477  34.152 0.0000000000
63758  -51.047  -11.600  35.046 0.0000000000
66356  -49.620  -9.255  35.952 0.0000000000
66357  -50.199  -9.750  35.498 0.0000000000
66364  -49.431  -8.936  34.921 0.0000000000
67177  -49.279  -9.055  36.202 0.0000000000
128238  -41.524  -27.035  54.595 0.0000000000
132760  -40.588  -30.680  55.471 0.0000000000
134195  -19.525  -39.132  64.512 0.0000000000
