#!ascii label  , from subject bert vox2ras=TkReg
1846
120336  -34.545  -24.808  57.679 0.0000000000
112079  -45.026  -4.093  39.277 0.0000000000
56555  -38.358  -19.186  44.665 0.0000000000
40572  -4.513  -37.150  51.477 0.0000000000
48623  -20.489  -27.653  58.712 0.0000000000
51137  -8.448  -25.976  54.550 0.0000000000
126304  -4.528  -28.969  61.280 0.0000000000
118327  -41.970  -13.067  40.470 0.0000000000
121237  -5.950  -26.530  47.380 0.0000000000
38673  -5.972  -40.554  61.264 0.0000000000
52074  -32.854  -25.988  52.409 0.0000000000
46826  -30.844  -29.545  55.686 0.0000000000
49457  -28.986  -26.650  58.992 0.0000000000
72283  -47.174  -2.363  36.722 0.0000000000
58585  -41.372  -19.090  40.717 0.0000000000
122038  -17.527  -31.801  54.409 0.0000000000
134626  -3.930  -20.691  51.931 0.0000000000
46861  -7.157  -32.145  53.848 0.0000000000
46025  -10.016  -31.746  48.389 0.0000000000
42324  -7.717  -37.227  48.910 0.0000000000
42159  -11.092  -36.121  64.993 0.0000000000
41290  -6.945  -36.905  66.102 0.0000000000
58502  -38.059  -17.568  48.499 0.0000000000
51076  -25.764  -24.030  61.515 0.0000000000
128868  -23.419  -27.757  54.587 0.0000000000
50285  -6.646  -27.411  59.061 0.0000000000
45934  -5.911  -33.504  57.111 0.0000000000
67151  -43.271  -8.823  39.403 0.0000000000
44024  -13.563  -33.989  62.283 0.0000000000
112392  -15.411  -31.818  58.526 0.0000000000
49530  -7.472  -26.781  51.002 0.0000000000
46956  -7.496  -31.462  45.587 0.0000000000
46778  -6.758  -31.138  64.554 0.0000000000
43064  -4.744  -35.555  61.490 0.0000000000
39638  -4.625  -39.412  56.373 0.0000000000
53748  -35.770  -23.148  56.965 0.0000000000
49488  -34.266  -27.773  56.326 0.0000000000
51139  -34.577  -26.052  55.486 0.0000000000
48625  -32.748  -28.429  57.318 0.0000000000
45966  -32.282  -30.148  54.331 0.0000000000
49451  -31.860  -26.546  59.068 0.0000000000
71369  -45.293  -3.108  38.002 0.0000000000
68809  -41.849  -6.532  37.466 0.0000000000
70476  -42.507  -4.504  36.382 0.0000000000
71394  -44.085  -2.989  35.035 0.0000000000
56583  -39.127  -20.104  42.612 0.0000000000
57622  -36.396  -18.413  44.436 0.0000000000
112374  -36.922  -18.822  43.212 0.0000000000
129200  -37.511  -18.658  41.139 0.0000000000
44156  -5.842  -34.908  52.584 0.0000000000
44172  -6.984  -34.386  50.871 0.0000000000
41470  -6.713  -37.722  50.532 0.0000000000
38841  -7.596  -40.133  48.155 0.0000000000
38815  -7.044  -40.008  50.354 0.0000000000
41338  -10.392  -36.937  61.655 0.0000000000
40464  -10.239  -38.411  63.283 0.0000000000
58477  -36.713  -17.122  50.860 0.0000000000
54671  -33.878  -22.191  53.830 0.0000000000
53809  -31.858  -23.950  51.468 0.0000000000
56451  -33.604  -20.023  52.257 0.0000000000
57532  -34.172  -18.658  49.605 0.0000000000
53707  -26.857  -22.824  62.293 0.0000000000
47752  -27.961  -27.944  55.407 0.0000000000
134162  -27.064  -26.876  56.950 0.0000000000
71414  -46.614  -3.057  32.127 0.0000000000
70503  -48.073  -4.119  30.927 0.0000000000
49462  -5.421  -28.643  60.284 0.0000000000
47738  -7.014  -31.114  58.269 0.0000000000
47721  -5.979  -30.902  59.523 0.0000000000
64585  -42.653  -10.897  39.651 0.0000000000
60371  -39.152  -15.465  39.595 0.0000000000
62070  -39.463  -13.594  38.572 0.0000000000
65411  -40.849  -10.651  38.498 0.0000000000
44004  -14.295  -33.727  65.995 0.0000000000
132390  -15.653  -33.389  64.001 0.0000000000
52925  -6.081  -23.745  54.348 0.0000000000
52060  -5.592  -23.744  53.035 0.0000000000
50323  -8.137  -26.180  52.629 0.0000000000
44243  -8.855  -34.702  45.754 0.0000000000
134364  -9.053  -31.919  46.230 0.0000000000
45176  -6.973  -33.788  44.243 0.0000000000
46770  -7.455  -31.653  67.432 0.0000000000
39576  -5.870  -39.153  63.272 0.0000000000
42162  -5.190  -36.366  64.258 0.0000000000
40476  -5.305  -38.212  61.338 0.0000000000
41363  -4.196  -37.284  59.399 0.0000000000
38686  -5.758  -40.394  58.744 0.0000000000
52935  -34.531  -24.527  54.646 0.0000000000
52874  -28.608  -24.115  61.594 0.0000000000
52013  -30.454  -25.152  60.233 0.0000000000
111805  -30.506  -28.351  57.862 0.0000000000
72296  -48.266  -2.175  35.784 0.0000000000
72320  -45.063  -2.524  33.887 0.0000000000
60364  -41.284  -15.934  39.825 0.0000000000
58603  -38.623  -17.890  39.682 0.0000000000
46853  -20.082  -29.535  54.886 0.0000000000
45936  -19.532  -30.305  56.222 0.0000000000
52954  -6.331  -24.159  50.466 0.0000000000
48650  -9.496  -29.532  55.172 0.0000000000
49543  -10.121  -28.819  52.122 0.0000000000
46898  -9.366  -31.566  50.879 0.0000000000
44201  -8.517  -34.790  48.188 0.0000000000
131281  -6.730  -37.592  45.552 0.0000000000
43987  -10.645  -34.179  68.385 0.0000000000
43994  -8.345  -34.628  67.607 0.0000000000
41293  -8.992  -37.307  66.106 0.0000000000
39567  -8.492  -39.740  64.471 0.0000000000
57588  -38.048  -18.568  46.087 0.0000000000
58532  -35.302  -18.025  46.873 0.0000000000
50248  -22.786  -25.422  60.229 0.0000000000
50235  -27.895  -24.958  60.182 0.0000000000
50289  -24.348  -25.513  57.800 0.0000000000
49493  -21.499  -27.236  56.504 0.0000000000
52918  -6.499  -23.788  56.292 0.0000000000
52897  -6.538  -24.560  58.906 0.0000000000
50294  -8.444  -26.963  57.371 0.0000000000
47750  -8.102  -30.977  57.097 0.0000000000
46849  -6.942  -33.253  55.424 0.0000000000
44115  -4.554  -35.129  53.851 0.0000000000
68793  -43.623  -6.325  39.972 0.0000000000
66331  -40.919  -9.440  38.386 0.0000000000
43996  -12.366  -34.002  67.333 0.0000000000
43055  -12.142  -35.185  64.163 0.0000000000
42189  -10.961  -35.724  60.061 0.0000000000
45043  -18.648  -31.094  57.645 0.0000000000
45024  -17.609  -31.433  60.012 0.0000000000
45020  -16.909  -31.850  62.019 0.0000000000
113202  -15.184  -33.412  60.435 0.0000000000
42210  -11.618  -35.396  57.957 0.0000000000
56409  -3.855  -20.712  53.199 0.0000000000
52072  -5.948  -24.093  52.099 0.0000000000
50349  -6.781  -27.285  49.705 0.0000000000
113243  -9.061  -29.355  50.141 0.0000000000
47832  -7.392  -30.249  48.373 0.0000000000
47849  -6.113  -29.122  46.996 0.0000000000
47706  -5.065  -30.158  63.240 0.0000000000
44000  -6.385  -33.871  65.734 0.0000000000
122125  -5.846  -32.357  63.497 0.0000000000
45918  -4.927  -32.137  61.264 0.0000000000
44047  -4.815  -34.243  58.777 0.0000000000
121397  -3.837  -35.787  56.644 0.0000000000
114962  -3.612  -37.956  54.055 0.0000000000
36149  -5.957  -43.299  58.539 0.0000000000
116357  -4.866  -42.131  56.619 0.0000000000
38798  -5.118  -40.727  52.309 0.0000000000
52903  -35.254  -23.885  57.208 0.0000000000
53738  -35.092  -23.247  58.122 0.0000000000
50291  -34.368  -26.379  57.291 0.0000000000
128478  -34.662  -24.992  57.287 0.0000000000
50282  -33.919  -26.402  57.927 0.0000000000
48627  -33.620  -28.055  56.995 0.0000000000
126127  -34.003  -24.006  58.539 0.0000000000
52026  -33.101  -25.821  58.636 0.0000000000
70465  -45.437  -3.539  38.816 0.0000000000
69657  -42.752  -5.825  38.349 0.0000000000
69667  -41.744  -5.869  36.970 0.0000000000
70463  -43.627  -4.325  38.069 0.0000000000
70473  -44.233  -3.615  37.782 0.0000000000
56570  -39.221  -20.079  43.541 0.0000000000
57636  -40.995  -19.733  43.430 0.0000000000
57608  -39.900  -19.651  44.922 0.0000000000
56552  -36.308  -18.717  43.932 0.0000000000
56568  -37.546  -19.145  44.049 0.0000000000
112569  -37.864  -18.905  43.200 0.0000000000
43189  -4.946  -35.846  52.174 0.0000000000
43205  -6.129  -35.346  51.781 0.0000000000
42299  -5.490  -36.862  51.572 0.0000000000
40575  -6.267  -38.903  50.477 0.0000000000
40574  -5.332  -38.419  51.104 0.0000000000
40485  -10.069  -37.941  60.239 0.0000000000
39593  -9.907  -38.634  60.763 0.0000000000
55543  -34.658  -20.548  53.839 0.0000000000
55554  -33.295  -20.872  52.610 0.0000000000
56452  -34.418  -19.491  52.722 0.0000000000
57516  -34.750  -18.472  51.306 0.0000000000
71408  -48.406  -2.710  33.703 0.0000000000
71424  -47.670  -3.658  31.624 0.0000000000
71426  -49.690  -3.438  31.752 0.0000000000
49452  -4.876  -28.850  60.753 0.0000000000
48610  -6.057  -30.120  59.881 0.0000000000
48600  -5.008  -30.128  60.610 0.0000000000
64576  -42.357  -11.564  39.959 0.0000000000
65383  -43.082  -10.876  40.590 0.0000000000
61206  -40.279  -15.079  39.878 0.0000000000
115675  -39.396  -14.528  39.220 0.0000000000
62897  -40.838  -13.483  39.739 0.0000000000
63727  -41.176  -11.619  39.228 0.0000000000
44997  -16.441  -32.994  66.145 0.0000000000
113742  -17.018  -32.351  64.913 0.0000000000
49454  -21.148  -26.873  60.127 0.0000000000
48611  -20.119  -28.264  59.151 0.0000000000
52968  -6.443  -25.011  47.909 0.0000000000
51128  -7.001  -24.516  54.621 0.0000000000
51135  -7.044  -24.828  53.522 0.0000000000
50314  -8.331  -25.966  53.495 0.0000000000
43284  -7.366  -36.183  45.219 0.0000000000
44259  -8.027  -34.649  45.017 0.0000000000
43303  -6.893  -35.591  44.429 0.0000000000
134979  -8.616  -31.246  66.729 0.0000000000
46761  -8.549  -31.578  68.519 0.0000000000
38664  -5.890  -40.381  62.217 0.0000000000
40471  -5.595  -38.598  62.724 0.0000000000
39591  -5.762  -39.678  61.515 0.0000000000
39597  -5.551  -39.177  60.155 0.0000000000
127372  -5.991  -40.100  59.683 0.0000000000
52922  -35.229  -23.905  55.545 0.0000000000
52054  -34.587  -24.770  54.949 0.0000000000
52927  -35.372  -23.424  55.333 0.0000000000
130186  -35.188  -22.587  54.820 0.0000000000
47725  -31.537  -28.561  57.862 0.0000000000
48607  -31.026  -27.573  58.590 0.0000000000
131122  -30.884  -29.024  56.501 0.0000000000
46823  -29.437  -29.243  55.452 0.0000000000
72295  -47.526  -2.278  35.849 0.0000000000
72293  -45.010  -2.655  35.751 0.0000000000
71403  -44.053  -2.877  34.007 0.0000000000
72294  -45.890  -2.378  35.451 0.0000000000
119521  -46.794  -2.257  35.069 0.0000000000
59443  -41.982  -17.456  40.001 0.0000000000
60358  -42.717  -16.444  40.752 0.0000000000
59436  -42.532  -17.858  40.801 0.0000000000
57662  -38.980  -19.507  40.226 0.0000000000
57670  -37.512  -18.528  40.099 0.0000000000
57672  -39.266  -18.791  39.625 0.0000000000
59452  -40.014  -17.016  39.591 0.0000000000
113440  -5.175  -21.630  50.848 0.0000000000
135321  -6.056  -22.732  50.138 0.0000000000
120765  -5.644  -22.301  50.903 0.0000000000
46852  -8.401  -31.309  54.313 0.0000000000
46864  -9.419  -30.776  53.197 0.0000000000
46885  -7.913  -31.945  52.151 0.0000000000
113099  -7.523  -35.590  50.158 0.0000000000
44186  -7.767  -34.625  49.719 0.0000000000
43238  -8.069  -35.953  48.363 0.0000000000
42336  -8.198  -36.544  47.011 0.0000000000
112058  -7.679  -37.815  47.281 0.0000000000
40616  -6.843  -39.100  46.281 0.0000000000
43040  -11.083  -35.024  67.145 0.0000000000
42150  -9.738  -35.959  66.936 0.0000000000
120999  -10.063  -36.323  66.175 0.0000000000
38654  -9.865  -39.774  62.547 0.0000000000
39568  -9.218  -39.503  64.209 0.0000000000
38652  -8.569  -40.792  63.431 0.0000000000
38651  -7.736  -41.033  63.449 0.0000000000
57550  -37.861  -17.915  47.521 0.0000000000
58485  -35.627  -17.597  49.482 0.0000000000
57549  -34.165  -18.509  48.682 0.0000000000
58517  -36.015  -17.800  47.427 0.0000000000
57566  -36.558  -17.864  46.617 0.0000000000
51992  -24.350  -23.643  61.660 0.0000000000
51088  -23.597  -24.441  61.345 0.0000000000
51089  -24.311  -24.514  60.728 0.0000000000
51092  -28.776  -25.264  60.403 0.0000000000
52005  -27.944  -24.377  61.185 0.0000000000
50252  -28.517  -25.749  59.627 0.0000000000
49495  -25.058  -27.839  55.492 0.0000000000
49477  -26.694  -26.396  57.272 0.0000000000
50302  -24.243  -26.594  56.129 0.0000000000
50296  -23.133  -26.135  56.969 0.0000000000
50300  -22.726  -26.958  56.027 0.0000000000
49502  -21.613  -27.840  54.804 0.0000000000
50275  -6.035  -27.074  59.503 0.0000000000
51120  -6.545  -26.428  59.012 0.0000000000
122925  -7.791  -25.761  58.165 0.0000000000
50293  -7.869  -27.221  58.122 0.0000000000
49490  -8.210  -28.907  57.139 0.0000000000
48631  -7.611  -29.453  57.821 0.0000000000
46820  -6.449  -32.590  57.656 0.0000000000
46821  -6.734  -32.403  57.452 0.0000000000
119354  -5.807  -33.898  56.400 0.0000000000
45970  -5.834  -34.264  54.356 0.0000000000
45054  -5.424  -34.454  55.903 0.0000000000
67986  -43.286  -8.109  39.737 0.0000000000
68783  -43.890  -7.018  40.628 0.0000000000
67973  -44.163  -7.708  41.057 0.0000000000
66313  -42.155  -10.158  38.896 0.0000000000
66321  -40.808  -10.154  38.415 0.0000000000
67160  -42.036  -9.074  38.966 0.0000000000
67991  -42.029  -8.201  38.717 0.0000000000
113698  -13.509  -33.241  68.452 0.0000000000
115268  -14.105  -34.037  63.770 0.0000000000
43052  -13.064  -34.336  65.066 0.0000000000
43059  -12.478  -34.504  63.220 0.0000000000
42176  -10.898  -35.388  61.956 0.0000000000
43061  -11.656  -34.608  61.630 0.0000000000
45056  -18.787  -31.213  55.715 0.0000000000
115168  -19.016  -30.907  57.289 0.0000000000
45049  -18.427  -31.410  56.318 0.0000000000
44074  -15.799  -31.803  56.684 0.0000000000
113041  -16.958  -31.513  57.899 0.0000000000
44065  -16.428  -31.445  58.522 0.0000000000
45021  -17.282  -31.596  61.403 0.0000000000
114639  -16.351  -32.594  59.962 0.0000000000
112194  -16.106  -33.162  61.674 0.0000000000
44050  -14.843  -32.607  58.815 0.0000000000
43100  -12.395  -34.205  57.563 0.0000000000
55519  -3.655  -21.729  54.466 0.0000000000
51151  -6.407  -25.127  52.092 0.0000000000
52942  -5.376  -23.510  52.739 0.0000000000
51157  -6.540  -25.627  51.536 0.0000000000
112593  -6.477  -25.669  51.046 0.0000000000
50342  -7.024  -26.939  50.323 0.0000000000
47809  -10.271  -30.418  50.218 0.0000000000
48685  -9.697  -28.929  51.272 0.0000000000
48724  -10.133  -30.629  49.034 0.0000000000
46957  -8.092  -31.662  45.812 0.0000000000
47852  -8.043  -30.793  47.944 0.0000000000
46930  -7.211  -30.970  47.240 0.0000000000
47831  -7.164  -29.854  48.163 0.0000000000
47866  -6.541  -29.749  46.430 0.0000000000
132112  -6.188  -29.798  45.727 0.0000000000
47700  -5.817  -30.339  63.808 0.0000000000
43044  -7.259  -35.713  66.681 0.0000000000
43992  -6.915  -33.983  66.982 0.0000000000
43043  -6.645  -35.297  66.209 0.0000000000
114442  -4.957  -35.914  62.770 0.0000000000
44012  -5.360  -34.100  63.936 0.0000000000
44023  -5.280  -34.243  62.389 0.0000000000
45915  -5.361  -32.283  62.372 0.0000000000
45019  -5.120  -33.573  61.453 0.0000000000
118077  -4.864  -33.233  60.064 0.0000000000
44036  -4.508  -34.539  60.195 0.0000000000
40515  -4.702  -38.305  57.465 0.0000000000
127450  -3.757  -36.473  58.218 0.0000000000
41404  -4.088  -37.332  56.692 0.0000000000
42238  -3.995  -36.553  55.280 0.0000000000
39643  -3.770  -39.070  55.108 0.0000000000
117718  -5.339  -44.094  57.822 0.0000000000
36935  -5.448  -42.459  57.822 0.0000000000
53768  -35.717  -22.873  56.076 0.0000000000
47768  -33.465  -28.456  54.999 0.0000000000
49518  -33.805  -27.768  54.860 0.0000000000
50303  -34.610  -26.944  55.960 0.0000000000
52047  -34.856  -24.655  55.718 0.0000000000
46808  -31.988  -29.292  57.051 0.0000000000
46829  -32.360  -29.500  55.785 0.0000000000
46844  -32.878  -29.531  54.984 0.0000000000
49468  -32.466  -27.149  58.263 0.0000000000
72272  -46.521  -2.524  37.432 0.0000000000
69676  -41.284  -5.452  35.159 0.0000000000
70479  -41.732  -4.871  34.657 0.0000000000
70484  -42.465  -4.114  33.918 0.0000000000
70477  -43.136  -3.797  36.076 0.0000000000
132735  -45.094  -2.774  36.547 0.0000000000
57653  -40.756  -19.658  41.358 0.0000000000
58586  -42.256  -18.644  41.230 0.0000000000
57647  -41.881  -19.302  42.656 0.0000000000
57624  -42.399  -19.076  44.045 0.0000000000
57604  -34.508  -18.727  45.160 0.0000000000
118956  -34.895  -18.593  43.773 0.0000000000
56565  -34.661  -18.560  43.223 0.0000000000
56581  -35.646  -18.454  42.102 0.0000000000
112372  -35.988  -18.565  41.236 0.0000000000
112373  -36.616  -18.493  42.175 0.0000000000
112469  -38.866  -19.291  42.107 0.0000000000
45983  -6.383  -33.102  52.383 0.0000000000
45994  -6.453  -33.083  51.660 0.0000000000
45101  -6.628  -34.168  51.394 0.0000000000
43220  -6.996  -36.023  50.729 0.0000000000
41471  -7.511  -37.929  49.575 0.0000000000
40604  -7.587  -38.884  47.408 0.0000000000
40589  -7.253  -39.004  49.590 0.0000000000
38828  -7.730  -40.039  49.399 0.0000000000
42163  -11.119  -36.646  63.713 0.0000000000
41305  -10.232  -37.424  64.487 0.0000000000
40465  -10.453  -37.913  62.926 0.0000000000
114289  -37.439  -17.205  49.673 0.0000000000
52943  -33.360  -24.583  53.514 0.0000000000
52073  -32.371  -25.532  51.918 0.0000000000
53801  -32.433  -22.805  52.568 0.0000000000
54688  -32.445  -21.697  51.957 0.0000000000
55564  -32.351  -21.165  51.010 0.0000000000
114668  -33.582  -19.577  50.950 0.0000000000
58476  -35.135  -17.895  50.513 0.0000000000
51994  -26.127  -23.824  61.906 0.0000000000
47729  -28.828  -27.664  57.417 0.0000000000
48613  -28.289  -27.181  57.878 0.0000000000
48643  -26.851  -27.449  55.352 0.0000000000
112435  -25.239  -28.889  54.967 0.0000000000
70501  -46.145  -4.255  30.983 0.0000000000
70506  -46.586  -4.684  30.198 0.0000000000
70516  -47.224  -4.611  29.208 0.0000000000
70522  -47.553  -4.519  28.253 0.0000000000
50284  -6.206  -27.950  59.516 0.0000000000
49481  -6.858  -29.285  58.892 0.0000000000
48621  -6.595  -29.513  59.283 0.0000000000
47728  -6.502  -31.343  58.833 0.0000000000
46811  -6.431  -32.224  58.265 0.0000000000
66314  -42.681  -10.162  39.162 0.0000000000
66293  -43.771  -9.757  40.991 0.0000000000
61218  -38.204  -14.829  38.561 0.0000000000
62910  -39.155  -12.989  37.778 0.0000000000
63732  -39.323  -12.227  37.539 0.0000000000
63726  -40.317  -12.123  38.831 0.0000000000
64588  -41.545  -10.877  38.838 0.0000000000
44990  -14.595  -33.186  67.359 0.0000000000
44991  -15.439  -33.030  67.148 0.0000000000
44010  -15.568  -33.422  64.999 0.0000000000
44019  -14.459  -33.789  62.908 0.0000000000
44088  -15.625  -32.133  55.710 0.0000000000
127902  -14.042  -32.767  57.182 0.0000000000
53769  -4.006  -23.240  55.015 0.0000000000
53776  -3.883  -23.386  54.176 0.0000000000
52924  -5.497  -23.569  53.746 0.0000000000
51147  -6.909  -25.223  52.770 0.0000000000
50330  -7.414  -26.385  51.739 0.0000000000
45144  -9.723  -33.595  46.979 0.0000000000
46052  -9.801  -32.274  47.389 0.0000000000
44244  -9.221  -33.762  45.789 0.0000000000
46078  -8.133  -33.033  44.851 0.0000000000
46095  -7.189  -32.951  44.431 0.0000000000
49387  -8.441  -29.856  65.368 0.0000000000
47692  -7.700  -30.939  65.834 0.0000000000
45893  -7.405  -31.572  66.195 0.0000000000
40437  -6.399  -38.234  65.133 0.0000000000
120611  -5.520  -36.804  64.811 0.0000000000
41304  -5.296  -37.473  64.037 0.0000000000
41316  -5.041  -37.341  63.094 0.0000000000
123104  -4.840  -37.078  61.441 0.0000000000
129165  -4.300  -36.479  60.430 0.0000000000
119470  -4.688  -37.611  60.019 0.0000000000
119034  -5.062  -38.627  58.812 0.0000000000
39631  -5.177  -39.719  57.572 0.0000000000
50334  -33.224  -27.191  52.684 0.0000000000
50326  -33.656  -27.337  54.241 0.0000000000
51148  -33.920  -26.462  54.452 0.0000000000
52066  -33.819  -25.084  54.067 0.0000000000
53787  -34.432  -22.983  54.335 0.0000000000
55532  -35.022  -21.006  54.409 0.0000000000
50238  -29.942  -25.800  59.818 0.0000000000
51095  -31.301  -25.782  59.664 0.0000000000
49448  -30.324  -26.557  59.193 0.0000000000
48615  -29.472  -27.628  58.346 0.0000000000
134719  -29.303  -28.073  57.084 0.0000000000
71411  -43.785  -3.942  32.405 0.0000000000
71407  -46.642  -2.639  33.189 0.0000000000
72310  -48.086  -2.370  34.690 0.0000000000
62056  -41.762  -14.687  40.445 0.0000000000
62894  -42.504  -13.173  40.980 0.0000000000
62048  -42.601  -14.940  40.817 0.0000000000
133400  -36.635  -18.417  40.205 0.0000000000
59468  -38.911  -17.167  39.881 0.0000000000
60372  -40.172  -16.136  39.723 0.0000000000
48641  -20.313  -28.652  56.411 0.0000000000
47739  -19.690  -28.708  57.662 0.0000000000
46839  -19.955  -29.672  55.614 0.0000000000
45959  -19.168  -30.904  54.384 0.0000000000
53822  -6.601  -23.498  48.646 0.0000000000
52096  -6.482  -25.368  48.669 0.0000000000
49501  -9.680  -28.584  55.046 0.0000000000
50325  -9.387  -27.354  53.783 0.0000000000
48667  -10.063  -29.729  53.862 0.0000000000
47802  -10.047  -30.478  51.808 0.0000000000
46010  -9.882  -31.578  49.645 0.0000000000
46008  -7.584  -32.775  50.652 0.0000000000
45117  -8.496  -33.259  49.263 0.0000000000
45118  -9.375  -32.916  48.617 0.0000000000
44213  -8.803  -35.133  47.285 0.0000000000
44976  -9.136  -32.890  69.025 0.0000000000
120267  -9.511  -34.276  68.245 0.0000000000
43037  -8.647  -35.387  67.335 0.0000000000
41292  -8.296  -37.413  66.117 0.0000000000
40441  -9.632  -38.071  64.917 0.0000000000
40432  -8.650  -37.975  65.774 0.0000000000
40438  -7.240  -38.270  65.531 0.0000000000
39565  -6.823  -39.387  64.618 0.0000000000
38650  -6.640  -40.502  63.605 0.0000000000
37752  -6.172  -41.285  61.987 0.0000000000
56525  -38.474  -18.752  45.906 0.0000000000
113249  -39.992  -19.375  45.858 0.0000000000
111887  -39.425  -18.910  46.784 0.0000000000
52080  -31.943  -25.896  51.195 0.0000000000
131257  -34.151  -18.843  45.997 0.0000000000
57607  -37.665  -18.494  45.436 0.0000000000
49455  -21.932  -26.233  60.157 0.0000000000
50265  -21.966  -26.284  59.489 0.0000000000
53708  -27.421  -23.329  62.158 0.0000000000
52004  -26.900  -24.104  61.679 0.0000000000
126351  -26.523  -24.282  61.191 0.0000000000
49456  -27.952  -26.125  58.905 0.0000000000
50269  -27.267  -25.283  59.283 0.0000000000
51101  -25.598  -24.431  60.499 0.0000000000
50267  -24.098  -24.936  59.643 0.0000000000
50277  -23.010  -25.678  58.699 0.0000000000
49485  -21.255  -27.058  57.435 0.0000000000
48651  -20.520  -28.814  55.694 0.0000000000
70530  -48.569  -4.198  27.512 0.0000000000
71445  -48.905  -3.808  27.154 0.0000000000
71456  -48.955  -3.130  26.239 0.0000000000
52921  -6.227  -23.697  55.129 0.0000000000
52049  -7.597  -24.983  55.768 0.0000000000
52912  -7.035  -24.176  57.462 0.0000000000
52046  -8.163  -25.385  56.645 0.0000000000
51126  -8.528  -26.157  56.535 0.0000000000
49491  -8.866  -28.394  56.453 0.0000000000
47762  -8.566  -30.645  55.673 0.0000000000
46838  -7.859  -32.008  55.679 0.0000000000
47749  -7.602  -31.294  57.513 0.0000000000
46837  -7.442  -32.599  56.170 0.0000000000
45958  -6.727  -33.105  54.064 0.0000000000
45971  -6.237  -33.873  53.785 0.0000000000
44144  -5.225  -35.138  52.980 0.0000000000
42274  -3.945  -36.036  52.654 0.0000000000
69651  -43.788  -5.487  39.453 0.0000000000
64594  -39.403  -11.131  37.344 0.0000000000
115295  -39.968  -10.260  37.949 0.0000000000
66341  -39.449  -9.350  37.112 0.0000000000
67998  -41.334  -8.001  38.030 0.0000000000
68800  -42.612  -6.599  38.766 0.0000000000
43995  -11.565  -34.291  67.678 0.0000000000
43046  -12.032  -34.709  65.923 0.0000000000
44003  -13.460  -33.941  66.269 0.0000000000
43047  -12.831  -34.260  65.691 0.0000000000
42160  -11.654  -35.629  64.610 0.0000000000
41339  -10.569  -36.225  61.257 0.0000000000
133294  -19.425  -29.159  58.076 0.0000000000
45926  -19.060  -30.126  59.007 0.0000000000
131638  -18.981  -30.421  59.969 0.0000000000
44077  -17.877  -31.483  57.450 0.0000000000
45029  -17.920  -31.097  59.111 0.0000000000
45920  -18.870  -30.841  61.215 0.0000000000
45016  -18.211  -31.151  62.190 0.0000000000
45012  -17.904  -31.240  63.108 0.0000000000
45007  -17.213  -31.837  64.547 0.0000000000
44022  -16.641  -32.411  63.235 0.0000000000
112621  -15.776  -33.335  62.280 0.0000000000
135149  -14.009  -33.738  60.860 0.0000000000
44062  -13.765  -32.974  58.068 0.0000000000
44048  -13.198  -33.678  59.733 0.0000000000
43074  -12.355  -34.214  60.165 0.0000000000
42199  -11.019  -35.879  59.322 0.0000000000
56422  -3.868  -20.730  52.476 0.0000000000
53785  -3.906  -23.244  53.453 0.0000000000
53794  -4.159  -22.892  52.810 0.0000000000
54687  -4.434  -22.531  52.164 0.0000000000
52949  -5.967  -23.684  51.615 0.0000000000
52087  -6.451  -25.507  49.441 0.0000000000
125541  -6.321  -26.541  48.521 0.0000000000
50333  -9.179  -27.292  52.853 0.0000000000
49532  -8.259  -27.386  51.390 0.0000000000
48684  -7.630  -28.513  50.201 0.0000000000
47834  -9.312  -30.323  48.666 0.0000000000
47820  -8.012  -30.156  49.102 0.0000000000
48693  -7.327  -28.721  50.013 0.0000000000
48721  -7.157  -29.083  48.930 0.0000000000
49560  -6.701  -28.384  48.663 0.0000000000
49564  -5.406  -28.042  46.886 0.0000000000
48756  -5.085  -28.700  45.758 0.0000000000
44981  -7.810  -32.972  68.063 0.0000000000
119856  -6.979  -31.979  66.850 0.0000000000
129742  -6.935  -32.275  64.988 0.0000000000
43048  -5.669  -35.051  65.097 0.0000000000
45001  -6.032  -32.992  64.827 0.0000000000
45903  -6.248  -31.536  63.988 0.0000000000
46789  -5.702  -30.992  63.282 0.0000000000
46792  -5.031  -31.067  62.459 0.0000000000
47712  -4.690  -30.470  61.628 0.0000000000
46800  -5.140  -31.651  60.069 0.0000000000
45927  -5.786  -33.104  58.640 0.0000000000
45041  -5.391  -34.224  57.336 0.0000000000
43081  -3.879  -35.688  59.067 0.0000000000
112931  -3.967  -34.839  57.718 0.0000000000
44085  -4.764  -34.789  56.624 0.0000000000
44099  -4.549  -35.162  55.468 0.0000000000
42264  -3.729  -36.282  53.586 0.0000000000
41445  -3.689  -37.597  52.457 0.0000000000
36913  -6.676  -42.216  60.648 0.0000000000
36150  -6.266  -43.122  59.043 0.0000000000
129108  -6.240  -41.777  59.304 0.0000000000
37795  -5.930  -41.917  58.738 0.0000000000
113968  -5.093  -41.187  57.527 0.0000000000
37822  -4.685  -41.277  56.686 0.0000000000
36964  -4.667  -42.188  55.138 0.0000000000
38738  -4.029  -40.509  55.451 0.0000000000
38751  -3.694  -40.269  54.133 0.0000000000
39673  -4.006  -39.709  52.487 0.0000000000
40561  -4.328  -38.674  51.643 0.0000000000
38814  -6.137  -40.260  51.197 0.0000000000
114258  -7.230  -42.035  50.868 0.0000000000
52902  -34.873  -24.237  57.556 0.0000000000
53743  -35.293  -23.603  57.595 0.0000000000
126446  -34.884  -23.865  57.933 0.0000000000
52035  -34.392  -25.289  57.699 0.0000000000
52039  -34.589  -25.069  57.261 0.0000000000
52034  -34.103  -25.685  58.103 0.0000000000
50283  -34.193  -26.197  57.717 0.0000000000
52894  -34.179  -24.740  58.317 0.0000000000
52027  -33.761  -25.778  58.359 0.0000000000
126310  -34.563  -23.930  58.239 0.0000000000
70464  -44.431  -4.102  38.631 0.0000000000
69658  -43.577  -5.076  38.693 0.0000000000
69669  -42.925  -4.943  37.859 0.0000000000
56556  -39.102  -19.552  44.432 0.0000000000
127354  -39.816  -20.009  44.205 0.0000000000
56554  -37.767  -18.921  44.812 0.0000000000
56553  -37.070  -18.763  44.305 0.0000000000
56569  -38.503  -19.212  43.852 0.0000000000
42298  -4.735  -36.467  51.776 0.0000000000
41461  -5.073  -37.601  51.349 0.0000000000
40573  -4.370  -37.962  51.465 0.0000000000
40495  -10.373  -38.267  59.480 0.0000000000
56435  -35.007  -19.719  53.554 0.0000000000
120692  -5.294  -29.507  60.376 0.0000000000
121154  -4.713  -29.441  60.950 0.0000000000
62898  -41.398  -13.017  39.990 0.0000000000
63719  -42.516  -12.308  40.564 0.0000000000
62061  -40.947  -14.385  40.059 0.0000000000
63722  -41.773  -12.146  39.920 0.0000000000
45900  -17.219  -31.795  65.953 0.0000000000
44998  -16.911  -32.420  65.619 0.0000000000
44999  -17.318  -31.780  65.239 0.0000000000
48612  -20.518  -27.639  59.404 0.0000000000
48602  -20.553  -27.590  60.074 0.0000000000
52105  -6.070  -25.553  47.054 0.0000000000
51129  -8.012  -25.290  55.031 0.0000000000
51136  -7.812  -25.267  53.978 0.0000000000
131705  -9.317  -31.508  69.101 0.0000000000
38672  -5.903  -39.834  60.637 0.0000000000
38679  -6.161  -40.696  60.386 0.0000000000
52923  -35.414  -23.388  55.618 0.0000000000
53783  -35.439  -22.867  55.377 0.0000000000
53782  -35.369  -22.560  54.996 0.0000000000
46806  -31.316  -29.132  56.647 0.0000000000
121155  -31.438  -29.053  57.048 0.0000000000
46815  -30.950  -29.368  55.978 0.0000000000
72282  -46.011  -2.450  36.455 0.0000000000
129535  -46.731  -2.342  35.905 0.0000000000
58594  -41.755  -18.309  40.282 0.0000000000
57663  -40.213  -19.358  40.321 0.0000000000
58593  -40.668  -18.660  39.790 0.0000000000
59453  -41.013  -17.788  39.519 0.0000000000
56437  -3.998  -20.057  51.476 0.0000000000
55548  -4.389  -21.162  51.339 0.0000000000
54693  -4.786  -22.015  51.565 0.0000000000
46862  -7.839  -31.702  53.832 0.0000000000
46863  -8.660  -31.368  53.330 0.0000000000
116841  -7.587  -31.904  52.973 0.0000000000
43237  -7.893  -36.208  49.173 0.0000000000
42335  -7.870  -36.883  47.857 0.0000000000
41489  -7.192  -38.575  46.517 0.0000000000
41479  -7.703  -38.216  48.086 0.0000000000
42156  -10.837  -35.949  65.817 0.0000000000
42151  -10.527  -35.608  66.591 0.0000000000
38653  -9.313  -40.412  63.181 0.0000000000
57551  -38.747  -18.053  47.655 0.0000000000
51158  -32.816  -26.789  52.149 0.0000000000
58500  -36.093  -17.583  48.331 0.0000000000
58518  -36.924  -17.709  47.401 0.0000000000
51993  -25.389  -23.620  61.707 0.0000000000
52002  -25.031  -23.730  61.485 0.0000000000
51075  -24.485  -24.026  61.374 0.0000000000
51090  -25.317  -24.159  61.059 0.0000000000
50254  -29.126  -25.862  59.745 0.0000000000
50237  -28.836  -25.502  60.144 0.0000000000
124388  -28.532  -26.411  59.015 0.0000000000
49505  -24.768  -28.182  55.395 0.0000000000
49486  -25.279  -26.586  56.011 0.0000000000
49494  -24.075  -27.141  55.714 0.0000000000
49504  -23.465  -27.408  55.203 0.0000000000
121041  -22.573  -27.621  54.846 0.0000000000
49515  -22.644  -27.673  54.148 0.0000000000
50286  -7.371  -26.679  58.549 0.0000000000
50292  -7.267  -27.828  58.575 0.0000000000
120767  -7.862  -28.191  57.804 0.0000000000
49482  -7.203  -28.871  58.419 0.0000000000
46835  -6.222  -33.144  56.907 0.0000000000
45048  -5.525  -34.224  56.714 0.0000000000
67972  -43.721  -7.966  40.363 0.0000000000
67138  -43.731  -8.774  39.970 0.0000000000
66323  -42.490  -9.622  38.978 0.0000000000
67150  -42.735  -8.924  39.032 0.0000000000
67985  -42.749  -8.154  39.161 0.0000000000
44018  -13.395  -34.124  63.094 0.0000000000
44014  -13.162  -34.305  63.841 0.0000000000
43062  -12.491  -34.236  62.459 0.0000000000
128047  -12.702  -34.064  61.768 0.0000000000
134014  -18.272  -31.499  54.853 0.0000000000
45055  -18.331  -31.446  55.403 0.0000000000
44120  -17.902  -31.627  54.954 0.0000000000
112391  -15.473  -31.725  57.634 0.0000000000
44064  -15.997  -31.648  58.869 0.0000000000
44052  -16.430  -31.760  59.411 0.0000000000
44051  -15.771  -32.345  59.346 0.0000000000
50329  -6.842  -26.093  51.651 0.0000000000
50337  -6.949  -26.527  50.997 0.0000000000
51163  -6.687  -26.256  50.888 0.0000000000
49549  -7.373  -27.395  50.337 0.0000000000
46910  -10.174  -31.304  49.118 0.0000000000
47822  -10.258  -30.764  49.417 0.0000000000
47836  -10.183  -31.096  48.585 0.0000000000
46945  -7.543  -31.213  46.527 0.0000000000
46944  -7.244  -30.995  46.264 0.0000000000
46929  -7.004  -30.428  46.761 0.0000000000
46943  -6.706  -30.445  45.790 0.0000000000
46955  -7.030  -31.305  45.344 0.0000000000
47691  -6.908  -30.884  64.767 0.0000000000
46783  -6.219  -30.879  63.967 0.0000000000
42153  -7.409  -36.357  66.436 0.0000000000
42152  -6.736  -36.129  66.132 0.0000000000
43060  -4.924  -35.600  62.283 0.0000000000
43057  -5.097  -35.105  62.903 0.0000000000
131831  -5.018  -34.996  62.119 0.0000000000
135248  -5.268  -33.891  61.858 0.0000000000
44029  -4.980  -34.486  61.529 0.0000000000
44028  -4.840  -34.097  60.817 0.0000000000
43063  -4.560  -35.015  60.763 0.0000000000
41405  -4.454  -37.946  56.965 0.0000000000
40524  -4.655  -38.622  56.635 0.0000000000
40523  -4.316  -38.071  56.230 0.0000000000
40532  -4.102  -38.859  55.866 0.0000000000
128127  -4.960  -46.213  57.306 0.0000000000
35414  -5.272  -44.972  57.836 0.0000000000
35420  -4.991  -44.715  57.275 0.0000000000
53758  -35.592  -23.315  56.370 0.0000000000
48654  -33.928  -27.971  55.465 0.0000000000
49506  -34.137  -27.756  55.367 0.0000000000
49498  -34.521  -27.392  56.189 0.0000000000
52044  -34.955  -24.440  56.666 0.0000000000
51125  -34.655  -25.110  56.525 0.0000000000
114254  -35.308  -23.928  56.337 0.0000000000
52919  -35.465  -23.482  55.965 0.0000000000
47735  -32.419  -29.032  57.039 0.0000000000
46809  -32.127  -29.379  56.666 0.0000000000
47736  -32.839  -28.811  56.770 0.0000000000
48635  -33.790  -28.173  56.421 0.0000000000
47746  -33.375  -28.638  56.275 0.0000000000
135132  -33.443  -28.720  55.802 0.0000000000
47778  -33.226  -29.172  54.619 0.0000000000
50281  -33.273  -26.573  58.190 0.0000000000
51105  -32.797  -25.909  58.776 0.0000000000
48618  -32.545  -27.806  57.948 0.0000000000
47727  -32.273  -28.527  57.679 0.0000000000
117356  -46.089  -2.743  37.944 0.0000000000
72265  -46.637  -2.659  38.290 0.0000000000
71356  -46.168  -3.021  38.572 0.0000000000
116579  -41.297  -7.169  37.428 0.0000000000
68008  -39.947  -7.778  36.650 0.0000000000
68009  -40.621  -7.004  36.706 0.0000000000
69673  -42.064  -5.240  36.625 0.0000000000
69672  -41.416  -5.567  36.230 0.0000000000
69677  -41.935  -4.869  35.621 0.0000000000
123452  -42.516  -4.321  35.562 0.0000000000
71384  -44.693  -3.099  37.114 0.0000000000
71370  -45.621  -2.700  37.268 0.0000000000
57645  -39.753  -20.052  41.904 0.0000000000
57646  -41.006  -19.714  42.444 0.0000000000
57623  -41.600  -19.499  44.170 0.0000000000
112825  -35.269  -18.500  44.369 0.0000000000
56567  -36.166  -18.687  43.508 0.0000000000
56566  -35.537  -18.563  43.576 0.0000000000
56580  -35.333  -18.510  42.898 0.0000000000
128289  -36.125  -18.573  42.840 0.0000000000
56582  -38.546  -19.376  42.964 0.0000000000
112307  -38.074  -18.808  42.357 0.0000000000
45078  -6.291  -34.364  52.559 0.0000000000
45993  -6.437  -33.713  52.079 0.0000000000
45090  -6.454  -34.253  52.050 0.0000000000
42311  -6.470  -36.904  51.044 0.0000000000
43206  -6.643  -35.308  51.306 0.0000000000
42312  -7.277  -37.053  50.230 0.0000000000
40588  -6.990  -38.424  50.076 0.0000000000
39695  -6.766  -39.400  50.142 0.0000000000
135250  -7.329  -39.537  49.696 0.0000000000
115930  -7.821  -40.746  48.882 0.0000000000
37938  -7.689  -40.802  50.056 0.0000000000
132375  -10.628  -36.884  62.431 0.0000000000
41317  -10.772  -37.267  63.124 0.0000000000
40472  -10.320  -37.640  62.210 0.0000000000
115079  -36.215  -17.383  50.205 0.0000000000
53796  -33.551  -23.466  53.778 0.0000000000
53802  -32.709  -23.922  52.947 0.0000000000
116852  -33.018  -22.846  53.351 0.0000000000
56450  -32.935  -20.617  51.674 0.0000000000
56470  -32.876  -20.214  50.804 0.0000000000
56471  -33.376  -19.951  51.459 0.0000000000
58468  -35.564  -17.752  51.488 0.0000000000
111871  -26.151  -23.148  62.192 0.0000000000
47740  -27.831  -27.533  55.921 0.0000000000
48624  -28.142  -27.413  56.943 0.0000000000
71422  -45.845  -3.726  31.504 0.0000000000
70500  -45.214  -4.431  31.147 0.0000000000
70502  -47.131  -4.189  30.886 0.0000000000
70507  -47.596  -4.381  30.059 0.0000000000
70508  -48.452  -4.164  30.045 0.0000000000
71429  -48.959  -3.910  30.904 0.0000000000
49463  -5.950  -28.433  59.921 0.0000000000
49472  -6.444  -28.793  59.489 0.0000000000
49471  -6.094  -29.280  59.889 0.0000000000
133962  -6.418  -30.631  59.264 0.0000000000
46804  -6.131  -31.870  59.090 0.0000000000
66303  -43.181  -10.174  39.793 0.0000000000
65395  -43.477  -10.161  40.447 0.0000000000
115997  -38.272  -15.420  39.158 0.0000000000
62080  -38.826  -14.242  38.567 0.0000000000
119741  -38.886  -13.637  38.083 0.0000000000
62904  -39.693  -12.654  38.258 0.0000000000
64584  -42.019  -11.244  39.385 0.0000000000
44987  -15.880  -32.622  67.585 0.0000000000
44011  -16.528  -33.073  65.347 0.0000000000
44005  -15.752  -33.284  65.865 0.0000000000
113704  -14.907  -33.653  63.641 0.0000000000
44101  -14.655  -32.963  55.374 0.0000000000
43131  -13.752  -33.619  54.875 0.0000000000
52920  -5.324  -23.283  54.626 0.0000000000
53777  -4.321  -23.360  54.222 0.0000000000
50313  -7.657  -25.542  53.056 0.0000000000
50322  -7.480  -25.955  52.358 0.0000000000
50331  -7.977  -26.569  51.888 0.0000000000
44227  -9.124  -34.841  46.571 0.0000000000
45154  -9.579  -33.480  46.418 0.0000000000
44258  -7.292  -34.601  44.491 0.0000000000
45165  -8.479  -33.855  45.159 0.0000000000
45177  -7.663  -33.788  44.597 0.0000000000
47685  -8.077  -31.357  66.491 0.0000000000
47693  -7.980  -30.817  65.930 0.0000000000
47684  -7.483  -31.579  66.674 0.0000000000
126552  -7.460  -31.182  65.631 0.0000000000
46769  -7.031  -31.565  67.209 0.0000000000
39564  -6.118  -38.943  64.049 0.0000000000
40452  -5.879  -38.271  64.416 0.0000000000
116093  -5.664  -38.409  63.584 0.0000000000
39584  -5.542  -38.803  61.805 0.0000000000
40470  -5.247  -37.940  62.271 0.0000000000
41327  -4.947  -37.188  62.258 0.0000000000
128862  -5.082  -37.618  61.651 0.0000000000
41349  -4.602  -36.995  60.612 0.0000000000
122737  -4.970  -37.657  60.942 0.0000000000
39605  -5.569  -39.347  59.277 0.0000000000
40494  -5.065  -38.526  59.700 0.0000000000
39618  -5.430  -39.529  58.378 0.0000000000
117048  -33.065  -27.872  52.451 0.0000000000
50335  -33.398  -27.594  53.324 0.0000000000
50306  -34.340  -27.474  55.224 0.0000000000
115720  -33.916  -27.500  54.797 0.0000000000
50317  -34.326  -26.883  54.964 0.0000000000
52062  -34.207  -25.503  54.559 0.0000000000
52067  -33.594  -26.027  53.869 0.0000000000
52934  -33.957  -24.050  54.007 0.0000000000
118895  -35.303  -21.658  54.785 0.0000000000
45964  -30.926  -32.049  54.821 0.0000000000
52007  -29.594  -24.741  60.789 0.0000000000
124440  -29.790  -25.488  60.178 0.0000000000
51081  -30.018  -25.382  60.235 0.0000000000
51103  -31.909  -25.819  59.501 0.0000000000
124570  -31.591  -26.042  59.521 0.0000000000
47724  -30.555  -28.031  58.378 0.0000000000
48598  -30.779  -26.951  58.875 0.0000000000
48606  -30.589  -27.540  58.634 0.0000000000
48605  -30.079  -27.450  58.674 0.0000000000
48616  -29.921  -27.950  58.338 0.0000000000
47730  -29.380  -27.890  57.746 0.0000000000
119078  -29.833  -28.327  57.177 0.0000000000
46840  -28.940  -29.120  54.875 0.0000000000
72311  -48.560  -2.269  35.176 0.0000000000
71393  -43.458  -3.490  35.289 0.0000000000
71402  -43.212  -3.493  34.243 0.0000000000
71405  -44.306  -3.095  33.040 0.0000000000
71406  -45.374  -2.737  32.971 0.0000000000
71412  -44.618  -3.498  32.189 0.0000000000
115543  -47.813  -2.270  35.182 0.0000000000
72322  -47.285  -2.409  34.390 0.0000000000
61207  -41.292  -15.169  40.141 0.0000000000
61202  -42.217  -15.653  40.222 0.0000000000
61194  -43.035  -15.718  40.987 0.0000000000
58578  -42.381  -18.732  42.241 0.0000000000
59437  -42.795  -17.972  41.798 0.0000000000
112371  -36.679  -18.528  41.245 0.0000000000
56609  -36.247  -18.541  40.450 0.0000000000
56610  -36.960  -18.518  40.766 0.0000000000
131499  -38.227  -18.335  39.747 0.0000000000
57678  -37.771  -17.904  39.741 0.0000000000
58612  -38.047  -17.370  39.798 0.0000000000
60373  -41.178  -16.838  39.609 0.0000000000
47764  -20.204  -29.306  55.936 0.0000000000
125496  -19.150  -30.944  53.718 0.0000000000
55569  -5.666  -21.102  49.364 0.0000000000
53815  -6.345  -23.501  49.731 0.0000000000
52961  -6.529  -24.537  49.094 0.0000000000
48659  -9.982  -29.228  54.439 0.0000000000
46875  -9.353  -31.041  52.351 0.0000000000
47793  -9.886  -30.337  52.701 0.0000000000
115921  -9.817  -31.064  51.309 0.0000000000
46899  -9.899  -31.243  50.443 0.0000000000
126023  -9.317  -31.854  50.190 0.0000000000
45102  -6.754  -33.842  50.882 0.0000000000
120794  -6.971  -32.737  51.345 0.0000000000
45103  -7.178  -33.553  50.421 0.0000000000
44200  -8.174  -35.129  48.808 0.0000000000
45116  -7.687  -33.851  49.779 0.0000000000
45130  -8.079  -34.233  48.947 0.0000000000
45131  -8.832  -33.880  48.404 0.0000000000
44202  -9.028  -34.357  47.730 0.0000000000
119146  -7.667  -37.409  46.522 0.0000000000
39720  -7.591  -39.443  47.689 0.0000000000
39732  -7.081  -40.110  46.882 0.0000000000
43986  -10.027  -34.011  68.633 0.0000000000
43033  -10.011  -34.772  68.043 0.0000000000
42155  -9.307  -36.579  66.427 0.0000000000
43038  -9.464  -35.366  67.390 0.0000000000
42149  -8.968  -36.152  67.064 0.0000000000
42154  -8.580  -36.762  66.506 0.0000000000
40455  -10.034  -38.277  64.141 0.0000000000
39556  -8.879  -39.251  64.813 0.0000000000
39555  -8.256  -39.219  65.071 0.0000000000
40439  -8.104  -38.540  65.483 0.0000000000
39554  -7.446  -39.062  65.168 0.0000000000
39553  -6.829  -38.819  65.123 0.0000000000
39566  -7.670  -39.700  64.640 0.0000000000
37738  -7.471  -41.766  62.957 0.0000000000
130231  -7.255  -40.686  63.792 0.0000000000
37737  -6.952  -41.211  63.340 0.0000000000
38665  -6.303  -41.011  62.985 0.0000000000
56526  -39.136  -18.970  46.079 0.0000000000
57589  -38.785  -18.750  46.479 0.0000000000
52950  -32.279  -24.568  52.075 0.0000000000
52956  -31.887  -24.946  51.374 0.0000000000
57565  -34.224  -18.496  47.679 0.0000000000
117030  -34.190  -18.598  46.721 0.0000000000
57567  -37.572  -18.119  46.669 0.0000000000
57587  -37.256  -18.135  45.880 0.0000000000
56539  -37.967  -18.734  45.438 0.0000000000
50234  -22.752  -25.047  60.952 0.0000000000
51091  -28.294  -24.953  60.452 0.0000000000
51078  -27.675  -24.437  61.009 0.0000000000
51077  -26.798  -24.200  61.429 0.0000000000
129959  -27.583  -24.551  60.709 0.0000000000
49478  -27.546  -26.822  57.430 0.0000000000
49466  -27.796  -26.494  58.289 0.0000000000
50290  -25.827  -25.627  57.826 0.0000000000
50279  -26.158  -25.349  58.436 0.0000000000
50250  -26.418  -24.598  59.856 0.0000000000
50268  -25.834  -24.799  59.149 0.0000000000
51100  -25.009  -24.677  60.088 0.0000000000
50278  -24.544  -25.021  58.612 0.0000000000
50295  -22.259  -26.604  56.858 0.0000000000
50288  -22.986  -25.858  57.858 0.0000000000
50287  -22.029  -26.448  57.760 0.0000000000
49484  -20.622  -27.798  56.957 0.0000000000
49492  -20.777  -27.990  56.076 0.0000000000
49523  -20.998  -27.747  53.441 0.0000000000
48669  -20.551  -28.626  54.112 0.0000000000
70518  -48.803  -4.373  28.618 0.0000000000
70523  -48.327  -4.431  28.110 0.0000000000
70524  -49.041  -4.196  28.035 0.0000000000
120056  -49.351  -3.256  26.903 0.0000000000
53761  -5.805  -22.943  56.431 0.0000000000
52048  -6.931  -24.374  55.693 0.0000000000
52041  -6.993  -24.708  58.330 0.0000000000
51122  -8.143  -26.310  57.940 0.0000000000
52043  -8.080  -25.435  57.496 0.0000000000
51123  -8.420  -25.978  57.259 0.0000000000
50299  -8.868  -27.166  56.308 0.0000000000
49483  -8.526  -27.929  57.053 0.0000000000
48638  -8.055  -30.003  57.250 0.0000000000
48639  -8.572  -29.442  56.527 0.0000000000
48648  -8.305  -30.381  56.505 0.0000000000
47772  -8.225  -31.328  55.233 0.0000000000
47761  -8.116  -31.237  56.228 0.0000000000
48629  -6.891  -30.217  58.674 0.0000000000
48630  -7.210  -29.892  58.308 0.0000000000
48636  -7.237  -30.803  58.121 0.0000000000
46836  -6.816  -32.934  56.604 0.0000000000
47759  -7.254  -32.172  57.193 0.0000000000
46850  -7.409  -32.609  54.905 0.0000000000
45957  -6.354  -33.786  54.809 0.0000000000
44116  -4.972  -34.894  54.330 0.0000000000
114464  -5.416  -34.638  53.914 0.0000000000
44130  -5.074  -34.959  53.535 0.0000000000
43176  -4.698  -35.494  52.839 0.0000000000
44129  -4.787  -35.214  53.279 0.0000000000
69652  -44.385  -5.340  40.002 0.0000000000
120177  -40.871  -19.419  45.996 0.0000000000
63733  -39.836  -11.801  38.093 0.0000000000
114034  -39.482  -11.592  37.498 0.0000000000
64595  -39.932  -11.029  37.975 0.0000000000
66330  -40.138  -9.566  37.892 0.0000000000
66329  -39.430  -10.154  37.398 0.0000000000
67167  -40.705  -8.717  38.007 0.0000000000
68792  -42.801  -7.125  39.510 0.0000000000
123053  -42.377  -7.352  38.669 0.0000000000
68801  -43.084  -6.045  39.196 0.0000000000
43989  -12.275  -33.902  68.142 0.0000000000
43041  -11.744  -34.411  66.742 0.0000000000
43998  -14.026  -33.514  66.771 0.0000000000
43056  -12.768  -34.541  64.440 0.0000000000
43051  -12.300  -34.916  65.058 0.0000000000
42164  -11.600  -35.896  63.677 0.0000000000
43058  -12.032  -35.225  63.362 0.0000000000
42183  -10.921  -35.488  60.948 0.0000000000
41350  -10.575  -36.427  60.292 0.0000000000
128029  -10.667  -36.766  59.414 0.0000000000
46822  -19.751  -29.674  56.416 0.0000000000
46812  -19.564  -29.426  57.279 0.0000000000
45932  -19.369  -30.294  57.123 0.0000000000
45928  -18.953  -30.629  58.081 0.0000000000
45925  -18.661  -30.600  59.176 0.0000000000
125686  -17.292  -31.646  55.998 0.0000000000
44090  -17.251  -31.689  56.650 0.0000000000
45028  -17.409  -31.249  59.060 0.0000000000
133640  -17.723  -31.213  58.568 0.0000000000
115668  -18.098  -31.275  59.997 0.0000000000
45026  -18.473  -31.085  60.508 0.0000000000
45025  -18.031  -31.350  60.713 0.0000000000
45023  -18.405  -31.154  61.348 0.0000000000
45022  -17.869  -31.372  61.473 0.0000000000
45015  -17.518  -31.499  62.346 0.0000000000
116246  -17.395  -31.574  63.257 0.0000000000
45011  -17.582  -31.517  63.910 0.0000000000
45010  -16.937  -31.918  63.857 0.0000000000
132006  -16.630  -32.242  62.507 0.0000000000
44032  -15.676  -33.371  60.963 0.0000000000
113203  -15.315  -33.411  61.750 0.0000000000
44025  -14.460  -33.668  61.995 0.0000000000
44031  -14.658  -33.583  61.112 0.0000000000
43115  -13.007  -33.761  55.982 0.0000000000
43101  -13.031  -33.287  56.983 0.0000000000
43090  -12.151  -34.571  58.477 0.0000000000
129750  -12.924  -33.687  58.621 0.0000000000
43083  -12.288  -34.368  59.291 0.0000000000
43073  -11.605  -35.053  59.744 0.0000000000
43082  -11.594  -35.214  58.927 0.0000000000
56410  -4.111  -19.993  53.647 0.0000000000
56423  -3.947  -20.043  52.855 0.0000000000
55535  -3.792  -21.567  52.727 0.0000000000
124174  -4.647  -23.395  53.572 0.0000000000
53786  -4.166  -23.509  53.667 0.0000000000
52933  -4.886  -23.344  53.159 0.0000000000
53800  -5.046  -23.182  52.540 0.0000000000
51168  -6.673  -26.391  50.326 0.0000000000
118659  -6.484  -25.666  50.304 0.0000000000
51171  -6.524  -26.393  49.491 0.0000000000
128833  -6.480  -27.180  49.047 0.0000000000
49522  -10.012  -27.961  53.296 0.0000000000
49534  -9.793  -27.988  52.494 0.0000000000
48696  -9.582  -29.346  50.538 0.0000000000
49542  -8.766  -28.153  51.361 0.0000000000
49550  -8.701  -28.833  50.649 0.0000000000
49541  -8.071  -28.215  50.677 0.0000000000
48695  -8.276  -29.298  50.091 0.0000000000
133134  -9.438  -31.830  46.841 0.0000000000
47855  -9.986  -31.200  47.993 0.0000000000
47854  -9.509  -31.062  47.702 0.0000000000
47833  -7.644  -30.463  48.477 0.0000000000
116457  -8.510  -30.394  48.500 0.0000000000
47819  -7.322  -30.039  49.089 0.0000000000
48709  -7.560  -29.592  49.722 0.0000000000
48708  -7.271  -29.447  49.613 0.0000000000
48707  -7.208  -29.074  49.555 0.0000000000
47818  -7.187  -29.783  48.999 0.0000000000
132438  -6.781  -28.960  47.956 0.0000000000
48734  -5.868  -28.502  47.295 0.0000000000
49565  -6.060  -28.050  47.943 0.0000000000
48744  -5.351  -28.617  46.555 0.0000000000
48588  -4.917  -29.560  63.206 0.0000000000
44982  -8.599  -33.326  68.365 0.0000000000
43984  -8.010  -33.866  67.979 0.0000000000
44001  -6.643  -34.406  66.272 0.0000000000
44988  -7.175  -33.001  66.697 0.0000000000
44995  -6.939  -33.464  66.030 0.0000000000
45899  -7.199  -32.600  65.746 0.0000000000
44994  -6.588  -33.044  65.280 0.0000000000
42157  -5.512  -35.989  65.027 0.0000000000
43054  -5.285  -35.439  64.365 0.0000000000
45004  -5.615  -33.306  63.619 0.0000000000
44006  -5.649  -33.549  64.416 0.0000000000
45000  -5.976  -32.502  64.131 0.0000000000
45904  -6.489  -32.340  64.532 0.0000000000
45908  -5.995  -31.545  63.600 0.0000000000
45914  -5.026  -31.819  62.037 0.0000000000
46793  -5.295  -31.509  62.557 0.0000000000
47709  -4.762  -30.517  62.303 0.0000000000
46796  -4.867  -31.212  61.654 0.0000000000
47715  -4.885  -30.821  60.848 0.0000000000
46798  -4.899  -31.641  60.863 0.0000000000
115886  -4.724  -34.061  59.664 0.0000000000
45924  -5.249  -32.638  59.592 0.0000000000
45027  -5.239  -33.570  59.126 0.0000000000
45034  -5.328  -33.892  58.071 0.0000000000
42198  -4.184  -36.884  59.937 0.0000000000
42188  -3.973  -36.183  59.917 0.0000000000
42197  -3.916  -36.677  59.193 0.0000000000
42217  -3.808  -36.559  57.173 0.0000000000
43099  -3.756  -35.728  57.503 0.0000000000
113737  -3.987  -35.040  56.958 0.0000000000
44071  -4.804  -34.596  57.232 0.0000000000
43113  -4.235  -35.173  56.232 0.0000000000
131880  -4.777  -34.855  56.023 0.0000000000
121587  -4.002  -35.777  55.773 0.0000000000
41426  -3.842  -37.483  54.742 0.0000000000
42251  -3.817  -36.466  54.420 0.0000000000
41436  -3.622  -37.200  53.888 0.0000000000
118693  -3.615  -36.980  53.038 0.0000000000
113545  -3.594  -37.834  53.354 0.0000000000
36141  -6.663  -42.709  59.698 0.0000000000
35407  -5.666  -43.883  58.280 0.0000000000
35408  -5.975  -43.963  58.699 0.0000000000
36923  -6.522  -42.334  59.591 0.0000000000
36930  -6.159  -42.552  58.918 0.0000000000
36929  -5.811  -42.579  58.350 0.0000000000
129934  -5.179  -42.516  57.215 0.0000000000
132269  -5.377  -41.735  57.840 0.0000000000
37808  -5.107  -41.876  57.285 0.0000000000
37866  -4.191  -41.362  55.044 0.0000000000
38752  -3.854  -40.672  54.719 0.0000000000
39654  -3.771  -39.895  54.907 0.0000000000
120738  -3.953  -41.186  53.967 0.0000000000
38766  -4.070  -40.445  52.795 0.0000000000
39674  -4.640  -40.236  52.322 0.0000000000
39684  -3.950  -38.947  52.184 0.0000000000
38813  -5.257  -40.009  51.803 0.0000000000
53744  -35.701  -23.173  57.235 0.0000000000
54627  -35.617  -22.915  57.701 0.0000000000
49489  -34.444  -27.087  56.799 0.0000000000
117174  -34.534  -26.296  56.819 0.0000000000
51121  -34.560  -25.599  56.991 0.0000000000
52040  -34.879  -24.657  57.127 0.0000000000
49470  -33.540  -26.968  57.800 0.0000000000
48626  -33.167  -28.358  57.025 0.0000000000
49479  -33.814  -27.414  57.394 0.0000000000
49480  -34.204  -27.101  57.279 0.0000000000
52893  -33.518  -24.832  58.640 0.0000000000
121350  -33.720  -25.410  58.471 0.0000000000
50273  -33.491  -26.239  58.305 0.0000000000
53737  -34.468  -23.208  58.479 0.0000000000
68810  -42.321  -6.601  38.064 0.0000000000
69668  -42.313  -5.723  37.475 0.0000000000
70471  -42.521  -4.865  37.130 0.0000000000
70472  -43.197  -4.159  37.200 0.0000000000
56584  -40.118  -20.093  42.926 0.0000000000
56571  -40.201  -20.068  43.689 0.0000000000
56557  -40.668  -19.809  44.377 0.0000000000
118759  -41.357  -19.521  44.880 0.0000000000
127613  -36.792  -18.885  43.880 0.0000000000
43190  -5.618  -35.363  52.270 0.0000000000
44170  -6.285  -34.743  51.943 0.0000000000
43204  -5.440  -35.945  51.813 0.0000000000
41462  -5.892  -37.641  51.187 0.0000000000
133189  -6.309  -39.588  50.644 0.0000000000
40478  -10.349  -37.082  60.700 0.0000000000
40477  -10.108  -37.742  61.188 0.0000000000
39598  -10.021  -38.889  59.961 0.0000000000
55542  -33.896  -21.110  53.463 0.0000000000
56434  -34.075  -20.209  53.184 0.0000000000
57503  -34.044  -19.291  51.669 0.0000000000
57504  -34.870  -18.701  52.219 0.0000000000
54584  -26.517  -22.054  62.316 0.0000000000
114304  -26.833  -27.755  54.593 0.0000000000
119215  -47.519  -2.921  33.020 0.0000000000
129756  -47.325  -3.223  32.146 0.0000000000
71415  -48.220  -3.223  32.684 0.0000000000
72327  -50.027  -2.515  32.968 0.0000000000
47716  -5.533  -30.313  60.159 0.0000000000
47720  -5.298  -30.860  60.088 0.0000000000
64577  -42.711  -11.490  40.327 0.0000000000
64563  -43.038  -11.863  41.264 0.0000000000
62071  -40.126  -13.999  39.486 0.0000000000
62905  -40.178  -13.064  39.062 0.0000000000
63721  -40.915  -12.555  39.498 0.0000000000
45895  -16.618  -32.324  67.247 0.0000000000
44993  -16.793  -32.376  66.416 0.0000000000
45005  -16.555  -33.012  64.418 0.0000000000
126942  -21.209  -26.881  60.724 0.0000000000
121174  -6.597  -24.149  47.841 0.0000000000
52976  -6.290  -24.685  46.930 0.0000000000
52053  -6.385  -24.160  53.836 0.0000000000
43285  -8.158  -35.477  45.493 0.0000000000
44242  -7.575  -35.320  44.900 0.0000000000
46771  -8.442  -31.417  67.380 0.0000000000
119579  -7.941  -31.666  68.105 0.0000000000
38649  -5.988  -40.097  63.126 0.0000000000
114156  -5.746  -39.444  62.410 0.0000000000
39590  -5.539  -39.007  60.974 0.0000000000
40484  -5.196  -38.364  60.536 0.0000000000
52051  -34.920  -24.416  55.809 0.0000000000
115946  -34.619  -25.100  55.478 0.0000000000
52055  -34.879  -24.399  55.458 0.0000000000
114410  -35.122  -24.154  55.164 0.0000000000
52926  -35.045  -23.957  55.006 0.0000000000
53788  -34.874  -23.588  54.719 0.0000000000
53781  -35.290  -23.209  54.988 0.0000000000
115630  -32.546  -30.978  54.159 0.0000000000
48608  -31.583  -27.518  58.509 0.0000000000
49450  -31.291  -26.667  59.058 0.0000000000
120346  -31.471  -28.020  58.353 0.0000000000
47732  -31.132  -28.559  57.721 0.0000000000
47731  -30.435  -28.565  57.184 0.0000000000
47743  -30.263  -28.836  56.552 0.0000000000
46813  -29.965  -29.197  56.099 0.0000000000
72309  -44.936  -2.528  34.805 0.0000000000
133628  -45.785  -2.348  34.657 0.0000000000
72321  -46.173  -2.400  34.026 0.0000000000
60365  -42.110  -16.584  39.961 0.0000000000
121928  -42.496  -17.105  40.556 0.0000000000
120300  -42.907  -17.166  41.334 0.0000000000
56611  -37.929  -19.005  40.540 0.0000000000
57671  -38.192  -18.803  39.941 0.0000000000
58604  -39.821  -17.968  39.390 0.0000000000
46865  -19.696  -29.925  53.829 0.0000000000
54699  -5.701  -21.985  49.881 0.0000000000
53807  -6.097  -23.138  50.874 0.0000000000
47773  -8.916  -30.799  54.864 0.0000000000
47774  -9.627  -30.168  54.504 0.0000000000
47783  -9.216  -30.841  53.995 0.0000000000
46874  -8.513  -31.615  52.499 0.0000000000
46886  -8.830  -31.680  51.651 0.0000000000
44185  -7.445  -34.848  50.359 0.0000000000
45115  -7.215  -34.205  50.397 0.0000000000
44199  -7.873  -35.376  49.515 0.0000000000
44212  -8.290  -35.612  47.810 0.0000000000
130247  -7.183  -38.034  46.192 0.0000000000
40626  -6.270  -38.952  45.668 0.0000000000
43034  -10.805  -34.663  67.814 0.0000000000
43039  -10.267  -35.239  67.294 0.0000000000
41294  -9.616  -37.048  65.875 0.0000000000
39579  -10.137  -39.102  62.904 0.0000000000
39569  -9.885  -38.998  63.774 0.0000000000
39578  -9.597  -39.669  63.419 0.0000000000
38639  -8.935  -40.216  63.946 0.0000000000
38638  -7.956  -40.403  64.068 0.0000000000
37739  -8.336  -41.519  62.952 0.0000000000
57568  -38.376  -18.444  46.911 0.0000000000
57569  -39.135  -18.605  47.118 0.0000000000
53808  -31.612  -23.169  50.941 0.0000000000
58499  -34.954  -17.909  48.991 0.0000000000
58516  -35.119  -17.978  47.998 0.0000000000
50249  -23.752  -24.883  60.329 0.0000000000
52006  -28.795  -24.557  61.148 0.0000000000
119105  -28.020  -24.158  61.495 0.0000000000
51079  -28.753  -24.901  60.759 0.0000000000
50236  -28.405  -25.260  60.160 0.0000000000
49496  -25.795  -27.269  55.533 0.0000000000
49476  -25.591  -26.015  56.961 0.0000000000
50297  -24.274  -25.973  56.941 0.0000000000
50301  -23.317  -26.580  56.298 0.0000000000
49503  -21.852  -27.514  55.547 0.0000000000
49514  -21.328  -27.841  54.123 0.0000000000
69714  -45.921  -4.850  28.908 0.0000000000
52037  -6.514  -25.455  58.978 0.0000000000
52038  -7.199  -25.645  58.539 0.0000000000
48637  -7.582  -30.456  57.794 0.0000000000
47747  -6.801  -31.888  57.912 0.0000000000
47748  -7.145  -31.589  57.796 0.0000000000
45944  -6.316  -33.604  55.960 0.0000000000
45956  -5.841  -34.173  55.401 0.0000000000
45060  -5.413  -34.595  54.874 0.0000000000
122998  -43.370  -7.326  40.122 0.0000000000
68794  -44.404  -6.040  40.651 0.0000000000
68784  -44.550  -6.774  41.228 0.0000000000
65412  -41.661  -10.437  38.720 0.0000000000
66322  -41.658  -9.751  38.741 0.0000000000
67159  -41.404  -8.847  38.530 0.0000000000
43990  -12.994  -33.680  67.906 0.0000000000
44009  -14.542  -33.838  65.229 0.0000000000
44008  -13.682  -34.089  65.501 0.0000000000
114405  -13.746  -34.139  64.625 0.0000000000
119786  -12.489  -34.739  63.808 0.0000000000
114610  -11.732  -34.916  62.596 0.0000000000
116795  -19.216  -30.864  55.990 0.0000000000
45935  -19.158  -30.868  56.693 0.0000000000
133347  -18.895  -31.181  56.382 0.0000000000
45050  -18.786  -31.208  56.937 0.0000000000
45042  -18.328  -31.391  57.176 0.0000000000
44075  -16.810  -31.700  57.054 0.0000000000
44066  -16.922  -31.339  58.815 0.0000000000
44053  -16.982  -31.531  59.719 0.0000000000
112103  -17.581  -31.484  60.850 0.0000000000
44035  -17.122  -31.660  60.574 0.0000000000
44041  -16.634  -31.972  60.290 0.0000000000
44034  -16.732  -31.938  61.149 0.0000000000
44027  -16.491  -32.421  61.783 0.0000000000
44033  -16.406  -32.791  60.809 0.0000000000
44040  -15.966  -33.218  60.097 0.0000000000
44039  -15.130  -33.168  59.694 0.0000000000
129239  -12.514  -34.214  56.578 0.0000000000
55526  -3.714  -21.655  53.536 0.0000000000
51146  -6.323  -24.653  52.552 0.0000000000
52065  -5.834  -24.035  52.573 0.0000000000
114340  -6.139  -24.503  52.161 0.0000000000
121983  -6.301  -24.983  51.671 0.0000000000
48686  -10.128  -29.473  51.470 0.0000000000
48697  -10.082  -29.759  50.589 0.0000000000
48711  -9.718  -29.764  49.823 0.0000000000
46932  -8.336  -31.401  46.688 0.0000000000
47853  -8.636  -31.097  47.464 0.0000000000
46931  -7.652  -31.130  47.340 0.0000000000
47851  -7.260  -30.451  47.725 0.0000000000
47850  -6.929  -29.815  47.312 0.0000000000
47865  -5.693  -29.255  46.144 0.0000000000
43036  -7.778  -35.204  67.195 0.0000000000
43993  -7.569  -34.320  67.322 0.0000000000
43035  -6.915  -34.851  66.940 0.0000000000
43042  -6.171  -34.716  65.699 0.0000000000
42161  -5.035  -35.846  63.555 0.0000000000
43053  -5.196  -34.886  63.767 0.0000000000
44017  -5.305  -34.216  63.282 0.0000000000
120946  -5.481  -33.581  62.900 0.0000000000
45009  -5.636  -32.761  62.929 0.0000000000
45013  -5.397  -33.280  62.197 0.0000000000
45919  -5.122  -32.683  61.681 0.0000000000
45922  -4.930  -32.375  60.482 0.0000000000
45018  -4.929  -33.111  60.853 0.0000000000
134812  -4.787  -33.820  60.347 0.0000000000
41379  -4.001  -37.360  58.676 0.0000000000
41393  -4.019  -37.460  57.677 0.0000000000
42226  -3.923  -36.540  56.209 0.0000000000
41417  -4.017  -37.383  55.729 0.0000000000
40531  -3.924  -38.239  55.370 0.0000000000
40536  -3.694  -38.473  54.541 0.0000000000
36155  -5.608  -43.314  58.047 0.0000000000
36161  -5.312  -43.210  57.512 0.0000000000
36944  -5.123  -42.910  56.769 0.0000000000
37880  -4.419  -41.787  53.387 0.0000000000
120979  -33.235  -29.457  54.008 0.0000000000
47789  -33.370  -29.057  53.678 0.0000000000
48663  -33.603  -28.057  54.781 0.0000000000
50307  -34.585  -26.911  55.574 0.0000000000
51124  -34.588  -25.830  56.500 0.0000000000
51127  -34.646  -25.237  56.180 0.0000000000
51131  -34.647  -25.242  55.827 0.0000000000
114767  -35.708  -24.152  56.105 0.0000000000
46816  -31.737  -29.411  56.281 0.0000000000
131568  -31.882  -29.449  56.237 0.0000000000
46828  -32.090  -29.520  56.091 0.0000000000
45940  -32.130  -29.521  55.590 0.0000000000
47745  -33.085  -28.878  56.372 0.0000000000
46830  -32.759  -29.375  55.678 0.0000000000
46857  -32.612  -29.807  54.576 0.0000000000
52020  -32.082  -25.459  59.441 0.0000000000
52021  -32.656  -25.639  59.006 0.0000000000
51104  -32.433  -25.959  59.119 0.0000000000
49460  -32.077  -26.904  58.605 0.0000000000
48617  -31.991  -28.038  58.255 0.0000000000
47734  -32.003  -29.021  57.369 0.0000000000
72273  -47.203  -2.398  37.771 0.0000000000
68815  -41.211  -6.304  36.863 0.0000000000
68819  -40.701  -6.094  35.960 0.0000000000
68818  -40.562  -6.174  34.645 0.0000000000
70480  -42.204  -4.398  34.768 0.0000000000
70481  -42.837  -3.996  34.979 0.0000000000
71383  -43.841  -3.506  36.878 0.0000000000
113947  -44.169  -3.175  36.106 0.0000000000
57654  -41.720  -19.272  41.757 0.0000000000
58567  -42.414  -18.820  43.186 0.0000000000
57637  -41.828  -19.359  43.408 0.0000000000
57621  -35.722  -18.602  43.929 0.0000000000
112531  -34.760  -18.609  41.988 0.0000000000
130562  -37.398  -18.681  42.543 0.0000000000
56596  -38.086  -18.943  41.479 0.0000000000
56597  -38.782  -19.612  41.255 0.0000000000
113504  -39.736  -19.782  40.990 0.0000000000
46873  -6.763  -32.664  53.067 0.0000000000
45984  -7.018  -32.504  52.145 0.0000000000
45091  -6.498  -33.704  51.455 0.0000000000
132679  -6.486  -34.965  51.610 0.0000000000
44171  -6.724  -34.703  51.329 0.0000000000
44184  -7.127  -35.040  50.813 0.0000000000
43221  -7.545  -36.375  49.891 0.0000000000
111995  -7.755  -38.587  48.945 0.0000000000
40590  -7.842  -38.996  48.519 0.0000000000
39707  -7.799  -39.427  48.899 0.0000000000
116511  -11.259  -36.188  64.276 0.0000000000
113984  -10.819  -36.718  64.438 0.0000000000
41306  -10.775  -37.224  63.881 0.0000000000
40456  -10.456  -37.771  63.628 0.0000000000
39586  -10.016  -38.439  61.630 0.0000000000
39580  -10.240  -38.419  62.464 0.0000000000
39585  -9.884  -39.058  61.998 0.0000000000
38667  -9.987  -39.886  61.726 0.0000000000
58486  -36.824  -17.397  49.045 0.0000000000
58487  -38.601  -17.358  49.196 0.0000000000
119922  -32.829  -25.088  52.669 0.0000000000
130052  -32.156  -23.663  52.156 0.0000000000
54689  -33.128  -21.883  52.979 0.0000000000
123725  -31.938  -22.888  51.661 0.0000000000
54694  -31.964  -22.130  51.002 0.0000000000
54701  -31.925  -21.578  50.490 0.0000000000
55571  -32.181  -20.817  50.252 0.0000000000
57514  -33.424  -19.403  50.246 0.0000000000
57515  -34.281  -18.811  50.576 0.0000000000
58484  -34.807  -18.082  49.826 0.0000000000
52867  -25.639  -23.433  61.963 0.0000000000
52003  -26.051  -23.948  61.761 0.0000000000
48614  -28.912  -27.420  58.189 0.0000000000
49467  -28.462  -26.823  58.545 0.0000000000
129699  -27.346  -27.131  56.510 0.0000000000
48633  -26.675  -27.262  55.675 0.0000000000
48642  -25.487  -27.863  55.347 0.0000000000
48652  -25.124  -28.623  55.320 0.0000000000
117155  -24.957  -28.970  55.121 0.0000000000
49516  -23.936  -27.950  54.134 0.0000000000
70505  -45.542  -4.735  30.618 0.0000000000
71423  -46.755  -3.617  31.496 0.0000000000
69707  -45.782  -4.947  29.842 0.0000000000
70515  -46.475  -4.784  29.321 0.0000000000
111858  -46.746  -4.601  28.448 0.0000000000
70517  -48.152  -4.486  29.070 0.0000000000
49473  -6.789  -28.355  59.064 0.0000000000
48620  -6.511  -30.076  59.298 0.0000000000
48628  -6.734  -30.836  58.735 0.0000000000
47737  -6.625  -31.718  58.331 0.0000000000
45931  -6.160  -33.098  57.639 0.0000000000
133111  -43.540  -9.156  39.599 0.0000000000
66304  -43.673  -9.513  39.999 0.0000000000
61219  -38.705  -14.839  39.065 0.0000000000
64587  -40.583  -11.290  38.580 0.0000000000
65406  -42.148  -10.612  39.011 0.0000000000
113133  -15.149  -32.936  67.951 0.0000000000
43999  -14.974  -33.309  66.462 0.0000000000
44996  -15.782  -33.109  66.505 0.0000000000
125348  -15.023  -33.508  65.703 0.0000000000
44015  -14.764  -33.755  64.397 0.0000000000
44119  -16.846  -32.128  54.058 0.0000000000
44118  -16.093  -32.211  54.449 0.0000000000
44103  -16.281  -31.930  55.287 0.0000000000
44087  -15.092  -32.412  56.088 0.0000000000
44073  -14.770  -32.336  56.795 0.0000000000
44063  -14.711  -32.268  57.845 0.0000000000
44072  -13.910  -33.158  56.364 0.0000000000
126297  -3.797  -22.941  55.600 0.0000000000
54656  -3.746  -22.736  54.790 0.0000000000
52061  -6.283  -24.335  53.167 0.0000000000
50321  -6.825  -25.664  52.201 0.0000000000
49531  -7.960  -27.023  51.108 0.0000000000
46038  -9.811  -32.503  48.111 0.0000000000
46039  -9.892  -32.185  47.837 0.0000000000
45133  -9.790  -32.823  47.444 0.0000000000
45145  -9.777  -32.907  46.821 0.0000000000
46064  -9.382  -32.831  46.021 0.0000000000
133729  -8.828  -33.168  45.371 0.0000000000
46079  -8.604  -32.455  45.455 0.0000000000
121063  -7.797  -32.221  44.992 0.0000000000
46077  -7.263  -31.994  44.740 0.0000000000
48572  -7.735  -30.120  65.242 0.0000000000
48571  -7.248  -30.562  65.041 0.0000000000
134724  -7.265  -31.336  65.275 0.0000000000
41296  -6.655  -37.538  65.585 0.0000000000
42158  -6.162  -36.646  65.494 0.0000000000
41295  -5.852  -37.540  65.018 0.0000000000
40463  -5.336  -37.975  63.156 0.0000000000
42168  -4.972  -36.737  63.637 0.0000000000
42167  -4.939  -36.585  62.934 0.0000000000
42175  -4.848  -36.366  62.044 0.0000000000
43072  -4.303  -35.867  60.630 0.0000000000
42182  -4.554  -36.420  61.092 0.0000000000
115017  -4.559  -37.854  59.154 0.0000000000
41380  -4.580  -38.034  58.310 0.0000000000
113919  -4.972  -38.868  57.954 0.0000000000
122632  -4.971  -39.109  57.133 0.0000000000
50338  -32.679  -27.519  51.880 0.0000000000
51152  -33.282  -26.421  52.941 0.0000000000
134117  -33.512  -28.054  54.372 0.0000000000
131503  -33.445  -27.888  53.788 0.0000000000
51138  -34.445  -25.838  55.015 0.0000000000
51153  -33.501  -26.878  53.604 0.0000000000
119049  -33.300  -25.565  53.222 0.0000000000
54672  -34.748  -21.937  54.436 0.0000000000
54681  -34.469  -21.319  54.025 0.0000000000
132616  -29.099  -24.499  61.210 0.0000000000
115916  -29.283  -25.816  59.818 0.0000000000
49447  -29.449  -26.258  59.390 0.0000000000
51094  -30.703  -25.611  59.859 0.0000000000
50255  -30.966  -26.360  59.355 0.0000000000
50239  -31.016  -26.003  59.610 0.0000000000
112506  -30.305  -25.744  59.832 0.0000000000
49438  -29.961  -26.091  59.539 0.0000000000
49458  -29.591  -26.889  58.909 0.0000000000
48604  -29.560  -27.240  58.683 0.0000000000
47741  -28.786  -28.069  56.529 0.0000000000
130153  -28.515  -28.261  55.860 0.0000000000
47754  -29.249  -28.827  55.981 0.0000000000
47753  -28.724  -28.681  55.478 0.0000000000
71404  -43.484  -3.599  33.237 0.0000000000
70489  -43.157  -4.275  32.666 0.0000000000
71413  -45.632  -3.132  32.113 0.0000000000
116732  -47.817  -2.563  33.972 0.0000000000
121173  -48.600  -2.444  34.518 0.0000000000
122675  -41.488  -13.782  40.324 0.0000000000
62057  -42.248  -13.989  40.925 0.0000000000
60387  -39.078  -16.386  39.891 0.0000000000
48632  -20.092  -28.288  57.274 0.0000000000
48622  -20.012  -28.144  58.254 0.0000000000
47751  -19.914  -28.990  56.690 0.0000000000
45946  -19.550  -30.311  55.478 0.0000000000
45973  -19.517  -30.400  54.082 0.0000000000
45960  -19.526  -30.346  54.740 0.0000000000
45945  -19.167  -30.853  55.190 0.0000000000
45063  -18.657  -31.288  54.818 0.0000000000
45062  -18.103  -31.596  54.309 0.0000000000
45061  -17.445  -31.921  53.742 0.0000000000
120078  -6.344  -22.717  49.255 0.0000000000
114803  -6.317  -25.828  48.054 0.0000000000
50304  -8.958  -26.867  55.166 0.0000000000
50315  -8.837  -26.714  54.179 0.0000000000
50316  -9.453  -27.598  54.727 0.0000000000
49513  -9.976  -28.249  54.202 0.0000000000
48675  -10.254  -29.139  52.758 0.0000000000
47784  -9.799  -30.301  53.588 0.0000000000
47785  -10.101  -29.706  53.105 0.0000000000
47794  -10.206  -29.702  52.144 0.0000000000
132565  -10.131  -30.604  51.227 0.0000000000
46900  -10.232  -30.958  49.921 0.0000000000
46024  -9.883  -32.042  48.865 0.0000000000
45995  -7.854  -32.337  51.480 0.0000000000
45996  -8.589  -32.084  50.790 0.0000000000
45104  -7.780  -33.128  49.931 0.0000000000
46009  -8.519  -32.542  50.010 0.0000000000
46023  -9.331  -32.353  49.427 0.0000000000
45132  -9.514  -33.506  47.739 0.0000000000
44214  -9.405  -34.346  47.098 0.0000000000
43266  -8.649  -35.471  46.336 0.0000000000
43252  -8.461  -35.870  46.940 0.0000000000
43265  -8.161  -36.181  46.071 0.0000000000
44983  -9.362  -33.647  68.612 0.0000000000
43985  -8.806  -34.137  68.166 0.0000000000
43032  -9.162  -34.860  67.892 0.0000000000
42148  -8.098  -36.203  66.985 0.0000000000
125693  -7.797  -36.871  66.363 0.0000000000
41291  -7.470  -37.541  66.006 0.0000000000
41298  -10.316  -36.691  65.269 0.0000000000
41297  -9.781  -37.379  65.214 0.0000000000
122673  -9.244  -37.733  65.528 0.0000000000
40454  -9.437  -38.806  64.544 0.0000000000
40431  -7.975  -38.009  65.894 0.0000000000
40453  -6.367  -38.749  64.643 0.0000000000
39577  -6.341  -39.748  63.892 0.0000000000
38637  -7.079  -40.160  64.213 0.0000000000
37768  -6.304  -41.385  60.999 0.0000000000
56540  -38.432  -18.897  45.384 0.0000000000
56541  -39.153  -19.144  45.234 0.0000000000
57590  -39.788  -19.100  46.539 0.0000000000
113844  -39.695  -18.664  47.257 0.0000000000
52081  -32.390  -26.395  51.694 0.0000000000
51164  -32.054  -26.740  50.902 0.0000000000
52963  -31.560  -25.291  50.709 0.0000000000
57603  -33.672  -19.121  45.646 0.0000000000
57605  -35.721  -18.228  45.085 0.0000000000
57586  -36.145  -17.978  45.857 0.0000000000
57606  -36.867  -18.154  45.167 0.0000000000
56538  -37.368  -18.548  44.881 0.0000000000
51074  -22.778  -24.646  61.717 0.0000000000
50227  -22.237  -25.104  61.770 0.0000000000
49437  -21.643  -26.171  60.986 0.0000000000
49464  -21.105  -26.949  59.491 0.0000000000
125335  -20.973  -27.138  58.978 0.0000000000
52868  -26.951  -23.599  62.167 0.0000000000
52872  -27.280  -24.021  61.789 0.0000000000
127820  -26.488  -23.789  62.025 0.0000000000
50270  -28.053  -25.763  59.358 0.0000000000
50251  -27.565  -25.086  59.789 0.0000000000
49465  -27.000  -26.005  57.965 0.0000000000
50280  -27.128  -25.636  58.668 0.0000000000
51102  -26.790  -24.491  60.513 0.0000000000
50266  -22.975  -25.518  59.473 0.0000000000
50276  -21.820  -26.442  58.725 0.0000000000
49475  -21.094  -27.016  58.314 0.0000000000
49474  -20.505  -27.635  57.876 0.0000000000
47775  -20.306  -29.220  54.687 0.0000000000
132624  -20.953  -28.082  55.386 0.0000000000
48660  -20.676  -28.536  54.867 0.0000000000
70529  -47.794  -4.405  27.465 0.0000000000
70544  -47.724  -4.058  26.285 0.0000000000
72357  -49.288  -2.383  26.023 0.0000000000
52917  -5.508  -23.138  55.533 0.0000000000
52042  -7.626  -24.952  57.887 0.0000000000
52045  -7.510  -24.676  56.785 0.0000000000
52050  -8.186  -25.538  55.899 0.0000000000
51130  -8.529  -26.122  55.567 0.0000000000
50305  -9.266  -27.922  55.626 0.0000000000
48640  -9.202  -28.955  55.810 0.0000000000
48649  -8.868  -29.860  55.824 0.0000000000
47763  -9.150  -30.244  55.237 0.0000000000
46851  -7.785  -31.869  54.600 0.0000000000
47760  -7.740  -31.804  56.760 0.0000000000
111798  -6.438  -33.443  53.120 0.0000000000
45068  -6.263  -34.196  53.086 0.0000000000
45067  -5.689  -34.707  53.129 0.0000000000
43177  -5.157  -35.440  52.603 0.0000000000
122053  -4.638  -35.779  52.439 0.0000000000
42286  -4.307  -36.152  52.000 0.0000000000
69659  -44.385  -4.746  39.335 0.0000000000
70453  -45.158  -4.453  39.950 0.0000000000
57609  -40.733  -19.578  45.299 0.0000000000
63743  -39.001  -11.688  37.036 0.0000000000
64604  -38.956  -11.156  36.917 0.0000000000
65418  -40.118  -10.530  38.078 0.0000000000
65417  -39.468  -10.681  37.443 0.0000000000
65426  -38.924  -10.722  36.972 0.0000000000
67166  -40.042  -8.645  37.311 0.0000000000
67997  -40.660  -7.878  37.384 0.0000000000
67999  -41.876  -7.310  38.050 0.0000000000
43988  -11.199  -34.225  68.211 0.0000000000
43045  -11.293  -35.216  66.285 0.0000000000
43050  -11.507  -35.408  65.434 0.0000000000
44986  -14.319  -33.102  68.228 0.0000000000
43991  -13.753  -33.399  67.613 0.0000000000
43997  -13.185  -33.713  67.070 0.0000000000
44002  -12.551  -34.082  66.464 0.0000000000
41318  -11.074  -36.448  62.980 0.0000000000
41328  -10.655  -36.191  62.214 0.0000000000
42169  -11.357  -35.715  62.815 0.0000000000
40486  -10.427  -37.322  59.747 0.0000000000
121885  -19.722  -28.722  58.666 0.0000000000
47722  -19.780  -29.012  59.768 0.0000000000
45929  -19.279  -29.905  58.045 0.0000000000
46802  -19.391  -29.430  58.916 0.0000000000
118186  -19.396  -29.831  59.944 0.0000000000
45921  -19.318  -30.289  61.035 0.0000000000
44105  -17.846  -31.582  55.746 0.0000000000
44091  -17.827  -31.605  56.678 0.0000000000
44076  -17.427  -31.612  57.303 0.0000000000
45036  -18.086  -31.226  58.054 0.0000000000
45037  -18.409  -30.889  58.559 0.0000000000
45030  -18.338  -30.964  59.563 0.0000000000
45923  -18.860  -30.740  60.569 0.0000000000
128687  -19.201  -30.541  61.736 0.0000000000
45017  -18.763  -30.814  61.971 0.0000000000
114433  -18.546  -30.736  62.946 0.0000000000
45008  -17.800  -31.499  64.473 0.0000000000
45006  -16.899  -32.358  64.397 0.0000000000
44016  -16.678  -32.542  63.906 0.0000000000
44021  -16.353  -33.029  63.499 0.0000000000
44026  -16.367  -32.996  62.546 0.0000000000
44020  -15.574  -33.429  63.042 0.0000000000
127430  -15.124  -33.468  62.412 0.0000000000
44030  -13.633  -33.843  61.392 0.0000000000
44049  -14.043  -33.211  59.250 0.0000000000
132807  -12.927  -33.414  57.797 0.0000000000
44038  -14.275  -33.524  60.256 0.0000000000
44037  -13.340  -33.800  60.595 0.0000000000
43066  -12.458  -34.101  61.024 0.0000000000
43065  -11.583  -34.835  60.595 0.0000000000
125179  -11.136  -35.930  58.649 0.0000000000
124457  -10.846  -36.571  58.866 0.0000000000
55547  -3.913  -21.445  52.085 0.0000000000
54664  -3.668  -22.638  53.890 0.0000000000
54676  -3.796  -22.436  53.080 0.0000000000
53795  -4.448  -23.315  53.154 0.0000000000
54686  -3.912  -22.209  52.375 0.0000000000
126156  -4.103  -21.958  51.855 0.0000000000
118024  -5.357  -22.792  51.698 0.0000000000
52079  -6.323  -24.782  51.150 0.0000000000
112185  -6.396  -24.986  50.112 0.0000000000
119430  -6.433  -25.943  48.848 0.0000000000
50324  -8.642  -26.662  53.202 0.0000000000
50332  -8.438  -26.842  52.302 0.0000000000
128780  -9.535  -28.238  51.874 0.0000000000
49533  -8.966  -27.529  52.018 0.0000000000
49540  -7.725  -27.681  50.404 0.0000000000
47835  -9.839  -30.700  48.405 0.0000000000
48722  -9.331  -30.039  49.219 0.0000000000
116244  -9.078  -30.590  48.026 0.0000000000
47821  -8.808  -30.127  48.983 0.0000000000
48710  -8.733  -29.706  49.551 0.0000000000
48694  -7.692  -28.987  50.276 0.0000000000
130368  -7.250  -29.175  50.022 0.0000000000
49548  -7.165  -27.983  49.876 0.0000000000
49555  -6.899  -28.202  49.332 0.0000000000
130693  -7.017  -29.536  48.597 0.0000000000
50355  -6.546  -27.780  48.793 0.0000000000
113829  -6.183  -27.260  48.184 0.0000000000
50359  -5.643  -27.421  47.197 0.0000000000
50366  -5.001  -27.574  46.277 0.0000000000
49572  -4.820  -28.105  46.097 0.0000000000
49580  -4.706  -28.016  45.387 0.0000000000
47876  -5.599  -29.433  45.307 0.0000000000
47886  -5.212  -28.719  44.892 0.0000000000
48595  -4.465  -29.388  61.635 0.0000000000
119233  -8.376  -32.402  68.430 0.0000000000
45888  -7.449  -32.075  68.053 0.0000000000
44989  -7.500  -33.451  67.444 0.0000000000
45894  -7.174  -32.517  67.596 0.0000000000
45887  -6.973  -31.776  67.657 0.0000000000
45898  -7.206  -31.769  65.349 0.0000000000
118138  -6.710  -31.600  64.441 0.0000000000
43049  -6.106  -35.619  65.608 0.0000000000
44013  -5.434  -34.509  64.475 0.0000000000
44007  -5.828  -33.933  65.202 0.0000000000
46782  -5.870  -30.731  63.616 0.0000000000
115104  -5.216  -30.721  63.109 0.0000000000
45911  -5.689  -31.696  63.006 0.0000000000
118697  -5.334  -30.985  62.913 0.0000000000
46788  -5.020  -30.506  62.922 0.0000000000
48587  -4.689  -30.025  62.779 0.0000000000
48590  -4.524  -29.941  62.042 0.0000000000
48594  -4.659  -29.991  61.258 0.0000000000
46801  -5.707  -31.437  59.558 0.0000000000
46803  -5.827  -32.191  59.210 0.0000000000
46810  -6.193  -32.656  58.346 0.0000000000
45930  -5.862  -33.528  57.758 0.0000000000
45933  -5.666  -33.897  57.202 0.0000000000
43071  -4.105  -35.356  60.029 0.0000000000
115577  -4.261  -34.727  59.382 0.0000000000
43089  -3.794  -35.532  58.211 0.0000000000
44061  -4.671  -34.352  57.911 0.0000000000
130728  -5.115  -34.351  57.536 0.0000000000
45047  -5.282  -34.527  56.931 0.0000000000
45053  -5.152  -34.680  56.330 0.0000000000
44100  -5.012  -34.805  55.377 0.0000000000
117977  -4.604  -35.153  54.653 0.0000000000
43129  -4.238  -35.758  54.943 0.0000000000
43147  -3.954  -35.592  54.136 0.0000000000
121656  -3.790  -36.754  52.114 0.0000000000
41453  -3.905  -37.339  51.638 0.0000000000
36905  -6.573  -42.168  61.741 0.0000000000
35409  -6.239  -44.385  58.910 0.0000000000
35399  -6.345  -43.453  59.060 0.0000000000
37781  -6.474  -41.505  60.073 0.0000000000
37780  -6.193  -40.987  59.579 0.0000000000
135143  -6.025  -41.351  59.056 0.0000000000
37794  -5.805  -41.274  58.670 0.0000000000
113533  -5.658  -41.879  58.262 0.0000000000
119436  -5.511  -41.204  58.187 0.0000000000
38693  -5.371  -40.456  57.912 0.0000000000
38708  -4.906  -40.497  57.144 0.0000000000
129776  -4.883  -39.833  56.888 0.0000000000
36953  -4.855  -42.527  55.992 0.0000000000
37837  -4.501  -41.779  55.909 0.0000000000
38724  -4.522  -40.323  56.296 0.0000000000
39644  -4.005  -39.658  55.684 0.0000000000
39653  -3.617  -39.347  54.303 0.0000000000
135551  -3.838  -40.586  53.421 0.0000000000
39662  -3.721  -39.756  53.364 0.0000000000
40542  -3.583  -38.708  53.633 0.0000000000
115526  -3.698  -38.415  52.731 0.0000000000
40560  -3.908  -38.144  51.855 0.0000000000
39693  -4.918  -39.092  51.459 0.0000000000
39694  -5.653  -39.387  51.096 0.0000000000
37929  -7.678  -41.725  50.164 0.0000000000
34661  -4.981  -45.415  57.445 0.0000000000
37928  -7.099  -41.375  50.895 0.0000000000
39685  -4.537  -39.455  51.948 0.0000000000
40440  -8.918  -38.597  65.258 0.0000000000
42310  -6.209  -36.049  51.418 0.0000000000
43162  -4.194  -35.472  53.315 0.0000000000
44228  -9.402  -34.174  46.443 0.0000000000
44992  -16.214  -32.820  66.872 0.0000000000
45014  -16.997  -31.866  62.893 0.0000000000
45035  -17.496  -31.354  58.138 0.0000000000
45952  -32.224  -29.765  54.762 0.0000000000
45965  -31.766  -30.826  54.525 0.0000000000
45982  -6.432  -33.784  52.592 0.0000000000
46007  -6.680  -33.218  50.979 0.0000000000
46065  -9.603  -32.248  46.767 0.0000000000
46805  -30.919  -28.810  57.036 0.0000000000
46807  -31.798  -29.356  56.677 0.0000000000
46814  -30.623  -29.330  56.022 0.0000000000
46817  -31.930  -29.464  56.374 0.0000000000
46818  -32.164  -29.464  56.259 0.0000000000
46819  -32.727  -29.246  56.141 0.0000000000
46824  -29.786  -29.389  55.758 0.0000000000
46827  -31.404  -29.405  55.958 0.0000000000
46843  -32.494  -29.546  55.315 0.0000000000
46858  -32.943  -29.856  54.234 0.0000000000
46887  -10.180  -30.716  50.704 0.0000000000
46920  -7.371  -30.803  47.879 0.0000000000
46921  -9.970  -31.664  47.946 0.0000000000
46933  -9.707  -31.691  47.404 0.0000000000
47719  -31.046  -28.092  58.333 0.0000000000
47723  -29.907  -28.187  57.910 0.0000000000
47726  -31.953  -28.403  58.022 0.0000000000
47733  -31.679  -29.046  57.252 0.0000000000
47742  -29.568  -28.577  56.567 0.0000000000
47744  -32.475  -29.255  56.491 0.0000000000
47755  -33.172  -29.011  56.005 0.0000000000
47756  -33.619  -28.490  56.033 0.0000000000
47765  -27.326  -27.753  54.982 0.0000000000
47767  -33.262  -28.991  55.400 0.0000000000
47779  -33.393  -28.700  54.309 0.0000000000
47803  -10.237  -30.129  51.136 0.0000000000
47867  -9.164  -31.488  47.035 0.0000000000
48559  -8.669  -30.872  66.341 0.0000000000
48573  -8.360  -30.248  65.663 0.0000000000
48597  -30.187  -26.998  58.892 0.0000000000
48599  -31.176  -27.092  58.747 0.0000000000
48603  -29.022  -27.048  58.679 0.0000000000
48609  -32.052  -27.393  58.398 0.0000000000
48619  -33.215  -27.753  57.494 0.0000000000
48634  -33.306  -28.519  56.614 0.0000000000
48644  -34.044  -28.041  55.954 0.0000000000
48668  -10.238  -28.936  53.525 0.0000000000
48672  -33.444  -28.404  54.060 0.0000000000
48712  -10.138  -30.276  49.696 0.0000000000
48723  -9.807  -30.316  49.146 0.0000000000
49439  -30.464  -26.155  59.507 0.0000000000
49446  -28.978  -26.213  59.397 0.0000000000
49449  -30.816  -26.618  59.133 0.0000000000
49459  -31.663  -26.955  58.715 0.0000000000
49461  -32.692  -26.689  58.409 0.0000000000
49469  -32.938  -27.104  57.973 0.0000000000
49487  -26.439  -26.781  56.357 0.0000000000
49497  -34.351  -27.819  55.856 0.0000000000
49507  -34.527  -27.498  55.715 0.0000000000
49517  -24.322  -28.088  54.799 0.0000000000
49526  -33.561  -27.844  54.336 0.0000000000
49535  -10.216  -28.557  52.850 0.0000000000
50253  -28.865  -25.704  59.860 0.0000000000
50256  -31.510  -26.275  59.372 0.0000000000
50257  -32.052  -26.207  59.282 0.0000000000
50258  -32.506  -26.181  58.919 0.0000000000
50271  -32.368  -26.430  58.843 0.0000000000
50272  -32.926  -26.272  58.529 0.0000000000
50298  -34.585  -26.632  56.404 0.0000000000
51093  -29.259  -25.450  60.297 0.0000000000
51111  -33.354  -26.055  58.466 0.0000000000
51112  -33.837  -26.029  58.252 0.0000000000
51118  -34.157  -25.879  57.934 0.0000000000
51119  -34.380  -25.709  57.504 0.0000000000
52014  -30.996  -25.453  59.852 0.0000000000
52028  -34.226  -25.247  58.080 0.0000000000
52036  -34.735  -24.604  57.381 0.0000000000
52052  -35.322  -23.836  55.858 0.0000000000
52873  -27.691  -23.809  61.881 0.0000000000
52895  -34.428  -24.525  58.103 0.0000000000
52911  -35.357  -23.856  56.777 0.0000000000
111933  -34.039  -26.740  57.648 0.0000000000
112544  -16.264  -31.518  57.671 0.0000000000
112709  -34.069  -27.704  56.940 0.0000000000
114287  -4.039  -34.772  58.514 0.0000000000
117021  -4.389  -41.052  55.886 0.0000000000
120624  -8.012  -27.786  50.645 0.0000000000
120835  -33.655  -28.389  55.622 0.0000000000
121319  -43.176  -9.472  39.316 0.0000000000
122279  -29.887  -26.551  59.192 0.0000000000
122728  -39.708  -10.768  37.677 0.0000000000
123254  -3.888  -19.955  52.222 0.0000000000
123506  -5.868  -34.368  53.596 0.0000000000
123514  -34.883  -24.536  56.271 0.0000000000
123984  -33.123  -25.426  58.717 0.0000000000
125868  -4.045  -36.697  51.588 0.0000000000
125928  -28.301  -24.750  60.715 0.0000000000
126595  -5.277  -29.972  63.533 0.0000000000
127731  -6.210  -38.228  50.735 0.0000000000
129194  -43.260  -15.176  41.373 0.0000000000
129718  -5.980  -40.790  59.132 0.0000000000
129815  -31.281  -27.573  58.552 0.0000000000
131137  -19.803  -29.888  55.027 0.0000000000
131698  -34.628  -26.137  56.013 0.0000000000
132263  -7.142  -30.506  47.312 0.0000000000
132449  -35.431  -22.107  54.992 0.0000000000
133721  -44.835  -3.537  38.331 0.0000000000
133765  -4.700  -38.513  51.449 0.0000000000
134677  -3.742  -39.131  52.879 0.0000000000
134680  -6.699  -27.638  49.270 0.0000000000
134872  -18.650  -30.798  59.975 0.0000000000
134971  -15.933  -31.500  58.269 0.0000000000
135506  -41.412  -19.508  42.996 0.0000000000
