#!ascii label  , from subject bert vox2ras=TkReg
933
46966  -36.882  -32.072  44.954 0.0000000000
44230  -19.654  -34.616  46.121 0.0000000000
43304  -28.032  -35.027  44.324 0.0000000000
68048  -38.630  -7.270  27.815 0.0000000000
68872  -43.814  -6.096  23.035 0.0000000000
42287  -13.543  -35.847  51.378 0.0000000000
66391  -35.628  -9.577  31.380 0.0000000000
49588  -35.898  -27.800  45.137 0.0000000000
44264  -32.968  -34.773  43.944 0.0000000000
43239  -16.151  -35.349  48.548 0.0000000000
39678  -17.570  -39.538  51.526 0.0000000000
47918  -33.396  -30.814  42.127 0.0000000000
49596  -31.842  -28.461  44.291 0.0000000000
45178  -23.721  -33.470  44.750 0.0000000000
47006  -29.469  -31.705  41.977 0.0000000000
56706  -34.688  -20.392  32.028 0.0000000000
62129  -36.291  -15.286  30.526 0.0000000000
63827  -38.558  -12.729  28.265 0.0000000000
36993  -11.052  -42.969  52.802 0.0000000000
123366  -9.187  -44.672  55.698 0.0000000000
51224  -30.223  -27.133  42.027 0.0000000000
51304  -31.830  -26.450  37.829 0.0000000000
53982  -33.697  -23.701  34.333 0.0000000000
37917  -14.076  -41.829  51.343 0.0000000000
118342  -20.619  -36.906  47.950 0.0000000000
44204  -22.449  -35.083  47.794 0.0000000000
45184  -35.920  -33.564  44.206 0.0000000000
46053  -18.273  -32.288  47.448 0.0000000000
43254  -18.383  -35.494  46.868 0.0000000000
41483  -18.353  -37.670  48.225 0.0000000000
46978  -32.322  -31.514  44.416 0.0000000000
118064  -31.683  -31.313  41.905 0.0000000000
59530  -32.563  -17.329  32.389 0.0000000000
59538  -34.768  -17.177  31.283 0.0000000000
62126  -33.318  -14.649  31.577 0.0000000000
64672  -36.186  -11.187  29.256 0.0000000000
65511  -37.837  -10.267  27.440 0.0000000000
63846  -40.732  -12.328  27.662 0.0000000000
66430  -39.859  -9.495  26.229 0.0000000000
66436  -40.962  -9.070  25.640 0.0000000000
50374  -30.331  -27.297  45.473 0.0000000000
50391  -30.946  -28.137  43.181 0.0000000000
51209  -29.176  -26.522  43.663 0.0000000000
53064  -29.251  -24.450  38.447 0.0000000000
53084  -30.627  -24.108  36.565 0.0000000000
53087  -33.147  -25.475  35.903 0.0000000000
54836  -31.438  -22.482  35.589 0.0000000000
55716  -32.353  -21.515  33.772 0.0000000000
44260  -25.473  -34.751  44.416 0.0000000000
39675  -11.858  -39.319  52.190 0.0000000000
40576  -13.385  -38.706  49.995 0.0000000000
33084  -9.584  -47.448  56.470 0.0000000000
31623  -8.218  -49.208  57.775 0.0000000000
64645  -34.315  -10.945  32.557 0.0000000000
51201  -35.487  -26.608  44.296 0.0000000000
43318  -30.507  -34.915  43.614 0.0000000000
43222  -15.203  -35.340  49.732 0.0000000000
40593  -15.236  -38.440  48.898 0.0000000000
40606  -17.033  -38.312  48.458 0.0000000000
68879  -44.929  -6.199  21.824 0.0000000000
46995  -35.553  -31.655  42.902 0.0000000000
48796  -34.981  -29.935  42.649 0.0000000000
48785  -33.235  -29.842  43.160 0.0000000000
46958  -19.579  -31.452  45.870 0.0000000000
45168  -21.700  -33.586  45.514 0.0000000000
46971  -21.445  -31.333  44.287 0.0000000000
46986  -24.019  -31.050  42.695 0.0000000000
45197  -25.971  -32.825  42.504 0.0000000000
46989  -27.166  -31.067  42.848 0.0000000000
45200  -28.229  -33.169  41.830 0.0000000000
44306  -31.136  -33.564  41.374 0.0000000000
113032  -34.116  -33.159  41.864 0.0000000000
54852  -36.940  -22.661  33.562 0.0000000000
63801  -34.699  -12.498  30.616 0.0000000000
62968  -36.981  -14.076  29.753 0.0000000000
67252  -43.019  -9.045  24.276 0.0000000000
36185  -9.973  -44.028  54.247 0.0000000000
34677  -11.074  -46.054  55.469 0.0000000000
49607  -33.976  -28.165  43.513 0.0000000000
51211  -34.114  -27.224  43.093 0.0000000000
51227  -33.771  -26.691  42.014 0.0000000000
52172  -28.485  -25.613  40.778 0.0000000000
51260  -31.180  -26.723  40.146 0.0000000000
52190  -33.760  -26.396  40.471 0.0000000000
126434  -34.909  -26.220  38.623 0.0000000000
52235  -35.571  -25.307  36.868 0.0000000000
53969  -36.898  -23.717  35.006 0.0000000000
54884  -34.557  -22.099  32.811 0.0000000000
126309  -32.538  -19.017  32.957 0.0000000000
45148  -23.555  -34.360  47.522 0.0000000000
38769  -11.522  -39.970  53.634 0.0000000000
37915  -12.310  -41.702  51.492 0.0000000000
38802  -15.708  -40.926  51.164 0.0000000000
31613  -6.314  -49.449  57.787 0.0000000000
42347  -20.247  -36.236  46.798 0.0000000000
42328  -21.564  -36.325  48.307 0.0000000000
43269  -21.064  -35.485  46.706 0.0000000000
46101  -36.559  -32.547  44.281 0.0000000000
123363  -18.916  -33.901  46.356 0.0000000000
45146  -17.723  -33.522  47.642 0.0000000000
43267  -19.256  -35.286  46.485 0.0000000000
42339  -19.569  -36.749  47.142 0.0000000000
61257  -32.295  -15.144  33.354 0.0000000000
120862  -32.820  -15.934  31.855 0.0000000000
117236  -32.781  -13.963  32.925 0.0000000000
68044  -38.029  -7.433  29.259 0.0000000000
66422  -37.264  -9.290  28.006 0.0000000000
67231  -37.735  -8.548  27.761 0.0000000000
66428  -38.654  -9.449  26.825 0.0000000000
67233  -38.806  -7.875  26.995 0.0000000000
67236  -39.271  -7.897  26.571 0.0000000000
115483  -29.132  -26.291  44.744 0.0000000000
53923  -29.696  -22.666  37.938 0.0000000000
53950  -31.055  -23.732  36.072 0.0000000000
55675  -31.194  -21.529  36.381 0.0000000000
55689  -31.591  -21.582  35.564 0.0000000000
44261  -26.401  -34.911  43.978 0.0000000000
44248  -26.174  -35.275  44.954 0.0000000000
43287  -27.838  -35.495  45.157 0.0000000000
41454  -12.871  -37.308  51.515 0.0000000000
41455  -13.476  -36.827  50.997 0.0000000000
68066  -44.148  -7.982  22.748 0.0000000000
32375  -8.783  -48.239  57.188 0.0000000000
49578  -36.937  -28.329  46.377 0.0000000000
117865  -35.644  -27.066  44.878 0.0000000000
43320  -32.114  -34.903  43.763 0.0000000000
43310  -33.154  -34.938  44.801 0.0000000000
44203  -16.678  -33.827  48.751 0.0000000000
44187  -15.926  -34.038  50.056 0.0000000000
43208  -15.395  -34.415  50.262 0.0000000000
42315  -15.534  -35.789  48.856 0.0000000000
41480  -15.645  -36.772  48.580 0.0000000000
41481  -16.425  -37.446  48.221 0.0000000000
41475  -19.756  -37.871  49.303 0.0000000000
40597  -19.077  -38.271  49.818 0.0000000000
47012  -34.840  -31.340  42.124 0.0000000000
47920  -34.746  -30.478  42.284 0.0000000000
47907  -33.101  -30.577  42.902 0.0000000000
47868  -19.632  -30.525  46.182 0.0000000000
132902  -20.379  -31.035  45.121 0.0000000000
48757  -20.702  -29.188  45.882 0.0000000000
112766  -23.211  -28.937  43.955 0.0000000000
47902  -24.435  -29.892  42.890 0.0000000000
46987  -24.766  -31.800  42.620 0.0000000000
47916  -25.833  -30.436  42.622 0.0000000000
46975  -29.410  -31.689  43.743 0.0000000000
47005  -28.504  -31.809  42.264 0.0000000000
47004  -27.564  -31.725  42.368 0.0000000000
46118  -28.907  -32.057  41.820 0.0000000000
45202  -29.847  -33.697  41.798 0.0000000000
46127  -30.257  -32.377  41.215 0.0000000000
126510  -32.259  -31.137  42.273 0.0000000000
46129  -32.639  -32.293  41.185 0.0000000000
120088  -33.804  -32.378  41.675 0.0000000000
46120  -34.574  -32.379  41.900 0.0000000000
55735  -35.906  -21.642  32.272 0.0000000000
56691  -37.706  -21.107  32.852 0.0000000000
132460  -36.264  -19.911  31.742 0.0000000000
60439  -35.448  -16.463  31.064 0.0000000000
59540  -36.331  -17.871  31.243 0.0000000000
65470  -35.226  -9.949  32.035 0.0000000000
64654  -34.402  -11.417  31.528 0.0000000000
65478  -34.979  -11.010  31.060 0.0000000000
63826  -37.318  -12.047  28.484 0.0000000000
125399  -36.479  -12.652  29.363 0.0000000000
63815  -38.141  -13.237  28.764 0.0000000000
62148  -38.310  -14.314  29.680 0.0000000000
66445  -42.408  -8.905  24.767 0.0000000000
67250  -41.911  -8.241  24.778 0.0000000000
68060  -42.159  -7.376  24.376 0.0000000000
119884  -10.584  -41.510  54.029 0.0000000000
36975  -10.121  -42.428  54.964 0.0000000000
36186  -10.423  -43.720  53.648 0.0000000000
117967  -11.227  -45.528  54.923 0.0000000000
33080  -10.985  -47.163  57.418 0.0000000000
112252  -33.425  -28.933  43.111 0.0000000000
49608  -34.899  -28.612  43.566 0.0000000000
49606  -32.965  -28.179  43.248 0.0000000000
50402  -30.552  -27.786  42.569 0.0000000000
50404  -32.575  -27.624  42.683 0.0000000000
51226  -32.789  -27.192  42.130 0.0000000000
52148  -34.396  -26.789  42.693 0.0000000000
113454  -32.116  -27.292  41.717 0.0000000000
53900  -28.369  -23.922  40.613 0.0000000000
52209  -30.276  -25.834  38.164 0.0000000000
52197  -29.533  -25.961  39.334 0.0000000000
51288  -30.871  -26.287  38.735 0.0000000000
52189  -32.939  -26.210  40.194 0.0000000000
52199  -32.687  -26.407  39.607 0.0000000000
126294  -34.182  -26.379  40.056 0.0000000000
52222  -33.289  -26.520  38.072 0.0000000000
53098  -33.627  -24.866  35.380 0.0000000000
52234  -34.634  -25.773  36.871 0.0000000000
53099  -34.566  -24.788  35.461 0.0000000000
112486  -35.929  -24.764  36.218 0.0000000000
53111  -35.389  -24.085  34.811 0.0000000000
53995  -35.342  -23.375  33.746 0.0000000000
53994  -34.347  -23.248  33.767 0.0000000000
57706  -32.198  -19.652  35.047 0.0000000000
56690  -32.455  -20.279  33.418 0.0000000000
57718  -32.218  -19.220  34.274 0.0000000000
46083  -22.089  -33.187  44.964 0.0000000000
45158  -22.698  -34.179  46.537 0.0000000000
45169  -23.470  -33.881  45.625 0.0000000000
38816  -12.523  -40.773  50.632 0.0000000000
38800  -12.036  -41.005  51.302 0.0000000000
37916  -13.067  -41.831  51.280 0.0000000000
39700  -16.354  -39.773  49.921 0.0000000000
39699  -15.384  -40.075  49.847 0.0000000000
39688  -16.900  -40.043  51.086 0.0000000000
41476  -20.498  -37.496  49.245 0.0000000000
42317  -21.655  -36.632  49.161 0.0000000000
43225  -22.322  -36.023  49.148 0.0000000000
44190  -23.435  -35.087  49.146 0.0000000000
45182  -34.743  -34.099  44.113 0.0000000000
115225  -33.916  -34.723  45.186 0.0000000000
45135  -17.691  -32.771  48.501 0.0000000000
44215  -17.158  -34.151  47.894 0.0000000000
43253  -17.408  -35.179  47.466 0.0000000000
41482  -17.798  -36.913  47.648 0.0000000000
42338  -18.623  -36.453  47.157 0.0000000000
41491  -19.859  -37.246  47.737 0.0000000000
47894  -32.845  -31.088  43.708 0.0000000000
47895  -33.165  -30.752  43.924 0.0000000000
46976  -30.388  -31.924  43.822 0.0000000000
47019  -30.399  -31.775  41.591 0.0000000000
46994  -32.268  -31.322  43.347 0.0000000000
58678  -33.656  -18.565  31.829 0.0000000000
58685  -35.085  -19.017  31.590 0.0000000000
112559  -33.830  -17.020  31.448 0.0000000000
134217  -34.035  -15.744  31.245 0.0000000000
113693  -34.144  -14.871  31.131 0.0000000000
66398  -35.893  -9.487  30.406 0.0000000000
66416  -36.318  -9.305  29.524 0.0000000000
65499  -37.100  -10.498  28.107 0.0000000000
64699  -38.526  -11.614  27.461 0.0000000000
63845  -39.836  -12.253  27.649 0.0000000000
64700  -39.302  -11.517  27.152 0.0000000000
64710  -39.933  -10.812  26.733 0.0000000000
124074  -41.248  -10.365  26.380 0.0000000000
130107  -40.312  -9.120  25.930 0.0000000000
67243  -40.339  -8.282  25.726 0.0000000000
124736  -12.087  -43.542  52.890 0.0000000000
35448  -11.627  -44.176  53.510 0.0000000000
36179  -13.103  -44.009  54.656 0.0000000000
49595  -31.028  -28.175  44.377 0.0000000000
49604  -31.349  -28.273  43.728 0.0000000000
50382  -30.284  -27.715  44.450 0.0000000000
50389  -29.577  -27.119  43.376 0.0000000000
134239  -29.485  -26.892  42.278 0.0000000000
53909  -28.737  -23.674  39.760 0.0000000000
53911  -29.388  -22.656  38.775 0.0000000000
53073  -29.587  -23.925  37.665 0.0000000000
53075  -30.957  -25.179  36.801 0.0000000000
52221  -32.165  -26.373  37.169 0.0000000000
53085  -31.400  -24.765  36.222 0.0000000000
53096  -31.810  -24.360  35.657 0.0000000000
53981  -32.609  -23.321  34.503 0.0000000000
54851  -32.505  -22.324  33.950 0.0000000000
54837  -31.963  -22.461  34.862 0.0000000000
45179  -24.381  -33.732  44.445 0.0000000000
45161  -24.526  -34.543  45.920 0.0000000000
44247  -25.241  -35.051  45.517 0.0000000000
40562  -12.662  -38.790  50.686 0.0000000000
38817  -13.176  -40.530  50.036 0.0000000000
33856  -9.300  -46.412  55.863 0.0000000000
35421  -8.781  -45.050  57.124 0.0000000000
33850  -8.870  -46.611  56.300 0.0000000000
33073  -8.014  -47.498  57.851 0.0000000000
33072  -6.999  -48.072  58.193 0.0000000000
52150  -35.960  -25.961  44.052 0.0000000000
43305  -28.916  -34.948  44.045 0.0000000000
43288  -28.790  -35.408  44.968 0.0000000000
43207  -14.701  -34.740  50.480 0.0000000000
42288  -14.004  -35.244  50.822 0.0000000000
41464  -13.983  -37.285  50.178 0.0000000000
42313  -14.555  -36.798  49.691 0.0000000000
40605  -16.065  -38.202  48.582 0.0000000000
40578  -17.018  -39.242  49.580 0.0000000000
40607  -17.929  -38.194  48.731 0.0000000000
40579  -17.866  -38.963  50.148 0.0000000000
128692  -17.838  -39.124  51.040 0.0000000000
68874  -44.323  -6.192  22.414 0.0000000000
46109  -36.051  -32.035  43.627 0.0000000000
47896  -36.296  -30.487  44.130 0.0000000000
47908  -35.333  -30.693  42.640 0.0000000000
48795  -34.352  -30.078  42.488 0.0000000000
48773  -32.707  -28.904  43.743 0.0000000000
48774  -32.983  -29.870  44.186 0.0000000000
48762  -32.534  -29.069  44.632 0.0000000000
50375  -30.945  -27.782  45.745 0.0000000000
115092  -19.588  -33.796  45.921 0.0000000000
44245  -20.312  -34.032  45.748 0.0000000000
46081  -20.452  -32.678  45.252 0.0000000000
46097  -21.561  -32.296  44.623 0.0000000000
134460  -22.044  -31.914  44.086 0.0000000000
48767  -21.876  -29.265  44.477 0.0000000000
46984  -22.176  -31.065  43.660 0.0000000000
46099  -23.266  -32.828  44.103 0.0000000000
46107  -24.617  -32.745  43.097 0.0000000000
45188  -25.319  -33.381  43.069 0.0000000000
45190  -27.017  -33.674  42.618 0.0000000000
47904  -26.668  -30.359  43.062 0.0000000000
116091  -26.752  -31.712  42.319 0.0000000000
45199  -27.457  -33.002  42.093 0.0000000000
44276  -27.759  -33.835  42.447 0.0000000000
44292  -29.439  -34.181  42.390 0.0000000000
44278  -30.805  -34.537  42.762 0.0000000000
44295  -32.377  -34.255  42.112 0.0000000000
45215  -31.559  -32.921  41.017 0.0000000000
45216  -32.915  -33.819  41.449 0.0000000000
113658  -33.239  -34.173  42.287 0.0000000000
45204  -34.892  -33.312  42.561 0.0000000000
45205  -35.514  -33.002  43.076 0.0000000000
46934  -18.609  -31.680  47.041 0.0000000000
58687  -36.661  -18.933  31.600 0.0000000000
63787  -33.533  -12.846  31.847 0.0000000000
62956  -33.943  -13.300  31.191 0.0000000000
62136  -34.968  -14.103  30.611 0.0000000000
123161  -35.612  -11.217  29.904 0.0000000000
62980  -35.996  -13.019  29.797 0.0000000000
62138  -36.683  -14.651  30.065 0.0000000000
61281  -38.347  -15.278  30.360 0.0000000000
66452  -43.761  -9.253  23.895 0.0000000000
68064  -42.859  -7.578  23.741 0.0000000000
68871  -43.286  -6.632  23.465 0.0000000000
36965  -9.733  -42.954  55.454 0.0000000000
35441  -9.536  -44.540  54.923 0.0000000000
34689  -11.090  -44.588  53.859 0.0000000000
34682  -10.394  -45.277  54.621 0.0000000000
33863  -10.043  -45.894  55.113 0.0000000000
33088  -9.950  -47.001  55.930 0.0000000000
48788  -35.814  -29.743  43.760 0.0000000000
48775  -35.598  -29.076  44.002 0.0000000000
49598  -35.411  -28.257  44.357 0.0000000000
134796  -32.476  -27.968  43.035 0.0000000000
50394  -33.905  -27.635  43.332 0.0000000000
121111  -35.114  -27.059  44.283 0.0000000000
52136  -34.882  -26.708  43.421 0.0000000000
52149  -35.148  -26.427  42.935 0.0000000000
53014  -35.384  -26.176  42.465 0.0000000000
52163  -28.335  -25.818  42.325 0.0000000000
52173  -28.894  -26.445  41.114 0.0000000000
53053  -28.592  -24.432  39.952 0.0000000000
52187  -29.157  -26.201  40.233 0.0000000000
51244  -30.567  -27.108  41.035 0.0000000000
51261  -32.439  -26.565  40.511 0.0000000000
52175  -34.134  -26.413  41.132 0.0000000000
116817  -33.887  -26.264  37.502 0.0000000000
52213  -35.509  -25.927  38.210 0.0000000000
121454  -36.972  -23.287  34.259 0.0000000000
54885  -35.479  -22.250  32.726 0.0000000000
55733  -34.306  -21.282  32.419 0.0000000000
55717  -32.881  -21.713  33.345 0.0000000000
55732  -33.327  -21.151  32.829 0.0000000000
124262  -33.379  -19.870  32.417 0.0000000000
114529  -32.264  -17.746  32.879 0.0000000000
132869  -32.269  -16.215  33.966 0.0000000000
44233  -22.411  -34.412  46.785 0.0000000000
45136  -23.148  -34.494  48.016 0.0000000000
44219  -24.496  -34.481  47.803 0.0000000000
37882  -10.870  -41.486  53.263 0.0000000000
38784  -11.612  -40.084  52.599 0.0000000000
38783  -11.506  -40.933  52.024 0.0000000000
36994  -11.419  -42.325  52.399 0.0000000000
36188  -13.140  -43.266  53.125 0.0000000000
40591  -13.947  -38.883  49.494 0.0000000000
39698  -14.684  -40.359  49.821 0.0000000000
38801  -14.936  -41.383  51.055 0.0000000000
31615  -7.961  -50.218  58.142 0.0000000000
31614  -7.086  -49.768  57.997 0.0000000000
33071  -6.235  -47.909  58.251 0.0000000000
122652  -36.760  -31.138  44.976 0.0000000000
43268  -20.071  -35.486  46.340 0.0000000000
44231  -20.656  -34.753  46.149 0.0000000000
44229  -18.718  -34.662  46.585 0.0000000000
62101  -33.027  -14.126  34.144 0.0000000000
62110  -32.649  -14.354  33.471 0.0000000000
62939  -33.111  -13.537  33.566 0.0000000000
68045  -38.667  -6.928  28.932 0.0000000000
67228  -38.018  -7.658  28.172 0.0000000000
67232  -38.340  -8.417  27.215 0.0000000000
54811  -30.633  -21.951  36.871 0.0000000000
44262  -27.303  -34.751  43.733 0.0000000000
44249  -27.135  -35.209  44.596 0.0000000000
41447  -12.990  -36.362  51.872 0.0000000000
68070  -44.018  -7.075  22.684 0.0000000000
50378  -36.591  -27.787  45.775 0.0000000000
50377  -36.229  -27.135  45.589 0.0000000000
43309  -32.365  -35.183  44.558 0.0000000000
43240  -16.705  -34.805  48.226 0.0000000000
43224  -16.176  -34.363  49.094 0.0000000000
43223  -15.685  -34.881  49.406 0.0000000000
42325  -16.204  -36.371  48.243 0.0000000000
47011  -33.870  -31.502  41.781 0.0000000000
47919  -34.170  -30.662  42.029 0.0000000000
47869  -20.044  -29.619  46.508 0.0000000000
48770  -24.869  -28.802  44.289 0.0000000000
48783  -24.463  -29.168  43.587 0.0000000000
48784  -25.198  -29.306  43.527 0.0000000000
47903  -25.328  -29.944  42.892 0.0000000000
47891  -26.148  -29.646  43.545 0.0000000000
46991  -28.930  -31.560  42.821 0.0000000000
46126  -29.562  -32.122  41.540 0.0000000000
47917  -32.978  -31.273  41.849 0.0000000000
47010  -33.154  -31.960  41.501 0.0000000000
55734  -35.298  -21.054  32.085 0.0000000000
112003  -36.130  -20.969  31.985 0.0000000000
56707  -35.716  -20.257  31.843 0.0000000000
61272  -35.647  -15.664  30.883 0.0000000000
60440  -36.439  -16.953  30.947 0.0000000000
131719  -37.112  -15.838  30.526 0.0000000000
66380  -35.758  -9.383  32.417 0.0000000000
124654  -35.162  -10.288  31.320 0.0000000000
128065  -37.857  -12.610  28.448 0.0000000000
62983  -38.593  -13.870  29.190 0.0000000000
68865  -41.736  -6.712  24.852 0.0000000000
131306  -10.591  -42.098  53.488 0.0000000000
36983  -10.505  -42.901  53.351 0.0000000000
36192  -10.809  -43.518  53.164 0.0000000000
49605  -32.077  -28.389  43.497 0.0000000000
50403  -31.713  -27.742  42.417 0.0000000000
51225  -31.179  -27.494  41.749 0.0000000000
52210  -31.128  -26.238  38.010 0.0000000000
51276  -31.955  -26.535  38.806 0.0000000000
52211  -33.096  -26.661  38.979 0.0000000000
51289  -32.537  -26.553  38.012 0.0000000000
53967  -33.118  -24.218  34.854 0.0000000000
53109  -34.124  -24.283  34.926 0.0000000000
53110  -34.880  -24.318  35.003 0.0000000000
53983  -34.795  -23.866  34.387 0.0000000000
46084  -22.960  -33.300  44.931 0.0000000000
37931  -13.353  -41.366  50.599 0.0000000000
37930  -12.582  -41.347  50.976 0.0000000000
37898  -13.594  -42.138  51.973 0.0000000000
39701  -17.291  -39.490  50.546 0.0000000000
35429  -9.108  -44.386  56.571 0.0000000000
48765  -36.491  -29.403  45.502 0.0000000000
42327  -20.919  -36.983  48.814 0.0000000000
42316  -21.165  -37.104  49.735 0.0000000000
43255  -21.779  -35.636  47.547 0.0000000000
43241  -22.410  -35.529  48.401 0.0000000000
43226  -22.946  -35.341  49.181 0.0000000000
44205  -22.988  -34.869  48.423 0.0000000000
44265  -34.705  -34.450  44.797 0.0000000000
46040  -18.075  -32.163  48.315 0.0000000000
44216  -17.886  -34.516  47.147 0.0000000000
42337  -17.762  -36.036  47.286 0.0000000000
115959  -20.260  -36.771  47.318 0.0000000000
41485  -20.178  -37.455  48.514 0.0000000000
46979  -32.986  -31.169  44.723 0.0000000000
46993  -30.782  -31.675  42.857 0.0000000000
46964  -32.446  -31.591  45.401 0.0000000000
59537  -33.305  -17.652  31.825 0.0000000000
59536  -33.003  -16.769  31.865 0.0000000000
61269  -32.861  -15.177  31.909 0.0000000000
60437  -33.555  -16.227  31.474 0.0000000000
61270  -33.402  -15.448  31.490 0.0000000000
66405  -36.471  -8.753  30.486 0.0000000000
67217  -36.831  -8.404  29.945 0.0000000000
64698  -37.874  -11.157  27.660 0.0000000000
123096  -38.549  -10.935  27.219 0.0000000000
65522  -39.336  -10.020  26.600 0.0000000000
116718  -40.078  -10.137  26.418 0.0000000000
65523  -40.556  -10.418  26.485 0.0000000000
65536  -40.666  -9.783  26.117 0.0000000000
68051  -39.602  -7.033  26.764 0.0000000000
129703  -39.722  -7.816  26.181 0.0000000000
50383  -30.815  -27.867  45.003 0.0000000000
50381  -29.627  -27.141  44.104 0.0000000000
51223  -29.208  -26.794  42.861 0.0000000000
53934  -30.003  -23.366  37.084 0.0000000000
53074  -30.188  -24.556  37.121 0.0000000000
53965  -31.470  -23.425  35.550 0.0000000000
53966  -32.230  -23.926  35.126 0.0000000000
119124  -31.876  -23.167  35.083 0.0000000000
113499  -31.835  -20.707  35.662 0.0000000000
45180  -24.998  -34.011  43.965 0.0000000000
45171  -24.744  -34.360  44.937 0.0000000000
43286  -26.960  -35.525  45.514 0.0000000000
129409  -26.037  -35.470  45.908 0.0000000000
40563  -12.742  -38.052  51.338 0.0000000000
39696  -12.435  -39.899  50.424 0.0000000000
39697  -13.121  -39.547  49.898 0.0000000000
33083  -9.280  -47.011  56.183 0.0000000000
126683  -9.115  -47.607  56.685 0.0000000000
33078  -8.708  -47.468  56.877 0.0000000000
32366  -8.075  -48.392  57.636 0.0000000000
51193  -36.158  -26.681  45.178 0.0000000000
52128  -36.338  -26.152  44.738 0.0000000000
43317  -29.740  -34.918  43.807 0.0000000000
43306  -29.596  -35.296  44.567 0.0000000000
43307  -30.330  -35.254  44.329 0.0000000000
43192  -14.956  -33.737  51.169 0.0000000000
42301  -14.676  -35.836  50.109 0.0000000000
42314  -15.071  -36.293  49.263 0.0000000000
132782  -15.813  -37.468  48.489 0.0000000000
40594  -16.759  -38.797  48.914 0.0000000000
121523  -17.408  -37.645  48.130 0.0000000000
40581  -19.130  -38.335  50.632 0.0000000000
40596  -18.324  -38.535  49.497 0.0000000000
40580  -18.600  -38.629  50.211 0.0000000000
46996  -35.989  -31.059  43.388 0.0000000000
48794  -33.697  -30.271  42.508 0.0000000000
120989  -33.866  -29.658  42.790 0.0000000000
47883  -33.190  -30.671  44.980 0.0000000000
125852  -32.962  -29.718  45.202 0.0000000000
49576  -32.237  -28.636  46.214 0.0000000000
49586  -32.015  -28.644  45.242 0.0000000000
49585  -31.360  -28.254  45.070 0.0000000000
134109  -19.474  -32.674  45.859 0.0000000000
45166  -19.907  -33.186  45.585 0.0000000000
46080  -19.755  -32.313  45.610 0.0000000000
47888  -20.853  -30.673  44.759 0.0000000000
46970  -20.841  -31.581  44.769 0.0000000000
47901  -23.449  -30.225  42.993 0.0000000000
47900  -22.742  -30.414  43.335 0.0000000000
46985  -23.089  -31.229  43.137 0.0000000000
46972  -22.745  -32.043  43.667 0.0000000000
46105  -23.718  -32.224  43.132 0.0000000000
128148  -25.380  -31.880  42.466 0.0000000000
46115  -25.313  -32.449  42.613 0.0000000000
45189  -26.218  -33.612  42.805 0.0000000000
46973  -27.750  -30.994  43.750 0.0000000000
47893  -27.649  -30.564  44.646 0.0000000000
47905  -27.314  -30.529  43.686 0.0000000000
47892  -27.065  -29.967  44.267 0.0000000000
46117  -28.086  -32.306  41.926 0.0000000000
46116  -27.175  -32.296  42.197 0.0000000000
44291  -28.591  -34.047  42.400 0.0000000000
44293  -30.606  -34.017  41.858 0.0000000000
113615  -30.124  -34.260  42.359 0.0000000000
44279  -31.770  -34.496  42.932 0.0000000000
44294  -31.453  -34.195  42.013 0.0000000000
47008  -31.000  -31.445  41.966 0.0000000000
46128  -31.025  -32.176  41.167 0.0000000000
47020  -31.361  -31.681  41.543 0.0000000000
46119  -33.304  -32.929  41.345 0.0000000000
121712  -32.442  -33.025  40.993 0.0000000000
45203  -33.571  -33.669  41.824 0.0000000000
45191  -34.038  -33.862  42.458 0.0000000000
46121  -35.277  -32.395  42.521 0.0000000000
46108  -35.684  -32.418  43.200 0.0000000000
46946  -19.095  -31.081  46.644 0.0000000000
46067  -19.132  -32.095  46.215 0.0000000000
45156  -19.109  -33.051  46.153 0.0000000000
54853  -37.653  -22.729  34.221 0.0000000000
56709  -37.456  -20.634  32.324 0.0000000000
132146  -38.203  -20.852  33.351 0.0000000000
116617  -35.180  -18.078  31.384 0.0000000000
58686  -35.934  -18.650  31.443 0.0000000000
64634  -33.819  -11.654  33.078 0.0000000000
63778  -33.475  -12.468  32.649 0.0000000000
64663  -34.737  -11.757  30.797 0.0000000000
63788  -34.170  -12.389  31.227 0.0000000000
135088  -34.341  -12.878  30.886 0.0000000000
62965  -34.667  -13.276  30.621 0.0000000000
65484  -35.910  -10.303  29.702 0.0000000000
62981  -36.744  -13.377  29.501 0.0000000000
62967  -36.241  -13.852  29.927 0.0000000000
62139  -37.700  -14.615  29.955 0.0000000000
62140  -38.691  -14.800  30.109 0.0000000000
66438  -42.431  -9.440  25.407 0.0000000000
116995  -42.895  -9.376  24.892 0.0000000000
68870  -42.672  -6.764  24.028 0.0000000000
36178  -10.068  -43.162  54.221 0.0000000000
133355  -9.900  -43.044  54.854 0.0000000000
36177  -9.720  -43.608  54.853 0.0000000000
35443  -12.181  -44.433  54.241 0.0000000000
34683  -11.651  -44.963  54.697 0.0000000000
33864  -10.703  -45.745  54.966 0.0000000000
33858  -10.371  -46.361  55.505 0.0000000000
33857  -9.732  -46.465  55.643 0.0000000000
33851  -10.750  -46.747  56.110 0.0000000000
47909  -35.648  -30.169  43.204 0.0000000000
49597  -34.761  -27.897  44.022 0.0000000000
50392  -31.810  -28.109  43.086 0.0000000000
50393  -33.219  -27.613  42.944 0.0000000000
50384  -34.563  -27.462  43.921 0.0000000000
51200  -34.657  -27.092  43.776 0.0000000000
52164  -34.697  -26.479  42.234 0.0000000000
126175  -28.215  -25.245  41.658 0.0000000000
53022  -28.245  -24.915  42.525 0.0000000000
51242  -28.811  -26.535  42.080 0.0000000000
126813  -28.442  -26.037  41.566 0.0000000000
53910  -28.947  -23.558  38.927 0.0000000000
53054  -28.836  -24.450  39.306 0.0000000000
51274  -30.496  -26.412  39.350 0.0000000000
51273  -30.006  -26.624  39.948 0.0000000000
51259  -29.676  -26.793  40.675 0.0000000000
51245  -31.777  -27.017  41.065 0.0000000000
52174  -33.345  -26.435  40.822 0.0000000000
52176  -34.916  -26.241  41.700 0.0000000000
52191  -34.741  -26.193  40.848 0.0000000000
52201  -34.582  -26.295  39.351 0.0000000000
52232  -32.630  -26.029  36.510 0.0000000000
120656  -32.990  -26.424  37.251 0.0000000000
52233  -33.563  -25.994  36.625 0.0000000000
52223  -35.329  -25.748  37.465 0.0000000000
53101  -36.399  -24.261  35.609 0.0000000000
126819  -36.772  -24.507  36.339 0.0000000000
53102  -37.222  -24.024  35.799 0.0000000000
127557  -37.509  -23.234  34.726 0.0000000000
53985  -36.393  -23.672  34.437 0.0000000000
54869  -34.939  -22.784  33.201 0.0000000000
54870  -35.924  -22.833  33.237 0.0000000000
131317  -35.094  -21.711  32.374 0.0000000000
54867  -33.207  -22.309  33.435 0.0000000000
57731  -32.389  -19.535  33.530 0.0000000000
57743  -32.776  -19.731  32.899 0.0000000000
57754  -33.203  -19.184  32.355 0.0000000000
114742  -32.216  -16.842  33.961 0.0000000000
45167  -20.825  -33.437  45.455 0.0000000000
44246  -21.198  -34.101  45.835 0.0000000000
45157  -22.049  -34.083  46.094 0.0000000000
45147  -23.022  -34.297  47.382 0.0000000000
45137  -23.450  -34.486  47.985 0.0000000000
45122  -23.475  -34.838  48.541 0.0000000000
127240  -23.959  -34.695  48.551 0.0000000000
44235  -24.977  -34.961  46.496 0.0000000000
44234  -24.434  -34.570  46.933 0.0000000000
44220  -25.028  -34.826  47.437 0.0000000000
117032  -29.153  -35.727  45.737 0.0000000000
115867  -10.909  -40.724  53.870 0.0000000000
38768  -11.188  -40.795  52.916 0.0000000000
115176  -12.050  -38.421  52.738 0.0000000000
39663  -11.978  -39.321  53.310 0.0000000000
37914  -11.743  -41.656  51.909 0.0000000000
36995  -12.032  -42.303  52.025 0.0000000000
36194  -12.388  -42.889  52.432 0.0000000000
134199  -12.557  -42.502  52.128 0.0000000000
41472  -14.480  -37.773  49.313 0.0000000000
40577  -13.884  -38.151  49.766 0.0000000000
40592  -14.514  -38.708  49.229 0.0000000000
39709  -14.508  -39.588  49.467 0.0000000000
38818  -15.223  -40.776  50.364 0.0000000000
69748  -44.684  -5.448  22.209 0.0000000000
125899  -6.693  -50.232  57.755 0.0000000000
32357  -6.519  -48.878  58.006 0.0000000000
42340  -20.937  -36.274  47.365 0.0000000000
44217  -22.034  -34.968  47.064 0.0000000000
130276  -36.427  -33.257  44.390 0.0000000000
45155  -18.343  -33.140  46.951 0.0000000000
125591  -17.971  -32.797  47.781 0.0000000000
124464  -18.284  -33.972  46.895 0.0000000000
42346  -19.359  -36.020  46.697 0.0000000000
60424  -32.140  -16.125  33.266 0.0000000000
60429  -32.400  -16.455  32.441 0.0000000000
61263  -32.431  -15.496  32.498 0.0000000000
120881  -32.682  -14.982  32.267 0.0000000000
62954  -32.957  -14.085  32.396 0.0000000000
115876  -37.381  -7.918  29.584 0.0000000000
67227  -37.441  -8.175  28.569 0.0000000000
66423  -38.028  -9.390  27.281 0.0000000000
65512  -38.611  -10.171  27.017 0.0000000000
66429  -39.073  -8.876  26.513 0.0000000000
67237  -39.749  -8.649  26.141 0.0000000000
51199  -29.794  -27.028  44.902 0.0000000000
51191  -29.681  -26.462  45.701 0.0000000000
52135  -28.660  -25.338  44.960 0.0000000000
53935  -30.463  -22.973  36.608 0.0000000000
54822  -30.900  -22.633  36.124 0.0000000000
45181  -25.808  -34.218  43.504 0.0000000000
43271  -27.720  -35.730  46.004 0.0000000000
41463  -13.273  -37.846  50.629 0.0000000000
67259  -44.113  -8.679  23.212 0.0000000000
67265  -44.651  -8.452  22.704 0.0000000000
32368  -9.894  -48.194  57.456 0.0000000000
32376  -9.347  -47.983  56.972 0.0000000000
32367  -9.101  -48.739  57.448 0.0000000000
43319  -31.289  -34.919  43.609 0.0000000000
119387  -30.940  -35.218  44.140 0.0000000000
43308  -31.580  -35.274  44.350 0.0000000000
43292  -32.570  -35.257  45.262 0.0000000000
45119  -16.853  -33.134  49.247 0.0000000000
44188  -16.408  -33.448  49.796 0.0000000000
41474  -18.788  -37.999  49.022 0.0000000000
47878  -19.980  -30.988  45.565 0.0000000000
47879  -20.282  -30.190  45.515 0.0000000000
47880  -21.051  -29.696  44.994 0.0000000000
48769  -24.024  -28.801  44.126 0.0000000000
48782  -23.732  -29.355  43.395 0.0000000000
47003  -24.971  -30.724  42.563 0.0000000000
120061  -25.522  -31.295  42.380 0.0000000000
124523  -25.938  -31.948  42.303 0.0000000000
46974  -28.496  -31.371  43.713 0.0000000000
46990  -27.995  -31.442  42.937 0.0000000000
45212  -28.876  -32.572  41.620 0.0000000000
45201  -29.060  -33.436  41.804 0.0000000000
45213  -29.605  -32.841  41.382 0.0000000000
45214  -30.355  -33.243  41.343 0.0000000000
47009  -32.276  -31.624  41.570 0.0000000000
55718  -36.443  -22.130  32.830 0.0000000000
55719  -37.329  -21.851  33.082 0.0000000000
55736  -36.885  -21.325  32.320 0.0000000000
56708  -36.718  -20.388  31.912 0.0000000000
59539  -35.633  -17.300  31.175 0.0000000000
65461  -34.879  -10.269  32.523 0.0000000000
65469  -34.766  -10.597  31.804 0.0000000000
64684  -36.825  -11.261  28.613 0.0000000000
63813  -36.662  -11.991  29.062 0.0000000000
63814  -37.274  -12.812  28.997 0.0000000000
62982  -37.656  -13.761  29.398 0.0000000000
62149  -39.102  -14.406  29.689 0.0000000000
67244  -41.188  -8.290  25.279 0.0000000000
66437  -41.766  -8.937  25.303 0.0000000000
67251  -42.551  -8.311  24.191 0.0000000000
37867  -10.309  -42.306  54.077 0.0000000000
113464  -11.292  -46.698  56.845 0.0000000000
48786  -34.403  -29.224  42.943 0.0000000000
48787  -35.227  -29.416  43.216 0.0000000000
51210  -33.486  -27.170  42.580 0.0000000000
51246  -32.885  -26.762  41.369 0.0000000000
53033  -28.192  -24.769  41.002 0.0000000000
52208  -29.619  -25.437  38.554 0.0000000000
121232  -29.164  -25.134  39.089 0.0000000000
52198  -30.084  -26.059  38.771 0.0000000000
51275  -31.341  -26.480  39.365 0.0000000000
52188  -32.117  -26.438  39.776 0.0000000000
52200  -33.328  -26.291  39.878 0.0000000000
129156  -33.803  -26.467  39.440 0.0000000000
52212  -34.054  -26.435  38.563 0.0000000000
52243  -34.116  -25.387  36.030 0.0000000000
53088  -35.066  -25.148  36.107 0.0000000000
53100  -35.472  -24.486  35.440 0.0000000000
53968  -36.051  -23.999  34.927 0.0000000000
53984  -35.718  -23.779  34.317 0.0000000000
54868  -33.991  -22.561  33.317 0.0000000000
116660  -31.953  -20.513  34.822 0.0000000000
125587  -32.146  -20.851  33.931 0.0000000000
56677  -32.139  -20.036  34.117 0.0000000000
123220  -32.290  -18.895  33.631 0.0000000000
58671  -32.260  -18.340  33.260 0.0000000000
132755  -22.636  -33.824  45.729 0.0000000000
45159  -23.341  -34.211  46.659 0.0000000000
126756  -12.115  -40.298  51.000 0.0000000000
116981  -11.800  -40.194  51.670 0.0000000000
37006  -12.777  -42.190  51.837 0.0000000000
39710  -15.344  -39.318  49.295 0.0000000000
39687  -16.030  -40.375  50.683 0.0000000000
49589  -36.499  -28.542  45.663 0.0000000000
131641  -20.954  -37.441  50.427 0.0000000000
42302  -21.701  -36.988  50.622 0.0000000000
43209  -22.044  -36.471  49.875 0.0000000000
128947  -33.927  -34.497  44.208 0.0000000000
45120  -17.359  -32.603  49.434 0.0000000000
45134  -17.190  -33.304  48.536 0.0000000000
42326  -16.886  -35.961  47.771 0.0000000000
41490  -18.932  -37.205  47.646 0.0000000000
41484  -19.326  -37.649  48.377 0.0000000000
121613  -20.458  -37.733  49.938 0.0000000000
47906  -32.752  -30.930  42.628 0.0000000000
46992  -29.897  -31.746  42.892 0.0000000000
47007  -30.278  -31.564  42.061 0.0000000000
117854  -31.601  -31.432  42.740 0.0000000000
57744  -34.109  -19.519  31.861 0.0000000000
57755  -35.092  -19.717  31.784 0.0000000000
132366  -34.422  -18.626  31.593 0.0000000000
123376  -34.165  -17.855  31.480 0.0000000000
60438  -34.393  -16.389  31.245 0.0000000000
61271  -34.821  -15.670  31.073 0.0000000000
62128  -35.196  -14.909  30.832 0.0000000000
65498  -36.459  -10.342  28.938 0.0000000000
67226  -36.839  -8.697  28.984 0.0000000000
66417  -36.712  -9.602  28.670 0.0000000000
64685  -37.371  -11.443  28.085 0.0000000000
64686  -38.009  -12.063  27.884 0.0000000000
63828  -39.409  -12.830  28.185 0.0000000000
63844  -38.922  -12.227  27.679 0.0000000000
127411  -39.151  -10.726  26.895 0.0000000000
64701  -40.307  -11.631  27.139 0.0000000000
65537  -41.689  -9.665  25.949 0.0000000000
68054  -40.751  -7.362  25.513 0.0000000000
123486  -11.656  -42.939  52.555 0.0000000000
36193  -11.288  -43.587  52.974 0.0000000000
49594  -30.673  -28.107  43.847 0.0000000000
50390  -30.081  -27.778  43.480 0.0000000000
50401  -29.799  -27.310  42.779 0.0000000000
126539  -29.174  -22.801  39.554 0.0000000000
53922  -29.325  -23.441  38.281 0.0000000000
53065  -29.762  -25.014  37.787 0.0000000000
52219  -30.563  -25.541  37.460 0.0000000000
52220  -31.394  -26.041  37.266 0.0000000000
52231  -31.771  -25.759  36.574 0.0000000000
53086  -32.230  -25.255  35.965 0.0000000000
53097  -32.665  -24.754  35.386 0.0000000000
55702  -31.954  -21.497  34.610 0.0000000000
45170  -24.147  -34.029  45.352 0.0000000000
132382  -25.436  -35.293  46.184 0.0000000000
40550  -12.426  -37.809  52.079 0.0000000000
40549  -12.189  -38.580  51.684 0.0000000000
39686  -12.052  -39.474  51.218 0.0000000000
135427  -14.177  -41.494  50.711 0.0000000000
40552  -17.675  -39.351  52.438 0.0000000000
34675  -9.047  -45.938  55.880 0.0000000000
35428  -8.968  -45.229  56.160 0.0000000000
34668  -8.742  -45.922  56.637 0.0000000000
33845  -8.477  -46.712  57.123 0.0000000000
33840  -8.123  -46.525  58.398 0.0000000000
33065  -7.255  -46.857  58.479 0.0000000000
64635  -34.484  -11.124  33.693 0.0000000000
65462  -35.346  -9.805  32.940 0.0000000000
66392  -36.126  -8.963  32.001 0.0000000000
53015  -35.791  -25.927  43.266 0.0000000000
43289  -29.541  -35.580  45.211 0.0000000000
43191  -14.135  -34.254  51.372 0.0000000000
42300  -14.079  -36.328  50.538 0.0000000000
41473  -15.187  -37.388  48.838 0.0000000000
39711  -16.127  -39.009  49.149 0.0000000000
118829  -16.926  -36.909  47.947 0.0000000000
40595  -17.519  -38.759  49.177 0.0000000000
46980  -36.477  -31.547  44.211 0.0000000000
50367  -30.972  -27.735  46.681 0.0000000000
46959  -20.211  -31.771  45.242 0.0000000000
46096  -20.845  -32.280  44.940 0.0000000000
46082  -21.263  -32.941  45.103 0.0000000000
46098  -22.441  -32.616  44.384 0.0000000000
48746  -21.339  -28.562  46.296 0.0000000000
47889  -21.523  -30.301  44.233 0.0000000000
123391  -22.553  -29.243  43.979 0.0000000000
47890  -22.218  -29.922  43.738 0.0000000000
46106  -24.063  -33.092  43.856 0.0000000000
45187  -24.658  -33.379  43.698 0.0000000000
44275  -26.677  -34.310  43.217 0.0000000000
130694  -27.366  -34.275  43.033 0.0000000000
46988  -26.314  -31.076  42.392 0.0000000000
130370  -26.503  -32.353  42.309 0.0000000000
45198  -26.713  -32.967  42.377 0.0000000000
44263  -28.141  -34.556  43.289 0.0000000000
113653  -29.125  -34.617  43.133 0.0000000000
44277  -29.947  -34.644  42.990 0.0000000000
123013  -32.658  -34.452  43.085 0.0000000000
113506  -30.851  -32.851  41.124 0.0000000000
121736  -31.883  -32.206  41.148 0.0000000000
44307  -32.005  -33.739  41.364 0.0000000000
44280  -33.561  -34.315  43.226 0.0000000000
45192  -34.465  -34.021  43.337 0.0000000000
121931  -35.313  -33.607  43.622 0.0000000000
45193  -36.024  -32.983  43.714 0.0000000000
46922  -18.397  -31.517  47.961 0.0000000000
46066  -18.639  -32.451  46.717 0.0000000000
55720  -37.977  -21.470  33.573 0.0000000000
57756  -35.925  -19.438  31.641 0.0000000000
57745  -36.777  -19.595  31.769 0.0000000000
131799  -36.555  -18.452  31.407 0.0000000000
63770  -33.324  -12.839  33.224 0.0000000000
62946  -33.129  -13.344  32.572 0.0000000000
62955  -33.289  -13.808  31.802 0.0000000000
64644  -33.872  -11.939  32.081 0.0000000000
116544  -33.750  -14.081  31.272 0.0000000000
62127  -34.346  -13.996  30.976 0.0000000000
135234  -34.652  -14.455  30.890 0.0000000000
65479  -35.421  -10.431  30.537 0.0000000000
119778  -35.210  -11.307  30.472 0.0000000000
117982  -35.203  -11.942  30.195 0.0000000000
63812  -35.845  -12.091  29.599 0.0000000000
63802  -35.287  -12.700  30.155 0.0000000000
62966  -35.432  -13.554  30.191 0.0000000000
62137  -35.763  -14.416  30.324 0.0000000000
61280  -37.362  -15.304  30.280 0.0000000000
67258  -43.274  -8.471  23.691 0.0000000000
68065  -43.552  -7.770  23.171 0.0000000000
69739  -43.722  -5.500  23.916 0.0000000000
36954  -9.480  -42.769  56.365 0.0000000000
36171  -9.374  -43.765  55.811 0.0000000000
35447  -10.870  -44.142  53.487 0.0000000000
35446  -10.447  -44.266  53.962 0.0000000000
122745  -11.028  -45.149  54.363 0.0000000000
34688  -10.704  -44.687  54.122 0.0000000000
34687  -10.124  -44.709  54.418 0.0000000000
120954  -9.753  -45.338  54.882 0.0000000000
35435  -9.260  -45.334  55.375 0.0000000000
34676  -9.519  -45.937  55.414 0.0000000000
131089  -10.206  -47.320  56.475 0.0000000000
130545  -10.761  -47.150  56.754 0.0000000000
33079  -10.411  -47.579  57.112 0.0000000000
32377  -9.882  -47.730  56.859 0.0000000000
48764  -35.973  -28.801  44.883 0.0000000000
50385  -35.239  -27.482  44.479 0.0000000000
132468  -35.437  -26.291  43.624 0.0000000000
52147  -28.720  -25.553  43.913 0.0000000000
53013  -28.442  -24.660  43.418 0.0000000000
52146  -28.396  -25.478  43.049 0.0000000000
51208  -28.634  -26.222  42.997 0.0000000000
51243  -29.551  -26.881  41.547 0.0000000000
53043  -28.425  -24.830  40.387 0.0000000000
52186  -28.811  -25.266  39.831 0.0000000000
51247  -33.711  -26.524  41.381 0.0000000000
133902  -34.267  -26.447  41.675 0.0000000000
53024  -35.941  -25.790  42.614 0.0000000000
120232  -35.094  -26.054  40.101 0.0000000000
113472  -34.751  -26.143  37.840 0.0000000000
53996  -36.247  -23.338  33.875 0.0000000000
53993  -33.345  -22.954  33.830 0.0000000000
54883  -33.673  -21.859  33.010 0.0000000000
55731  -32.612  -21.023  33.291 0.0000000000
56705  -33.776  -20.461  32.330 0.0000000000
58677  -32.756  -18.283  32.440 0.0000000000
59526  -32.175  -17.658  33.595 0.0000000000
114463  -32.094  -17.049  33.001 0.0000000000
61250  -32.650  -14.812  34.192 0.0000000000
44232  -21.572  -34.638  46.371 0.0000000000
44218  -22.782  -34.583  47.573 0.0000000000
45160  -24.000  -34.271  46.302 0.0000000000
45149  -24.013  -34.371  47.262 0.0000000000
44207  -25.075  -34.566  48.301 0.0000000000
45138  -24.032  -34.422  47.944 0.0000000000
44192  -24.332  -34.672  49.239 0.0000000000
118608  -28.421  -35.677  45.657 0.0000000000
37881  -10.894  -42.266  52.877 0.0000000000
37897  -11.217  -41.604  52.483 0.0000000000
36996  -13.209  -42.661  52.389 0.0000000000
39708  -13.741  -39.369  49.600 0.0000000000
38829  -13.901  -40.135  49.657 0.0000000000
37932  -14.235  -40.976  50.160 0.0000000000
39677  -17.230  -40.036  52.124 0.0000000000
39676  -16.443  -40.589  51.824 0.0000000000
38786  -15.692  -41.245  52.126 0.0000000000
38785  -14.915  -41.718  51.914 0.0000000000
68875  -44.752  -6.983  22.082 0.0000000000
31604  -8.380  -50.485  58.945 0.0000000000
30702  -7.980  -50.855  58.601 0.0000000000
32365  -7.336  -49.012  57.919 0.0000000000
31622  -6.189  -49.856  57.601 0.0000000000
31612  -6.047  -49.181  57.722 0.0000000000
32356  -6.102  -48.633  57.957 0.0000000000
35442  -11.478  -44.651  54.114 0.0000000000
48781  -22.948  -29.627  43.484 0.0000000000
56704  -33.022  -20.433  32.841 0.0000000000
62118  -32.572  -14.643  32.703 0.0000000000
62125  -32.926  -14.568  32.090 0.0000000000
131191  -22.424  -36.327  50.524 0.0000000000
134537  -30.335  -26.881  40.416 0.0000000000
