#!ascii label  , from subject bert vox2ras=TkReg
1512
117684  -42.620  -30.167  48.405 0.0000000000
37865  -32.900  -39.797  55.758 0.0000000000
53061  -50.918  -24.639  39.875 0.0000000000
116900  -37.412  -28.348  38.428 0.0000000000
52140  -46.708  -25.366  44.694 0.0000000000
41459  -40.499  -36.983  51.540 0.0000000000
39795  -29.130  -39.253  43.418 0.0000000000
43368  -34.110  -35.691  38.962 0.0000000000
37819  -25.063  -41.296  58.537 0.0000000000
127118  -47.707  -13.634  38.224 0.0000000000
37051  -22.597  -43.041  45.485 0.0000000000
48789  -40.248  -29.754  43.605 0.0000000000
51249  -41.240  -25.985  41.844 0.0000000000
122638  -42.616  -26.257  47.232 0.0000000000
44211  -42.246  -34.047  49.196 0.0000000000
41519  -38.583  -36.766  44.842 0.0000000000
124124  -39.496  -33.318  43.856 0.0000000000
46146  -35.569  -32.479  38.523 0.0000000000
62106  -47.905  -13.976  34.393 0.0000000000
131951  -29.067  -40.303  56.713 0.0000000000
133418  -23.751  -41.844  51.888 0.0000000000
38821  -26.502  -39.701  51.008 0.0000000000
50406  -50.284  -26.885  41.877 0.0000000000
39669  -37.225  -39.024  54.047 0.0000000000
38836  -31.442  -39.527  49.518 0.0000000000
40617  -34.889  -38.414  47.055 0.0000000000
41551  -31.711  -37.596  40.960 0.0000000000
118718  -22.591  -40.547  60.933 0.0000000000
122337  -49.392  -22.078  46.705 0.0000000000
116881  -50.601  -21.224  43.060 0.0000000000
62053  -49.531  -13.939  41.367 0.0000000000
57666  -47.092  -19.806  40.498 0.0000000000
58634  -44.243  -19.319  36.087 0.0000000000
121486  -20.052  -41.259  52.880 0.0000000000
39770  -24.886  -39.534  45.055 0.0000000000
47875  -41.695  -30.364  46.180 0.0000000000
50379  -41.468  -27.622  45.532 0.0000000000
49563  -42.122  -28.465  48.432 0.0000000000
129590  -42.826  -31.986  48.793 0.0000000000
44240  -40.573  -33.816  46.131 0.0000000000
46093  -41.357  -31.981  45.762 0.0000000000
46997  -39.713  -31.660  43.500 0.0000000000
53945  -51.574  -22.910  37.936 0.0000000000
53930  -49.050  -23.414  38.538 0.0000000000
38731  -30.774  -39.972  56.608 0.0000000000
37875  -28.514  -40.621  54.679 0.0000000000
119489  -30.940  -40.565  54.031 0.0000000000
50448  -38.183  -27.076  37.201 0.0000000000
52152  -43.929  -25.888  43.017 0.0000000000
51265  -43.815  -25.630  40.538 0.0000000000
51231  -46.178  -25.891  41.897 0.0000000000
121322  -47.494  -26.658  40.995 0.0000000000
112200  -48.218  -26.252  42.819 0.0000000000
40557  -39.224  -37.961  52.833 0.0000000000
40583  -36.220  -37.977  50.399 0.0000000000
115539  -38.344  -37.175  49.005 0.0000000000
42394  -36.700  -36.420  41.522 0.0000000000
41540  -34.979  -37.738  42.273 0.0000000000
42402  -33.063  -36.835  40.051 0.0000000000
47936  -36.536  -30.469  38.474 0.0000000000
55605  -50.389  -21.476  44.491 0.0000000000
59448  -49.046  -17.190  40.485 0.0000000000
59473  -47.477  -17.075  38.969 0.0000000000
57681  -45.305  -19.900  38.020 0.0000000000
60402  -45.884  -16.738  37.104 0.0000000000
115583  -44.689  -16.441  32.948 0.0000000000
37804  -24.010  -40.909  59.227 0.0000000000
38714  -21.878  -40.299  57.459 0.0000000000
38745  -23.421  -40.765  56.244 0.0000000000
37034  -22.951  -42.396  48.679 0.0000000000
37032  -21.290  -42.716  48.573 0.0000000000
35518  -20.813  -44.991  45.724 0.0000000000
38871  -30.703  -39.161  46.614 0.0000000000
39737  -28.367  -39.294  46.940 0.0000000000
115120  -27.026  -39.335  43.653 0.0000000000
48804  -38.529  -29.534  40.696 0.0000000000
119168  -39.131  -27.569  40.286 0.0000000000
118980  -40.360  -27.613  43.075 0.0000000000
51203  -42.471  -26.222  44.718 0.0000000000
119502  -44.462  -25.359  45.607 0.0000000000
43218  -41.767  -35.596  50.467 0.0000000000
41486  -39.199  -36.720  48.086 0.0000000000
43278  -40.240  -35.461  46.813 0.0000000000
43321  -38.625  -35.393  43.675 0.0000000000
44321  -36.940  -34.651  40.909 0.0000000000
45245  -34.991  -34.098  38.920 0.0000000000
46130  -37.405  -32.986  40.675 0.0000000000
47026  -38.289  -31.041  41.008 0.0000000000
62089  -47.158  -13.718  35.841 0.0000000000
115882  -49.715  -11.884  35.666 0.0000000000
113173  -26.698  -40.910  57.104 0.0000000000
36970  -24.456  -41.910  55.228 0.0000000000
36990  -25.500  -41.879  54.261 0.0000000000
38790  -25.417  -41.203  52.230 0.0000000000
119377  -23.825  -41.253  48.281 0.0000000000
51278  -40.885  -26.202  39.156 0.0000000000
50434  -49.710  -27.335  39.666 0.0000000000
125672  -51.566  -26.454  40.911 0.0000000000
116149  -34.968  -39.566  55.235 0.0000000000
38778  -32.194  -40.029  53.150 0.0000000000
39679  -34.268  -38.937  52.102 0.0000000000
39725  -33.243  -38.932  48.963 0.0000000000
128154  -31.888  -38.921  45.283 0.0000000000
117654  -36.902  -38.038  45.446 0.0000000000
40646  -33.784  -38.489  44.223 0.0000000000
39822  -30.126  -38.508  42.336 0.0000000000
50348  -43.100  -27.926  51.361 0.0000000000
38706  -34.925  -39.175  57.577 0.0000000000
39651  -39.347  -38.403  55.655 0.0000000000
40548  -40.776  -37.425  53.879 0.0000000000
130408  -44.223  -25.799  51.034 0.0000000000
130438  -45.512  -25.118  49.394 0.0000000000
52980  -47.104  -24.393  47.668 0.0000000000
54712  -48.356  -22.357  48.573 0.0000000000
52989  -49.037  -24.350  46.215 0.0000000000
52133  -50.458  -24.816  44.726 0.0000000000
130620  -51.481  -24.259  43.062 0.0000000000
53889  -50.325  -23.644  42.356 0.0000000000
58591  -50.312  -18.104  41.756 0.0000000000
114717  -49.546  -20.059  42.069 0.0000000000
54779  -47.157  -23.195  41.186 0.0000000000
54806  -45.497  -22.964  39.255 0.0000000000
60417  -45.663  -16.484  35.478 0.0000000000
37814  -19.481  -41.031  58.268 0.0000000000
34716  -20.002  -45.741  50.878 0.0000000000
37902  -22.394  -41.294  51.792 0.0000000000
131949  -19.861  -43.665  49.523 0.0000000000
38824  -29.614  -39.800  50.492 0.0000000000
39735  -26.467  -39.085  47.810 0.0000000000
37964  -23.403  -41.452  45.816 0.0000000000
36286  -24.823  -43.705  43.099 0.0000000000
131411  -42.042  -30.464  46.910 0.0000000000
49571  -41.899  -28.977  46.898 0.0000000000
48743  -42.209  -29.456  47.808 0.0000000000
47848  -43.228  -31.094  49.194 0.0000000000
46075  -42.043  -31.687  47.078 0.0000000000
46953  -41.910  -30.970  46.744 0.0000000000
118883  -41.586  -30.970  45.946 0.0000000000
53071  -51.699  -24.840  39.048 0.0000000000
53918  -51.181  -23.559  38.881 0.0000000000
53931  -50.124  -23.291  38.688 0.0000000000
53917  -49.997  -24.202  39.450 0.0000000000
37850  -32.229  -39.809  56.211 0.0000000000
37863  -31.304  -40.317  55.221 0.0000000000
37878  -31.908  -40.353  54.550 0.0000000000
124006  -36.548  -28.842  37.095 0.0000000000
50438  -37.657  -27.641  37.889 0.0000000000
52138  -44.872  -25.541  44.118 0.0000000000
52167  -44.646  -25.658  42.324 0.0000000000
52169  -46.319  -25.725  42.747 0.0000000000
51232  -46.847  -26.122  42.215 0.0000000000
122640  -47.245  -25.571  43.958 0.0000000000
40571  -40.123  -37.492  52.123 0.0000000000
40585  -38.240  -37.505  50.615 0.0000000000
134101  -39.324  -37.085  50.225 0.0000000000
42417  -35.163  -36.000  39.878 0.0000000000
42392  -35.194  -36.961  40.904 0.0000000000
126733  -33.554  -36.385  39.679 0.0000000000
126933  -31.164  -36.374  38.261 0.0000000000
48811  -36.690  -29.688  38.250 0.0000000000
47939  -35.595  -30.635  37.219 0.0000000000
48816  -36.353  -29.473  37.460 0.0000000000
116766  -48.518  -15.377  39.245 0.0000000000
61222  -47.614  -15.299  38.682 0.0000000000
59490  -46.356  -16.925  37.803 0.0000000000
61232  -46.525  -15.498  37.361 0.0000000000
133575  -24.782  -41.193  59.007 0.0000000000
37830  -23.981  -40.932  57.599 0.0000000000
37843  -24.547  -41.494  56.955 0.0000000000
37040  -22.801  -42.392  47.862 0.0000000000
36248  -21.648  -43.466  46.612 0.0000000000
35519  -21.343  -44.461  45.258 0.0000000000
34037  -21.367  -46.416  44.563 0.0000000000
35532  -21.610  -44.749  44.495 0.0000000000
38896  -29.706  -39.419  44.587 0.0000000000
38895  -29.166  -40.023  44.773 0.0000000000
39793  -27.864  -39.484  43.540 0.0000000000
48797  -39.517  -29.290  42.149 0.0000000000
49614  -39.771  -28.471  42.220 0.0000000000
49609  -40.348  -28.959  43.611 0.0000000000
51187  -41.841  -26.763  46.032 0.0000000000
51202  -41.771  -26.702  45.157 0.0000000000
51195  -42.379  -26.242  45.596 0.0000000000
51196  -43.139  -25.847  45.143 0.0000000000
131379  -44.137  -25.560  46.843 0.0000000000
44197  -42.013  -34.832  49.623 0.0000000000
42334  -40.653  -35.952  48.572 0.0000000000
114581  -41.265  -34.782  48.240 0.0000000000
45185  -39.822  -33.736  44.497 0.0000000000
44267  -39.764  -34.847  45.213 0.0000000000
135567  -38.935  -34.736  43.724 0.0000000000
43328  -37.506  -35.378  42.048 0.0000000000
45218  -37.890  -34.083  41.884 0.0000000000
45227  -37.137  -33.968  40.816 0.0000000000
111832  -38.237  -33.337  41.923 0.0000000000
47911  -40.232  -30.422  43.733 0.0000000000
47014  -39.344  -31.278  42.671 0.0000000000
47927  -39.279  -30.066  42.004 0.0000000000
134955  -38.350  -30.281  40.691 0.0000000000
38715  -27.673  -40.501  57.007 0.0000000000
37844  -26.396  -41.558  56.101 0.0000000000
37859  -27.103  -41.263  55.763 0.0000000000
38792  -27.218  -40.113  52.728 0.0000000000
38775  -26.562  -40.717  53.378 0.0000000000
38804  -25.874  -40.320  51.698 0.0000000000
38830  -24.316  -41.126  49.858 0.0000000000
38832  -25.525  -40.037  50.025 0.0000000000
113115  -40.630  -26.289  41.359 0.0000000000
51277  -39.797  -26.701  39.520 0.0000000000
51263  -41.521  -25.863  40.797 0.0000000000
51281  -44.427  -25.809  39.813 0.0000000000
51279  -43.021  -25.628  39.270 0.0000000000
118921  -44.608  -25.953  39.106 0.0000000000
51253  -48.920  -26.937  41.412 0.0000000000
50423  -48.654  -27.268  40.447 0.0000000000
122627  -50.061  -27.236  40.912 0.0000000000
51268  -51.181  -27.096  40.455 0.0000000000
50415  -51.313  -26.993  41.016 0.0000000000
39657  -36.610  -39.287  54.683 0.0000000000
119065  -34.354  -39.323  53.594 0.0000000000
39680  -35.047  -38.928  52.548 0.0000000000
40598  -35.538  -38.032  49.061 0.0000000000
39717  -34.607  -38.383  49.320 0.0000000000
39740  -34.080  -38.413  47.749 0.0000000000
39738  -32.212  -38.946  47.276 0.0000000000
117096  -33.300  -38.791  46.448 0.0000000000
41500  -38.707  -36.831  46.220 0.0000000000
125739  -37.968  -37.486  46.348 0.0000000000
40650  -37.503  -37.743  44.843 0.0000000000
133779  -33.191  -38.102  41.894 0.0000000000
112516  -34.006  -38.312  43.509 0.0000000000
40694  -32.413  -38.343  42.151 0.0000000000
39796  -32.229  -38.902  43.070 0.0000000000
122693  -35.298  -33.265  38.710 0.0000000000
39672  -39.929  -37.923  54.531 0.0000000000
43203  -42.651  -34.496  52.413 0.0000000000
126525  -43.275  -26.960  51.398 0.0000000000
52959  -45.770  -24.394  50.470 0.0000000000
120551  -46.356  -24.000  49.843 0.0000000000
52104  -46.575  -24.458  48.375 0.0000000000
52967  -47.341  -23.489  48.793 0.0000000000
117480  -48.702  -22.149  47.972 0.0000000000
53836  -48.402  -23.424  47.614 0.0000000000
125267  -49.281  -23.518  46.553 0.0000000000
52123  -49.680  -24.706  45.341 0.0000000000
53845  -49.772  -23.463  45.964 0.0000000000
55613  -50.656  -21.633  43.564 0.0000000000
54751  -51.075  -23.097  44.174 0.0000000000
54771  -50.961  -22.749  43.241 0.0000000000
125284  -51.103  -23.546  42.823 0.0000000000
54770  -50.668  -22.650  42.876 0.0000000000
60362  -50.310  -16.038  41.905 0.0000000000
58599  -48.340  -18.209  40.380 0.0000000000
58589  -49.672  -18.560  41.317 0.0000000000
56615  -47.445  -20.331  41.201 0.0000000000
55635  -47.880  -21.992  41.866 0.0000000000
55634  -47.083  -21.736  41.379 0.0000000000
53905  -46.532  -23.235  40.521 0.0000000000
56613  -46.075  -21.267  40.122 0.0000000000
57692  -44.871  -19.833  37.386 0.0000000000
124825  -44.387  -21.320  37.731 0.0000000000
56641  -44.038  -20.646  36.803 0.0000000000
62099  -47.314  -13.971  35.088 0.0000000000
61248  -46.417  -15.294  35.748 0.0000000000
61255  -46.481  -14.995  34.495 0.0000000000
115005  -21.042  -40.346  54.726 0.0000000000
38741  -19.824  -40.920  55.281 0.0000000000
37884  -19.652  -41.634  53.302 0.0000000000
122664  -19.564  -43.729  51.894 0.0000000000
36198  -19.570  -43.263  51.181 0.0000000000
37000  -23.836  -41.890  53.315 0.0000000000
115948  -23.384  -41.579  52.964 0.0000000000
37921  -23.102  -41.680  51.476 0.0000000000
36217  -20.194  -43.486  48.713 0.0000000000
32505  -20.983  -48.666  46.478 0.0000000000
38810  -32.073  -39.521  50.934 0.0000000000
120152  -31.007  -39.713  51.392 0.0000000000
128129  -31.109  -39.595  49.553 0.0000000000
39749  -26.600  -39.215  46.212 0.0000000000
39736  -27.522  -39.118  47.394 0.0000000000
39748  -25.559  -39.319  46.509 0.0000000000
38868  -24.181  -40.004  46.589 0.0000000000
38893  -23.856  -40.764  45.232 0.0000000000
35551  -24.313  -44.488  43.327 0.0000000000
48778  -41.032  -30.267  44.801 0.0000000000
49600  -41.129  -29.293  44.820 0.0000000000
49590  -41.395  -28.842  45.471 0.0000000000
49570  -41.782  -27.939  46.969 0.0000000000
51181  -42.395  -26.569  47.933 0.0000000000
46036  -42.837  -32.445  49.399 0.0000000000
45142  -41.654  -33.854  48.368 0.0000000000
46063  -41.978  -32.446  47.495 0.0000000000
45164  -41.097  -32.938  46.277 0.0000000000
46102  -40.477  -32.214  44.697 0.0000000000
130842  -39.381  -32.498  43.483 0.0000000000
46981  -40.714  -31.388  44.607 0.0000000000
47897  -40.680  -30.739  44.426 0.0000000000
119133  -48.291  -23.510  38.161 0.0000000000
37848  -29.827  -40.239  56.547 0.0000000000
37861  -28.835  -40.641  55.686 0.0000000000
113950  -29.614  -40.456  55.195 0.0000000000
37892  -29.183  -40.494  53.957 0.0000000000
38794  -29.319  -40.142  52.546 0.0000000000
52151  -42.956  -25.980  42.927 0.0000000000
51250  -42.265  -25.745  41.440 0.0000000000
52166  -43.816  -25.688  42.150 0.0000000000
51251  -44.424  -25.650  40.864 0.0000000000
51267  -45.898  -26.306  40.346 0.0000000000
50421  -46.429  -26.562  40.058 0.0000000000
118014  -46.933  -26.267  41.442 0.0000000000
51234  -48.559  -26.646  42.027 0.0000000000
117040  -49.080  -26.509  42.772 0.0000000000
39681  -37.809  -38.513  52.729 0.0000000000
39692  -36.993  -38.550  52.326 0.0000000000
40555  -37.755  -38.190  51.984 0.0000000000
40584  -37.181  -37.802  50.279 0.0000000000
40609  -36.535  -37.912  48.691 0.0000000000
41543  -37.439  -36.966  42.868 0.0000000000
41526  -36.961  -37.435  43.283 0.0000000000
41555  -35.521  -37.225  41.649 0.0000000000
41554  -34.617  -37.461  41.517 0.0000000000
41565  -32.451  -37.237  40.549 0.0000000000
41575  -30.202  -37.257  39.557 0.0000000000
42413  -30.755  -36.735  38.848 0.0000000000
47034  -36.344  -31.255  38.724 0.0000000000
47039  -35.384  -31.397  37.523 0.0000000000
56529  -49.372  -20.290  46.707 0.0000000000
54741  -49.926  -22.297  45.788 0.0000000000
56544  -49.663  -20.447  45.847 0.0000000000
57612  -50.117  -19.762  44.605 0.0000000000
57640  -50.539  -19.733  43.108 0.0000000000
62063  -49.508  -13.666  40.511 0.0000000000
60368  -49.935  -15.968  40.995 0.0000000000
60377  -48.852  -15.933  39.853 0.0000000000
59458  -47.919  -17.302  39.515 0.0000000000
58607  -47.041  -18.576  39.392 0.0000000000
57675  -46.079  -19.925  39.096 0.0000000000
58616  -46.671  -18.255  38.608 0.0000000000
58623  -45.608  -18.357  37.525 0.0000000000
58636  -45.314  -18.060  36.789 0.0000000000
62121  -47.888  -14.512  33.140 0.0000000000
61261  -46.407  -15.134  33.686 0.0000000000
61267  -46.419  -15.143  32.632 0.0000000000
37791  -23.076  -40.637  60.247 0.0000000000
111869  -21.494  -40.570  58.820 0.0000000000
37816  -23.283  -40.665  58.440 0.0000000000
38730  -22.640  -40.361  56.864 0.0000000000
38757  -21.847  -40.433  54.038 0.0000000000
37027  -23.007  -42.143  49.545 0.0000000000
37026  -22.631  -42.185  49.508 0.0000000000
36208  -22.209  -42.643  48.797 0.0000000000
36232  -20.935  -43.928  46.907 0.0000000000
128717  -20.517  -45.246  46.406 0.0000000000
32514  -21.226  -48.211  45.741 0.0000000000
34014  -21.115  -47.097  44.964 0.0000000000
38859  -31.226  -39.442  47.909 0.0000000000
38858  -29.935  -39.662  47.863 0.0000000000
131215  -29.704  -39.559  47.130 0.0000000000
114640  -27.531  -39.352  45.639 0.0000000000
39771  -25.603  -39.357  44.522 0.0000000000
48809  -38.128  -29.205  40.105 0.0000000000
49628  -38.697  -27.939  39.934 0.0000000000
49624  -38.838  -28.175  40.669 0.0000000000
50410  -39.637  -27.785  41.672 0.0000000000
51248  -40.481  -26.571  42.126 0.0000000000
50386  -40.975  -27.507  44.201 0.0000000000
51212  -41.099  -26.752  43.528 0.0000000000
114707  -41.914  -26.238  43.313 0.0000000000
51204  -43.281  -25.941  44.332 0.0000000000
52129  -44.074  -25.571  44.788 0.0000000000
112736  -45.836  -25.340  45.276 0.0000000000
41469  -40.930  -36.458  50.877 0.0000000000
115119  -39.868  -36.706  49.889 0.0000000000
42333  -40.266  -36.383  49.001 0.0000000000
42349  -39.549  -36.366  47.213 0.0000000000
42365  -38.900  -36.285  45.372 0.0000000000
44241  -40.656  -34.698  46.774 0.0000000000
43295  -39.693  -35.468  45.636 0.0000000000
42364  -38.653  -36.201  44.644 0.0000000000
120671  -37.717  -35.848  42.580 0.0000000000
43342  -36.918  -35.774  41.367 0.0000000000
43370  -35.310  -35.379  39.741 0.0000000000
43385  -34.239  -35.229  38.643 0.0000000000
44331  -35.457  -34.587  39.568 0.0000000000
45226  -36.719  -33.635  40.333 0.0000000000
129223  -36.869  -32.904  40.099 0.0000000000
131649  -38.578  -32.571  42.172 0.0000000000
46136  -37.801  -31.986  40.909 0.0000000000
47028  -36.766  -31.635  39.415 0.0000000000
47029  -37.371  -31.164  39.831 0.0000000000
48803  -37.984  -29.905  40.221 0.0000000000
62088  -46.937  -13.769  36.739 0.0000000000
62919  -47.262  -12.824  36.414 0.0000000000
62928  -47.799  -13.143  35.510 0.0000000000
62934  -48.379  -13.428  34.824 0.0000000000
62108  -49.634  -13.420  34.264 0.0000000000
124116  -49.613  -13.805  33.064 0.0000000000
37820  -26.004  -40.833  57.696 0.0000000000
36961  -24.866  -41.761  56.527 0.0000000000
36963  -25.778  -41.687  56.523 0.0000000000
36980  -24.929  -42.192  54.591 0.0000000000
37002  -24.360  -41.910  53.241 0.0000000000
37874  -27.478  -40.951  54.733 0.0000000000
37906  -25.709  -41.320  53.063 0.0000000000
37922  -24.065  -41.847  51.620 0.0000000000
126522  -23.863  -41.755  50.740 0.0000000000
37951  -23.310  -41.908  48.281 0.0000000000
112208  -23.086  -41.926  47.351 0.0000000000
50439  -38.392  -27.168  38.302 0.0000000000
51291  -39.904  -26.459  38.151 0.0000000000
114024  -42.325  -25.695  39.945 0.0000000000
51284  -51.674  -26.130  39.935 0.0000000000
52194  -51.468  -25.274  40.245 0.0000000000
38747  -34.568  -39.724  55.893 0.0000000000
131838  -32.453  -40.146  54.327 0.0000000000
38780  -33.776  -39.572  54.098 0.0000000000
38811  -32.863  -39.503  51.932 0.0000000000
112591  -32.340  -39.475  50.100 0.0000000000
125103  -34.862  -38.473  50.741 0.0000000000
39704  -33.579  -38.937  50.078 0.0000000000
38848  -31.799  -39.450  48.744 0.0000000000
112429  -31.751  -39.221  47.645 0.0000000000
38882  -30.836  -38.908  45.861 0.0000000000
38897  -30.218  -38.944  44.454 0.0000000000
40612  -38.766  -37.120  48.561 0.0000000000
40619  -37.670  -37.521  47.643 0.0000000000
40628  -35.624  -38.316  46.389 0.0000000000
121281  -35.766  -38.137  44.114 0.0000000000
40648  -35.417  -38.273  44.787 0.0000000000
39764  -34.004  -38.740  45.875 0.0000000000
39777  -32.068  -38.963  44.612 0.0000000000
123018  -30.631  -38.781  43.930 0.0000000000
44342  -33.785  -34.803  37.917 0.0000000000
47830  -43.509  -30.469  50.065 0.0000000000
129418  -43.087  -29.292  50.314 0.0000000000
121753  -23.534  -40.411  60.858 0.0000000000
38689  -25.790  -40.150  58.927 0.0000000000
39622  -26.434  -39.431  58.226 0.0000000000
39623  -27.545  -39.203  57.596 0.0000000000
38701  -30.949  -39.523  57.672 0.0000000000
38718  -32.183  -39.577  57.391 0.0000000000
115655  -33.228  -39.501  57.389 0.0000000000
38720  -34.803  -39.440  57.185 0.0000000000
127834  -35.229  -39.581  56.386 0.0000000000
38749  -36.625  -39.361  55.879 0.0000000000
38765  -37.179  -39.251  55.428 0.0000000000
38737  -38.338  -38.792  55.781 0.0000000000
39659  -38.310  -38.783  54.824 0.0000000000
39671  -39.326  -38.149  54.362 0.0000000000
40546  -39.729  -37.781  53.516 0.0000000000
41451  -40.675  -37.275  52.394 0.0000000000
42285  -41.471  -36.340  52.180 0.0000000000
42297  -41.711  -35.858  51.521 0.0000000000
43219  -42.375  -35.124  50.866 0.0000000000
122706  -43.707  -30.999  50.360 0.0000000000
50354  -42.331  -27.536  49.920 0.0000000000
51169  -42.640  -26.553  49.823 0.0000000000
51176  -43.266  -25.604  48.821 0.0000000000
52086  -45.127  -24.842  51.115 0.0000000000
52093  -44.759  -25.217  49.794 0.0000000000
52101  -43.852  -25.436  48.376 0.0000000000
52111  -44.748  -25.456  47.218 0.0000000000
52112  -45.592  -25.209  46.888 0.0000000000
112375  -46.557  -25.158  45.590 0.0000000000
52975  -47.896  -23.591  48.031 0.0000000000
52988  -48.241  -24.232  46.796 0.0000000000
52131  -47.811  -25.256  45.512 0.0000000000
52142  -48.565  -25.726  44.484 0.0000000000
51205  -49.318  -25.790  44.240 0.0000000000
51218  -50.398  -26.227  43.289 0.0000000000
54742  -50.454  -22.941  44.968 0.0000000000
53007  -51.367  -24.499  43.878 0.0000000000
121103  -51.366  -25.558  42.599 0.0000000000
52170  -51.431  -25.730  41.992 0.0000000000
53040  -50.830  -24.884  41.464 0.0000000000
53050  -49.688  -24.685  41.109 0.0000000000
58571  -50.404  -17.812  43.306 0.0000000000
57650  -50.325  -19.418  42.504 0.0000000000
59440  -50.105  -17.655  41.437 0.0000000000
57659  -49.922  -19.245  41.928 0.0000000000
56602  -50.076  -20.053  42.351 0.0000000000
55626  -49.622  -21.750  42.432 0.0000000000
132039  -48.929  -23.681  42.008 0.0000000000
53049  -48.751  -24.455  40.668 0.0000000000
53059  -48.010  -24.202  40.067 0.0000000000
53916  -46.548  -23.818  39.599 0.0000000000
118849  -46.340  -23.704  38.178 0.0000000000
55653  -45.178  -21.629  38.949 0.0000000000
54805  -44.973  -22.812  38.339 0.0000000000
122207  -44.919  -23.226  37.532 0.0000000000
61241  -46.216  -15.735  36.382 0.0000000000
60411  -45.833  -16.463  36.272 0.0000000000
58652  -44.569  -18.044  35.468 0.0000000000
60427  -45.194  -16.295  33.739 0.0000000000
59517  -44.401  -17.625  34.737 0.0000000000
57722  -43.643  -19.254  34.994 0.0000000000
37828  -20.161  -40.737  57.700 0.0000000000
37857  -24.106  -41.529  55.499 0.0000000000
38774  -22.728  -40.862  53.397 0.0000000000
38787  -20.830  -40.996  51.985 0.0000000000
37015  -21.790  -41.733  49.882 0.0000000000
37934  -20.813  -41.598  50.254 0.0000000000
37013  -19.796  -42.668  50.576 0.0000000000
35470  -19.636  -44.138  50.178 0.0000000000
37895  -31.627  -40.336  53.319 0.0000000000
127705  -30.499  -39.850  51.727 0.0000000000
38823  -28.780  -39.801  51.243 0.0000000000
38844  -29.165  -39.643  48.907 0.0000000000
39714  -28.246  -39.492  49.098 0.0000000000
128588  -26.346  -39.592  49.649 0.0000000000
38856  -24.778  -39.802  48.124 0.0000000000
37958  -23.415  -41.393  46.764 0.0000000000
37052  -23.137  -42.339  45.375 0.0000000000
134458  -25.390  -39.895  42.622 0.0000000000
38919  -24.879  -40.325  42.979 0.0000000000
37983  -24.050  -41.701  43.995 0.0000000000
37078  -24.134  -42.553  43.637 0.0000000000
130495  -23.415  -44.075  43.704 0.0000000000
35549  -22.872  -44.535  43.695 0.0000000000
124488  -42.363  -30.295  47.577 0.0000000000
48732  -42.653  -29.483  48.972 0.0000000000
47847  -42.723  -30.803  48.343 0.0000000000
46942  -42.460  -31.276  47.680 0.0000000000
47864  -42.325  -30.769  47.414 0.0000000000
53062  -51.545  -24.651  39.440 0.0000000000
37851  -33.128  -39.676  56.586 0.0000000000
37864  -32.031  -40.031  55.379 0.0000000000
49633  -36.816  -28.920  37.975 0.0000000000
49634  -37.083  -28.275  37.506 0.0000000000
52139  -45.768  -25.473  44.381 0.0000000000
52154  -45.621  -25.545  43.412 0.0000000000
52155  -46.494  -25.564  43.684 0.0000000000
40587  -39.876  -37.164  51.311 0.0000000000
40603  -39.668  -36.921  50.476 0.0000000000
42416  -34.305  -36.114  39.600 0.0000000000
48812  -37.287  -29.170  38.782 0.0000000000
61221  -47.108  -14.810  38.177 0.0000000000
60391  -46.788  -16.004  38.093 0.0000000000
37831  -24.544  -41.272  57.791 0.0000000000
36941  -24.905  -41.484  57.852 0.0000000000
127709  -22.263  -42.928  46.341 0.0000000000
36258  -21.879  -43.660  45.640 0.0000000000
35520  -21.858  -44.177  44.857 0.0000000000
38911  -29.232  -39.870  44.016 0.0000000000
39794  -28.665  -39.603  43.353 0.0000000000
47922  -39.804  -30.011  42.860 0.0000000000
49615  -39.947  -29.170  42.894 0.0000000000
51188  -42.484  -26.262  46.461 0.0000000000
52119  -43.112  -25.835  45.970 0.0000000000
51182  -43.277  -25.820  46.876 0.0000000000
44198  -42.389  -34.119  49.896 0.0000000000
130216  -41.781  -34.636  48.916 0.0000000000
116970  -39.389  -34.300  44.028 0.0000000000
45194  -38.976  -34.042  43.372 0.0000000000
44281  -38.598  -34.722  43.070 0.0000000000
45206  -38.515  -33.924  42.537 0.0000000000
45207  -38.848  -33.079  43.018 0.0000000000
47921  -39.482  -30.588  42.497 0.0000000000
38716  -28.662  -40.203  56.986 0.0000000000
37833  -27.363  -40.889  56.680 0.0000000000
37834  -28.299  -40.544  56.665 0.0000000000
38805  -26.871  -39.856  51.865 0.0000000000
122661  -25.617  -40.209  50.840 0.0000000000
51262  -40.485  -26.385  40.570 0.0000000000
113274  -45.226  -26.113  40.057 0.0000000000
50413  -49.785  -27.047  41.371 0.0000000000
50414  -50.614  -27.155  41.259 0.0000000000
51254  -51.050  -26.766  41.679 0.0000000000
39668  -36.322  -39.080  53.667 0.0000000000
39741  -35.055  -38.237  47.739 0.0000000000
39727  -34.794  -38.210  48.473 0.0000000000
39752  -33.048  -38.780  47.272 0.0000000000
39753  -34.031  -38.641  46.771 0.0000000000
41510  -38.736  -36.770  45.602 0.0000000000
40640  -38.421  -37.193  45.882 0.0000000000
41509  -38.283  -37.328  45.144 0.0000000000
41552  -32.644  -37.767  41.332 0.0000000000
124943  -31.687  -38.124  41.690 0.0000000000
40679  -31.558  -38.596  42.423 0.0000000000
130270  -30.781  -37.880  41.332 0.0000000000
46139  -35.965  -32.904  39.116 0.0000000000
46145  -34.996  -32.780  38.205 0.0000000000
52966  -46.712  -23.927  49.027 0.0000000000
55589  -49.170  -21.149  47.113 0.0000000000
55588  -48.742  -21.108  47.949 0.0000000000
124217  -49.041  -21.894  47.441 0.0000000000
54720  -49.070  -22.719  47.196 0.0000000000
54729  -49.595  -22.908  46.341 0.0000000000
134508  -50.706  -22.017  43.285 0.0000000000
55628  -50.622  -21.802  43.115 0.0000000000
62052  -48.906  -13.601  41.607 0.0000000000
61186  -49.589  -14.916  42.082 0.0000000000
61199  -50.130  -15.299  41.820 0.0000000000
58598  -47.615  -18.862  40.290 0.0000000000
57667  -48.049  -19.473  41.095 0.0000000000
56600  -46.975  -21.015  41.269 0.0000000000
56614  -46.660  -20.673  40.698 0.0000000000
124069  -46.504  -21.533  40.821 0.0000000000
57701  -44.550  -19.461  36.663 0.0000000000
57691  -44.395  -20.127  36.885 0.0000000000
116786  -44.012  -20.074  36.316 0.0000000000
62105  -47.058  -14.416  34.531 0.0000000000
62098  -46.631  -14.760  35.139 0.0000000000
37789  -21.467  -40.719  60.165 0.0000000000
37885  -20.089  -41.044  53.578 0.0000000000
37871  -20.125  -40.822  54.553 0.0000000000
37900  -19.771  -41.730  52.534 0.0000000000
37007  -19.564  -42.382  52.181 0.0000000000
37008  -23.838  -41.853  52.508 0.0000000000
37904  -23.767  -41.867  52.742 0.0000000000
36999  -23.582  -41.847  52.052 0.0000000000
32493  -20.600  -48.084  46.988 0.0000000000
112405  -31.728  -39.528  50.214 0.0000000000
38826  -31.170  -39.596  50.366 0.0000000000
39759  -25.767  -39.310  45.494 0.0000000000
39758  -24.850  -39.535  46.018 0.0000000000
38894  -24.357  -40.074  44.666 0.0000000000
48766  -41.409  -29.876  45.433 0.0000000000
128425  -41.964  -28.491  47.573 0.0000000000
50365  -42.045  -27.552  47.787 0.0000000000
45153  -41.963  -33.007  48.163 0.0000000000
46050  -42.498  -32.504  48.452 0.0000000000
46074  -41.670  -32.188  46.553 0.0000000000
46092  -40.790  -32.482  45.414 0.0000000000
46967  -41.062  -31.672  45.149 0.0000000000
47885  -41.418  -30.704  45.400 0.0000000000
46982  -41.163  -31.046  44.964 0.0000000000
53079  -51.634  -23.926  38.376 0.0000000000
122349  -48.040  -23.789  38.710 0.0000000000
113958  -29.698  -40.482  55.896 0.0000000000
112250  -30.476  -40.293  56.045 0.0000000000
37876  -30.361  -40.481  54.560 0.0000000000
37893  -30.263  -40.503  53.782 0.0000000000
37907  -29.784  -40.371  53.156 0.0000000000
132025  -37.701  -27.295  36.409 0.0000000000
52165  -42.982  -25.787  41.904 0.0000000000
52168  -45.487  -25.640  42.498 0.0000000000
52180  -44.565  -25.631  41.484 0.0000000000
52181  -45.370  -25.732  41.645 0.0000000000
111928  -45.213  -25.829  40.788 0.0000000000
51252  -46.060  -26.023  41.076 0.0000000000
51233  -47.640  -26.426  42.035 0.0000000000
39682  -38.539  -38.341  53.158 0.0000000000
40556  -38.585  -38.140  52.354 0.0000000000
117299  -37.981  -37.304  49.841 0.0000000000
40600  -37.313  -37.627  49.285 0.0000000000
40610  -37.491  -37.535  48.380 0.0000000000
42381  -37.099  -36.766  42.164 0.0000000000
41542  -36.710  -37.266  42.542 0.0000000000
41556  -36.375  -36.993  41.842 0.0000000000
42403  -33.913  -36.679  40.198 0.0000000000
41567  -34.293  -37.126  40.795 0.0000000000
41566  -33.345  -37.202  40.731 0.0000000000
41576  -31.265  -36.964  39.712 0.0000000000
41577  -32.204  -36.861  39.856 0.0000000000
47935  -35.915  -30.909  38.013 0.0000000000
57595  -49.477  -19.496  46.284 0.0000000000
58559  -49.701  -17.953  44.959 0.0000000000
58548  -49.753  -18.827  45.171 0.0000000000
115332  -50.289  -18.878  44.102 0.0000000000
57627  -50.439  -19.962  43.768 0.0000000000
62062  -48.940  -13.081  40.135 0.0000000000
111655  -48.314  -12.095  40.019 0.0000000000
61210  -49.729  -14.465  40.453 0.0000000000
131602  -49.196  -15.065  39.923 0.0000000000
131156  -47.903  -15.930  38.886 0.0000000000
60376  -48.130  -16.445  39.190 0.0000000000
58608  -47.710  -18.039  39.838 0.0000000000
59457  -47.274  -17.784  39.102 0.0000000000
59471  -46.142  -17.823  38.011 0.0000000000
59489  -45.770  -17.513  37.325 0.0000000000
122352  -47.292  -14.725  32.438 0.0000000000
128704  -23.467  -40.745  59.681 0.0000000000
37803  -23.423  -40.736  59.147 0.0000000000
37842  -23.512  -40.743  57.060 0.0000000000
38744  -22.371  -40.314  55.932 0.0000000000
112310  -22.118  -40.328  54.980 0.0000000000
126432  -22.964  -42.355  49.143 0.0000000000
37033  -22.760  -42.479  49.031 0.0000000000
36220  -22.509  -42.613  48.324 0.0000000000
36247  -21.152  -44.187  46.104 0.0000000000
36233  -21.315  -43.380  47.396 0.0000000000
35510  -20.650  -44.606  46.587 0.0000000000
34753  -20.568  -45.829  45.889 0.0000000000
34013  -20.777  -46.537  45.335 0.0000000000
34773  -20.932  -45.697  45.110 0.0000000000
34038  -22.115  -46.698  44.076 0.0000000000
33240  -21.692  -47.236  44.566 0.0000000000
134282  -31.112  -39.260  47.327 0.0000000000
114642  -30.560  -39.457  47.380 0.0000000000
38870  -29.891  -39.407  46.345 0.0000000000
39773  -27.357  -39.388  44.550 0.0000000000
39761  -28.401  -39.804  45.136 0.0000000000
130384  -26.348  -39.280  44.793 0.0000000000
39772  -26.365  -39.285  44.064 0.0000000000
49623  -38.487  -28.723  40.297 0.0000000000
48805  -38.748  -28.881  40.938 0.0000000000
50405  -40.089  -27.507  42.314 0.0000000000
51228  -40.544  -26.940  42.926 0.0000000000
121704  -41.194  -28.231  44.833 0.0000000000
49599  -40.747  -28.659  44.283 0.0000000000
116037  -41.719  -26.623  44.238 0.0000000000
51213  -42.632  -26.162  43.871 0.0000000000
129037  -43.709  -25.586  45.537 0.0000000000
52130  -45.038  -25.375  44.993 0.0000000000
134004  -45.196  -25.240  45.696 0.0000000000
42323  -41.274  -36.061  50.182 0.0000000000
41478  -40.571  -36.427  49.921 0.0000000000
111946  -41.110  -36.059  49.435 0.0000000000
43264  -40.192  -35.829  47.580 0.0000000000
134745  -39.850  -35.884  46.837 0.0000000000
42348  -39.400  -36.337  46.516 0.0000000000
42357  -39.823  -35.708  46.275 0.0000000000
111941  -40.908  -33.908  46.679 0.0000000000
44226  -41.114  -34.266  47.431 0.0000000000
135477  -40.532  -34.401  46.346 0.0000000000
44282  -39.114  -35.075  44.255 0.0000000000
43311  -39.286  -35.422  44.895 0.0000000000
117474  -38.897  -35.882  44.971 0.0000000000
43322  -38.809  -35.676  44.443 0.0000000000
42372  -38.433  -36.058  43.954 0.0000000000
43329  -38.124  -35.935  43.229 0.0000000000
43357  -37.137  -35.057  41.302 0.0000000000
43356  -36.499  -35.282  40.770 0.0000000000
43355  -35.809  -35.720  40.302 0.0000000000
43371  -35.931  -34.990  40.174 0.0000000000
45217  -37.665  -33.542  41.334 0.0000000000
117200  -36.331  -33.319  39.741 0.0000000000
46122  -39.080  -32.111  42.860 0.0000000000
47021  -38.954  -30.952  41.856 0.0000000000
113735  -38.432  -31.822  41.572 0.0000000000
47025  -37.687  -31.381  40.460 0.0000000000
128659  -37.256  -32.093  40.112 0.0000000000
47930  -37.831  -30.664  40.352 0.0000000000
48808  -37.645  -29.511  39.564 0.0000000000
63755  -48.143  -12.097  36.081 0.0000000000
132282  -48.960  -11.992  35.731 0.0000000000
62929  -48.972  -12.631  35.305 0.0000000000
62116  -49.194  -13.797  33.736 0.0000000000
62942  -50.067  -13.454  33.807 0.0000000000
36952  -25.824  -41.366  57.279 0.0000000000
37858  -26.338  -41.570  55.419 0.0000000000
36973  -25.713  -41.831  55.780 0.0000000000
36981  -25.632  -41.847  55.019 0.0000000000
36989  -24.847  -42.113  53.893 0.0000000000
129978  -28.871  -40.559  55.108 0.0000000000
37860  -27.948  -40.858  55.347 0.0000000000
37905  -24.891  -41.726  52.735 0.0000000000
37923  -24.661  -41.623  51.920 0.0000000000
37935  -24.384  -41.517  51.126 0.0000000000
38842  -24.186  -40.966  49.051 0.0000000000
37946  -23.665  -41.627  48.883 0.0000000000
50428  -38.546  -27.512  39.207 0.0000000000
50429  -39.188  -27.221  39.685 0.0000000000
134441  -40.285  -26.459  39.381 0.0000000000
115463  -40.106  -26.432  38.935 0.0000000000
52178  -43.132  -25.645  41.128 0.0000000000
51264  -42.760  -25.638  40.602 0.0000000000
51294  -42.661  -25.745  38.549 0.0000000000
50422  -47.063  -26.559  40.426 0.0000000000
126100  -47.732  -26.957  40.498 0.0000000000
112753  -49.759  -27.373  40.355 0.0000000000
50445  -50.518  -26.833  39.439 0.0000000000
51269  -51.563  -26.633  40.451 0.0000000000
51283  -51.324  -26.782  40.008 0.0000000000
52195  -51.667  -25.988  40.490 0.0000000000
52205  -51.607  -25.463  39.751 0.0000000000
38762  -34.122  -39.697  54.974 0.0000000000
39666  -34.332  -39.164  52.903 0.0000000000
38797  -33.546  -39.369  52.432 0.0000000000
38812  -33.456  -39.187  51.592 0.0000000000
117282  -32.796  -39.474  50.998 0.0000000000
39691  -36.261  -38.355  51.765 0.0000000000
39706  -35.709  -38.182  50.983 0.0000000000
39716  -33.796  -38.787  49.442 0.0000000000
39715  -32.952  -39.208  49.564 0.0000000000
38849  -32.438  -39.219  48.695 0.0000000000
113726  -32.000  -39.353  48.075 0.0000000000
38861  -32.340  -39.107  47.891 0.0000000000
39762  -32.153  -38.923  45.932 0.0000000000
38873  -31.800  -38.913  46.813 0.0000000000
38883  -31.472  -38.887  45.799 0.0000000000
38898  -30.863  -38.868  45.058 0.0000000000
39775  -30.918  -38.796  44.493 0.0000000000
41477  -39.412  -36.829  49.031 0.0000000000
40621  -38.866  -36.800  47.649 0.0000000000
40630  -37.405  -37.745  46.961 0.0000000000
40629  -36.518  -38.071  46.768 0.0000000000
132955  -36.433  -38.154  46.051 0.0000000000
41525  -36.173  -37.720  43.065 0.0000000000
40663  -36.369  -37.860  43.772 0.0000000000
40662  -35.714  -38.050  43.548 0.0000000000
40661  -34.873  -38.257  43.875 0.0000000000
40647  -34.415  -38.440  44.927 0.0000000000
40636  -33.416  -38.702  45.094 0.0000000000
39778  -32.886  -38.857  44.401 0.0000000000
40678  -30.814  -38.623  42.610 0.0000000000
39809  -31.153  -38.793  43.240 0.0000000000
39808  -30.263  -38.675  43.144 0.0000000000
39807  -29.326  -38.782  42.670 0.0000000000
43386  -34.798  -34.930  39.144 0.0000000000
44343  -34.402  -34.482  38.365 0.0000000000
134048  -23.366  -40.065  61.578 0.0000000000
39626  -30.677  -39.234  58.088 0.0000000000
38733  -34.659  -39.625  56.664 0.0000000000
38721  -35.361  -39.198  57.189 0.0000000000
38750  -37.521  -39.056  55.788 0.0000000000
39642  -39.395  -38.406  55.774 0.0000000000
39641  -38.928  -38.601  55.830 0.0000000000
39650  -38.806  -38.654  55.557 0.0000000000
117818  -38.949  -38.536  54.938 0.0000000000
39670  -38.597  -38.489  54.159 0.0000000000
39660  -39.061  -38.508  54.834 0.0000000000
120634  -40.332  -37.663  54.324 0.0000000000
40547  -40.321  -37.580  53.751 0.0000000000
40558  -40.258  -37.573  52.942 0.0000000000
40559  -40.793  -37.381  53.211 0.0000000000
41452  -41.208  -36.959  52.738 0.0000000000
116987  -41.305  -36.332  51.401 0.0000000000
114220  -42.055  -35.652  52.387 0.0000000000
44168  -42.602  -34.678  51.643 0.0000000000
44183  -42.754  -34.263  51.083 0.0000000000
134191  -43.474  -30.883  49.717 0.0000000000
49554  -43.273  -28.974  51.096 0.0000000000
49553  -42.706  -28.380  50.414 0.0000000000
51167  -43.392  -26.230  50.703 0.0000000000
50347  -42.748  -27.206  50.693 0.0000000000
51175  -42.664  -26.106  48.842 0.0000000000
51170  -43.258  -25.801  49.636 0.0000000000
52094  -45.410  -24.980  50.189 0.0000000000
52092  -43.925  -25.366  49.287 0.0000000000
52102  -44.826  -25.250  48.760 0.0000000000
122363  -44.517  -25.385  47.930 0.0000000000
113626  -45.339  -25.189  47.798 0.0000000000
130992  -46.344  -24.806  47.486 0.0000000000
112196  -46.486  -24.950  46.427 0.0000000000
55581  -48.467  -21.616  48.477 0.0000000000
53828  -47.863  -23.202  48.608 0.0000000000
53829  -48.254  -23.159  48.238 0.0000000000
52982  -48.647  -23.751  46.920 0.0000000000
132326  -48.201  -23.818  47.351 0.0000000000
112133  -48.207  -24.821  46.038 0.0000000000
52132  -48.444  -25.353  45.291 0.0000000000
127824  -48.947  -24.965  45.627 0.0000000000
112182  -49.156  -25.380  45.014 0.0000000000
120802  -49.874  -25.308  44.653 0.0000000000
52157  -50.087  -25.815  44.015 0.0000000000
128601  -50.509  -25.341  44.322 0.0000000000
123026  -50.312  -22.119  44.960 0.0000000000
54752  -51.240  -23.258  43.590 0.0000000000
53869  -51.279  -23.811  44.099 0.0000000000
52159  -51.375  -25.181  43.374 0.0000000000
53018  -51.490  -24.538  43.277 0.0000000000
53029  -51.483  -24.955  42.698 0.0000000000
53028  -50.990  -24.428  42.260 0.0000000000
53039  -49.873  -24.359  41.703 0.0000000000
59430  -50.421  -17.486  42.446 0.0000000000
59419  -50.151  -16.910  43.204 0.0000000000
58582  -50.416  -18.484  42.393 0.0000000000
57660  -50.105  -18.949  41.989 0.0000000000
60367  -49.293  -16.414  40.479 0.0000000000
59449  -49.678  -17.139  41.042 0.0000000000
126739  -49.193  -19.327  41.522 0.0000000000
55637  -49.946  -20.845  42.426 0.0000000000
55636  -48.885  -21.172  42.128 0.0000000000
54780  -47.887  -23.048  41.808 0.0000000000
53898  -47.903  -23.811  41.385 0.0000000000
53038  -48.737  -24.284  41.321 0.0000000000
53048  -47.892  -24.207  40.793 0.0000000000
53906  -47.206  -23.707  40.704 0.0000000000
54789  -45.937  -22.776  40.119 0.0000000000
111840  -45.966  -23.525  39.241 0.0000000000
53928  -46.444  -23.784  38.851 0.0000000000
56624  -45.647  -20.933  39.292 0.0000000000
56633  -45.482  -20.321  38.573 0.0000000000
55669  -44.185  -21.968  37.785 0.0000000000
120137  -44.577  -22.295  38.227 0.0000000000
54814  -44.425  -22.561  37.678 0.0000000000
112876  -46.594  -14.932  36.595 0.0000000000
61240  -45.982  -15.851  35.677 0.0000000000
59505  -45.160  -17.714  36.024 0.0000000000
59518  -45.110  -17.186  35.247 0.0000000000
61260  -45.798  -15.658  33.274 0.0000000000
133236  -44.218  -17.340  34.120 0.0000000000
58651  -44.006  -18.410  34.889 0.0000000000
38696  -21.159  -40.447  58.020 0.0000000000
38713  -20.845  -40.421  57.137 0.0000000000
113964  -19.478  -41.238  54.902 0.0000000000
37856  -19.245  -41.215  55.533 0.0000000000
124872  -19.235  -42.842  53.583 0.0000000000
117960  -19.725  -45.066  51.394 0.0000000000
130879  -19.652  -44.463  51.883 0.0000000000
33898  -20.316  -46.431  50.492 0.0000000000
36971  -24.838  -41.947  55.752 0.0000000000
36960  -24.588  -41.709  56.093 0.0000000000
37886  -23.595  -41.588  53.750 0.0000000000
38789  -22.509  -41.071  52.553 0.0000000000
38773  -21.629  -40.561  53.087 0.0000000000
38788  -21.534  -40.832  52.237 0.0000000000
119967  -21.716  -42.419  49.159 0.0000000000
131754  -20.954  -42.419  48.998 0.0000000000
37031  -20.126  -43.070  49.226 0.0000000000
37025  -20.444  -42.525  49.353 0.0000000000
37024  -19.911  -42.886  49.809 0.0000000000
37933  -20.139  -41.932  50.836 0.0000000000
36201  -19.646  -43.464  50.371 0.0000000000
35482  -19.778  -44.424  49.643 0.0000000000
33227  -22.008  -48.252  45.302 0.0000000000
119886  -21.889  -49.014  45.937 0.0000000000
38760  -32.097  -40.370  53.843 0.0000000000
37910  -31.697  -39.887  52.590 0.0000000000
38808  -30.491  -39.765  50.928 0.0000000000
37924  -30.836  -39.987  52.219 0.0000000000
38807  -29.742  -39.905  51.623 0.0000000000
38857  -29.088  -39.452  47.511 0.0000000000
38845  -29.988  -39.787  48.640 0.0000000000
132011  -29.382  -39.578  48.240 0.0000000000
39723  -27.545  -39.242  48.374 0.0000000000
39713  -27.274  -39.436  49.342 0.0000000000
39722  -26.463  -39.389  48.813 0.0000000000
39712  -25.567  -39.781  49.227 0.0000000000
39721  -25.540  -39.507  48.400 0.0000000000
38878  -23.720  -40.698  46.203 0.0000000000
37959  -23.789  -40.724  47.135 0.0000000000
37994  -25.160  -41.349  41.985 0.0000000000
37993  -24.783  -41.098  42.659 0.0000000000
125472  -24.677  -42.873  43.022 0.0000000000
37079  -24.577  -41.937  43.177 0.0000000000
130056  -24.245  -43.232  43.354 0.0000000000
132087  -23.794  -45.038  43.349 0.0000000000
36275  -23.612  -43.306  43.829 0.0000000000
36274  -22.975  -43.884  44.177 0.0000000000
48754  -41.663  -29.448  46.157 0.0000000000
48755  -42.059  -29.890  46.860 0.0000000000
46928  -42.846  -31.451  48.628 0.0000000000
120018  -42.532  -31.906  48.007 0.0000000000
46952  -41.642  -31.494  46.200 0.0000000000
46968  -41.401  -31.318  45.478 0.0000000000
52216  -51.590  -25.404  38.987 0.0000000000
53919  -51.601  -24.034  38.827 0.0000000000
53932  -51.545  -23.331  38.420 0.0000000000
54808  -51.363  -22.641  38.037 0.0000000000
53070  -49.239  -23.851  39.160 0.0000000000
37836  -31.663  -39.782  56.734 0.0000000000
133763  -30.881  -40.291  55.660 0.0000000000
37849  -31.309  -40.085  55.990 0.0000000000
37877  -31.145  -40.502  54.572 0.0000000000
116242  -31.511  -40.537  53.940 0.0000000000
52153  -44.758  -25.639  43.193 0.0000000000
51215  -47.247  -25.950  43.013 0.0000000000
52156  -47.986  -25.882  43.790 0.0000000000
40570  -39.384  -37.734  51.954 0.0000000000
40569  -38.493  -37.815  51.515 0.0000000000
40586  -39.159  -37.307  50.871 0.0000000000
40601  -38.901  -37.286  49.885 0.0000000000
42405  -35.567  -36.312  40.548 0.0000000000
42393  -35.988  -36.673  41.171 0.0000000000
42404  -34.788  -36.528  40.295 0.0000000000
42415  -32.823  -36.388  39.417 0.0000000000
42414  -31.818  -36.447  39.007 0.0000000000
42424  -31.872  -36.074  38.098 0.0000000000
47937  -37.151  -30.018  38.954 0.0000000000
47940  -36.146  -30.173  37.726 0.0000000000
48815  -35.865  -29.917  36.924 0.0000000000
61208  -48.731  -13.628  39.413 0.0000000000
133436  -48.449  -14.502  39.098 0.0000000000
60392  -47.290  -16.410  38.666 0.0000000000
59472  -46.867  -17.315  38.451 0.0000000000
133127  -46.804  -16.687  38.250 0.0000000000
60403  -46.322  -16.288  37.454 0.0000000000
128551  -24.427  -40.994  59.364 0.0000000000
37817  -24.054  -40.916  58.495 0.0000000000
115106  -24.142  -41.283  56.621 0.0000000000
36234  -22.214  -42.891  47.357 0.0000000000
134158  -21.151  -45.053  44.960 0.0000000000
34795  -21.470  -45.483  44.433 0.0000000000
34056  -21.899  -45.933  43.996 0.0000000000
127311  -30.287  -39.104  45.827 0.0000000000
38881  -29.718  -39.417  45.335 0.0000000000
39774  -28.536  -39.857  44.211 0.0000000000
48800  -38.970  -29.421  41.453 0.0000000000
49619  -39.197  -28.510  41.484 0.0000000000
115420  -40.143  -28.322  42.948 0.0000000000
52120  -43.908  -25.527  46.209 0.0000000000
43235  -42.053  -35.155  50.210 0.0000000000
118766  -41.624  -35.554  49.816 0.0000000000
43251  -41.429  -35.421  48.976 0.0000000000
125700  -40.861  -35.427  48.185 0.0000000000
43279  -40.749  -35.081  47.446 0.0000000000
45174  -40.467  -33.327  45.669 0.0000000000
133917  -40.318  -33.899  45.741 0.0000000000
45186  -40.020  -33.991  45.232 0.0000000000
44266  -39.586  -34.618  44.646 0.0000000000
120255  -38.157  -35.358  42.830 0.0000000000
44296  -38.007  -34.689  42.404 0.0000000000
130132  -37.544  -34.706  41.795 0.0000000000
47910  -39.859  -30.804  43.184 0.0000000000
47926  -38.778  -30.228  41.245 0.0000000000
37832  -26.501  -41.311  56.692 0.0000000000
37845  -27.038  -41.184  56.305 0.0000000000
38776  -27.616  -40.390  53.489 0.0000000000
37891  -28.092  -40.603  54.137 0.0000000000
38791  -26.204  -40.526  52.563 0.0000000000
38803  -25.095  -40.986  51.393 0.0000000000
38820  -24.757  -40.791  50.495 0.0000000000
38831  -24.779  -40.410  49.592 0.0000000000
50420  -39.697  -26.975  40.313 0.0000000000
115222  -40.386  -26.488  39.800 0.0000000000
114584  -41.243  -26.042  39.896 0.0000000000
112641  -43.398  -25.636  39.915 0.0000000000
51280  -43.871  -25.739  39.355 0.0000000000
50412  -48.358  -27.086  41.017 0.0000000000
112218  -49.261  -27.195  40.929 0.0000000000
50435  -50.630  -27.272  40.126 0.0000000000
50424  -50.680  -27.290  40.676 0.0000000000
38763  -35.710  -39.438  54.964 0.0000000000
38781  -34.831  -39.378  54.369 0.0000000000
39656  -35.745  -39.240  54.227 0.0000000000
39667  -35.249  -39.118  53.412 0.0000000000
40582  -35.344  -38.181  50.037 0.0000000000
39726  -33.947  -38.598  48.726 0.0000000000
39739  -33.137  -38.799  48.233 0.0000000000
112845  -32.521  -38.862  46.597 0.0000000000
41492  -39.136  -36.615  47.312 0.0000000000
40632  -38.695  -36.783  46.948 0.0000000000
40631  -38.514  -36.995  46.500 0.0000000000
40639  -37.748  -37.669  45.597 0.0000000000
41539  -34.009  -38.057  42.181 0.0000000000
40681  -34.507  -38.144  42.947 0.0000000000
40680  -33.766  -38.315  42.938 0.0000000000
39797  -33.180  -38.692  43.493 0.0000000000
116112  -32.367  -38.991  43.908 0.0000000000
38707  -35.967  -39.054  56.872 0.0000000000
39629  -36.333  -38.385  57.220 0.0000000000
39652  -39.755  -38.163  55.476 0.0000000000
39661  -39.884  -38.183  54.987 0.0000000000
40540  -40.144  -37.958  54.914 0.0000000000
131855  -42.505  -35.113  52.722 0.0000000000
50340  -43.557  -27.458  52.061 0.0000000000
51161  -43.837  -26.363  51.738 0.0000000000
52095  -46.126  -24.708  49.448 0.0000000000
52103  -45.881  -25.035  48.579 0.0000000000
52974  -47.207  -23.908  48.193 0.0000000000
54719  -48.583  -22.881  47.933 0.0000000000
53837  -48.789  -23.251  47.226 0.0000000000
52990  -49.762  -24.014  45.806 0.0000000000
52997  -50.311  -24.202  45.066 0.0000000000
115468  -50.737  -22.344  44.195 0.0000000000
54761  -50.931  -22.544  43.594 0.0000000000
130915  -51.315  -23.638  43.148 0.0000000000
61187  -50.074  -15.715  42.390 0.0000000000
60350  -50.252  -16.533  42.485 0.0000000000
59441  -50.383  -17.088  41.824 0.0000000000
58600  -49.231  -17.935  40.718 0.0000000000
57668  -48.696  -18.677  40.938 0.0000000000
57658  -48.506  -20.205  41.637 0.0000000000
56601  -47.749  -21.050  41.638 0.0000000000
118552  -47.261  -22.496  41.451 0.0000000000
54790  -46.556  -22.481  40.878 0.0000000000
55645  -46.066  -22.064  40.325 0.0000000000
55644  -45.517  -22.055  39.612 0.0000000000
56632  -44.895  -20.673  38.006 0.0000000000
55668  -43.944  -21.406  37.099 0.0000000000
121721  -46.796  -14.505  35.818 0.0000000000
120812  -46.199  -15.433  35.117 0.0000000000
127465  -45.803  -15.907  35.105 0.0000000000
60433  -43.917  -16.856  32.915 0.0000000000
60426  -44.424  -16.866  33.621 0.0000000000
112134  -20.467  -40.778  58.558 0.0000000000
38743  -21.290  -40.283  55.642 0.0000000000
38728  -20.602  -40.437  56.245 0.0000000000
38742  -20.428  -40.538  55.405 0.0000000000
37870  -19.431  -41.531  54.164 0.0000000000
36986  -19.289  -42.099  53.651 0.0000000000
36195  -19.455  -43.182  52.683 0.0000000000
36998  -19.452  -42.285  52.987 0.0000000000
131343  -19.524  -43.002  51.856 0.0000000000
35460  -19.527  -44.172  51.033 0.0000000000
36987  -23.945  -42.223  53.984 0.0000000000
134325  -23.971  -42.300  54.042 0.0000000000
37887  -23.876  -42.083  53.486 0.0000000000
37903  -23.096  -41.653  52.214 0.0000000000
36218  -20.785  -43.253  48.099 0.0000000000
129068  -20.601  -42.893  48.805 0.0000000000
34722  -19.868  -45.091  49.377 0.0000000000
32480  -20.606  -48.115  47.931 0.0000000000
32494  -20.817  -48.871  47.385 0.0000000000
31729  -21.443  -49.411  46.818 0.0000000000
31730  -22.227  -49.869  46.445 0.0000000000
37926  -31.835  -39.592  51.749 0.0000000000
38809  -31.535  -39.552  51.102 0.0000000000
38825  -30.562  -39.709  49.985 0.0000000000
39750  -27.564  -39.220  46.527 0.0000000000
132145  -28.258  -39.257  47.707 0.0000000000
114641  -26.866  -39.140  46.977 0.0000000000
114428  -26.161  -39.161  46.999 0.0000000000
39734  -25.323  -39.409  47.488 0.0000000000
39747  -24.781  -39.557  46.852 0.0000000000
35552  -25.251  -44.455  43.365 0.0000000000
123508  -40.552  -30.181  44.210 0.0000000000
48777  -40.651  -29.577  44.260 0.0000000000
49579  -41.579  -28.384  46.222 0.0000000000
50372  -41.677  -27.463  46.339 0.0000000000
50364  -42.079  -26.921  46.966 0.0000000000
45128  -42.592  -33.342  49.716 0.0000000000
45143  -42.385  -33.205  48.869 0.0000000000
46062  -41.453  -33.275  47.327 0.0000000000
133099  -41.555  -32.704  46.893 0.0000000000
112798  -40.243  -33.088  45.005 0.0000000000
130550  -40.004  -32.952  44.432 0.0000000000
46110  -39.899  -32.385  44.059 0.0000000000
46111  -40.238  -31.715  44.188 0.0000000000
46998  -40.270  -31.092  43.952 0.0000000000
54807  -50.867  -22.529  38.114 0.0000000000
37835  -29.537  -39.993  56.976 0.0000000000
37847  -28.953  -40.531  56.315 0.0000000000
37862  -30.496  -40.396  55.314 0.0000000000
113470  -29.479  -40.479  54.549 0.0000000000
38777  -28.761  -40.329  53.371 0.0000000000
38793  -28.315  -40.051  52.719 0.0000000000
38806  -27.977  -39.807  51.940 0.0000000000
51230  -42.052  -25.942  42.387 0.0000000000
52179  -43.797  -25.621  41.314 0.0000000000
51266  -44.645  -25.769  40.379 0.0000000000
51282  -45.811  -26.521  39.624 0.0000000000
112286  -46.643  -26.353  40.669 0.0000000000
133539  -47.566  -26.564  41.457 0.0000000000
111901  -48.106  -26.808  41.466 0.0000000000
51235  -49.432  -26.804  41.969 0.0000000000
122186  -49.909  -26.658  42.675 0.0000000000
119279  -37.857  -38.719  53.571 0.0000000000
115858  -37.070  -38.943  53.093 0.0000000000
132380  -37.026  -38.203  51.692 0.0000000000
40567  -36.640  -38.042  51.063 0.0000000000
40568  -37.551  -37.899  51.206 0.0000000000
40599  -36.351  -37.926  49.620 0.0000000000
40608  -35.747  -38.103  48.159 0.0000000000
41527  -37.695  -37.066  43.637 0.0000000000
41518  -38.003  -37.246  44.384 0.0000000000
41541  -35.860  -37.496  42.380 0.0000000000
41553  -33.684  -37.626  41.404 0.0000000000
40710  -30.861  -37.426  40.452 0.0000000000
126142  -31.718  -37.218  40.320 0.0000000000
41584  -29.878  -37.102  38.527 0.0000000000
46147  -36.155  -32.068  38.951 0.0000000000
46154  -35.198  -32.148  37.864 0.0000000000
47033  -35.756  -31.700  38.272 0.0000000000
47044  -34.879  -31.922  37.071 0.0000000000
47053  -34.808  -31.828  36.180 0.0000000000
47045  -35.150  -31.178  36.670 0.0000000000
56515  -49.030  -20.113  47.549 0.0000000000
126233  -49.579  -21.289  46.265 0.0000000000
55604  -49.984  -21.382  45.407 0.0000000000
56545  -49.978  -20.582  44.959 0.0000000000
57611  -49.699  -19.649  45.461 0.0000000000
56560  -50.438  -20.697  44.048 0.0000000000
56574  -50.579  -20.657  43.226 0.0000000000
62059  -49.878  -14.132  40.886 0.0000000000
61204  -50.118  -14.927  40.927 0.0000000000
60378  -49.578  -15.430  40.449 0.0000000000
59459  -48.610  -16.830  39.922 0.0000000000
59447  -48.472  -17.593  40.133 0.0000000000
57676  -46.730  -19.414  39.670 0.0000000000
56625  -46.371  -20.328  39.875 0.0000000000
57683  -46.441  -19.098  38.833 0.0000000000
57682  -45.807  -19.524  38.395 0.0000000000
58615  -46.021  -18.713  38.174 0.0000000000
57693  -45.473  -19.210  37.736 0.0000000000
58622  -45.108  -18.922  37.039 0.0000000000
58635  -44.700  -18.603  36.250 0.0000000000
62114  -47.524  -14.423  33.887 0.0000000000
133692  -46.859  -14.680  34.005 0.0000000000
62113  -47.017  -14.683  33.301 0.0000000000
60435  -45.275  -16.045  32.915 0.0000000000
37790  -22.377  -40.654  60.467 0.0000000000
113295  -22.664  -40.682  59.783 0.0000000000
112189  -22.522  -40.610  59.048 0.0000000000
37829  -22.968  -40.520  57.682 0.0000000000
38729  -21.552  -40.280  56.552 0.0000000000
38756  -20.831  -40.532  53.776 0.0000000000
112728  -23.681  -41.722  51.215 0.0000000000
111945  -23.453  -41.707  51.302 0.0000000000
37017  -23.217  -41.748  50.326 0.0000000000
36219  -21.724  -42.882  48.033 0.0000000000
122479  -20.692  -43.767  47.532 0.0000000000
35505  -20.484  -44.307  47.339 0.0000000000
33989  -20.474  -46.645  46.141 0.0000000000
33226  -21.423  -47.686  45.113 0.0000000000
130388  -22.022  -47.772  44.774 0.0000000000
112403  -31.347  -39.508  48.459 0.0000000000
112404  -31.116  -39.569  49.094 0.0000000000
38846  -30.819  -39.628  48.339 0.0000000000
38869  -29.081  -39.553  46.570 0.0000000000
38880  -29.072  -39.752  45.656 0.0000000000
39751  -28.376  -39.497  46.053 0.0000000000
39760  -26.724  -39.261  45.342 0.0000000000
39790  -24.934  -39.604  44.142 0.0000000000
49627  -37.970  -28.490  39.454 0.0000000000
50419  -39.294  -27.596  40.985 0.0000000000
50411  -39.928  -26.946  41.355 0.0000000000
51229  -41.144  -26.311  42.737 0.0000000000
50395  -40.480  -28.060  43.640 0.0000000000
124370  -41.359  -27.278  44.789 0.0000000000
135458  -40.661  -27.340  43.497 0.0000000000
51214  -43.361  -25.993  43.619 0.0000000000
52137  -44.015  -25.785  43.857 0.0000000000
41468  -40.274  -36.717  50.691 0.0000000000
135237  -39.893  -36.585  49.317 0.0000000000
41487  -39.559  -36.614  48.543 0.0000000000
42342  -40.057  -36.167  48.016 0.0000000000
41493  -39.313  -36.583  47.667 0.0000000000
41501  -39.150  -36.548  46.666 0.0000000000
41511  -39.131  -36.485  46.060 0.0000000000
44253  -40.180  -34.521  45.793 0.0000000000
112708  -40.245  -35.115  46.238 0.0000000000
43294  -39.164  -35.877  45.356 0.0000000000
41528  -38.288  -36.665  44.106 0.0000000000
42371  -37.978  -36.521  43.401 0.0000000000
42382  -37.625  -36.382  42.696 0.0000000000
42395  -37.282  -36.153  42.008 0.0000000000
42406  -36.246  -36.042  40.925 0.0000000000
43369  -34.662  -35.581  39.342 0.0000000000
44320  -36.557  -34.469  40.510 0.0000000000
45234  -36.102  -34.148  39.971 0.0000000000
45233  -35.675  -33.737  39.361 0.0000000000
46131  -38.033  -32.699  41.409 0.0000000000
47013  -38.877  -31.731  42.203 0.0000000000
46140  -36.565  -32.482  39.577 0.0000000000
47932  -36.966  -30.812  39.167 0.0000000000
47933  -37.498  -30.347  39.671 0.0000000000
111415  -47.434  -13.173  37.648 0.0000000000
111420  -47.334  -12.705  37.211 0.0000000000
63757  -50.480  -11.648  35.474 0.0000000000
128383  -50.118  -12.424  35.127 0.0000000000
115379  -49.465  -13.114  34.708 0.0000000000
62107  -48.829  -13.652  34.299 0.0000000000
62115  -48.365  -14.139  33.767 0.0000000000
62122  -48.736  -14.234  33.048 0.0000000000
120664  -48.168  -14.498  32.265 0.0000000000
62123  -49.125  -14.190  32.206 0.0000000000
36943  -25.467  -41.185  58.010 0.0000000000
36942  -25.249  -41.422  57.766 0.0000000000
36951  -25.199  -41.671  57.049 0.0000000000
36962  -25.222  -41.893  56.175 0.0000000000
36972  -25.161  -42.081  55.414 0.0000000000
133849  -24.726  -42.092  55.105 0.0000000000
36988  -24.229  -42.084  53.944 0.0000000000
37001  -24.013  -41.899  52.801 0.0000000000
37846  -27.937  -40.863  56.140 0.0000000000
130722  -27.037  -41.278  55.187 0.0000000000
37873  -26.388  -41.436  54.675 0.0000000000
37890  -26.980  -40.901  54.133 0.0000000000
37889  -26.028  -41.403  53.871 0.0000000000
37888  -25.223  -41.847  53.508 0.0000000000
37010  -24.231  -41.856  52.422 0.0000000000
37009  -24.000  -41.905  52.105 0.0000000000
37018  -23.406  -41.810  50.143 0.0000000000
37028  -23.249  -42.050  49.211 0.0000000000
38819  -24.180  -41.516  50.407 0.0000000000
37941  -23.804  -41.643  49.753 0.0000000000
127953  -22.673  -42.463  46.945 0.0000000000
133892  -22.683  -42.526  46.097 0.0000000000
39805  -27.555  -39.467  41.973 0.0000000000
49630  -37.951  -27.786  38.704 0.0000000000
50440  -39.221  -26.751  38.844 0.0000000000
51290  -39.056  -26.679  37.780 0.0000000000
118931  -41.970  -25.799  39.211 0.0000000000
113313  -47.888  -27.150  39.873 0.0000000000
51300  -51.451  -26.130  39.482 0.0000000000
122444  -51.598  -25.591  39.464 0.0000000000
38732  -33.833  -39.767  56.263 0.0000000000
37879  -32.609  -39.943  54.930 0.0000000000
38746  -33.510  -39.783  55.429 0.0000000000
38761  -33.157  -39.822  54.605 0.0000000000
38779  -32.807  -39.902  53.744 0.0000000000
123275  -33.604  -39.543  53.243 0.0000000000
125855  -32.870  -39.717  52.806 0.0000000000
130605  -32.314  -39.534  51.558 0.0000000000
117820  -36.040  -38.791  52.636 0.0000000000
39690  -35.215  -38.593  51.730 0.0000000000
39689  -34.169  -38.669  51.274 0.0000000000
39705  -34.399  -38.583  49.996 0.0000000000
134007  -34.067  -38.645  50.550 0.0000000000
38827  -33.447  -39.051  50.792 0.0000000000
129301  -33.029  -39.332  50.299 0.0000000000
38838  -32.183  -39.417  49.303 0.0000000000
38837  -31.773  -39.492  49.423 0.0000000000
38860  -31.564  -39.433  48.196 0.0000000000
112545  -31.414  -39.256  47.591 0.0000000000
38872  -31.281  -38.999  46.818 0.0000000000
118665  -30.270  -39.065  45.124 0.0000000000
38912  -29.613  -39.294  44.074 0.0000000000
40602  -39.400  -36.970  49.763 0.0000000000
134887  -39.116  -37.108  49.185 0.0000000000
40620  -38.275  -37.132  47.148 0.0000000000
40611  -38.285  -37.053  48.045 0.0000000000
114971  -36.737  -37.922  47.700 0.0000000000
40618  -35.767  -38.207  47.309 0.0000000000
41517  -37.156  -37.538  44.087 0.0000000000
40649  -36.466  -38.075  44.631 0.0000000000
40638  -35.981  -38.262  45.492 0.0000000000
40637  -35.024  -38.398  45.647 0.0000000000
40627  -34.726  -38.506  46.354 0.0000000000
39763  -32.960  -38.853  45.867 0.0000000000
112889  -31.508  -38.895  44.053 0.0000000000
39776  -31.432  -38.868  44.867 0.0000000000
111836  -29.791  -38.871  43.717 0.0000000000
46153  -34.660  -32.650  37.547 0.0000000000
48733  -43.141  -30.449  49.215 0.0000000000
48720  -43.188  -29.860  49.772 0.0000000000
49546  -43.590  -28.539  51.982 0.0000000000
118717  -23.171  -40.520  60.657 0.0000000000
113945  -23.751  -40.760  59.984 0.0000000000
37779  -24.150  -40.484  60.576 0.0000000000
37792  -24.275  -40.783  60.024 0.0000000000
37793  -24.754  -40.634  60.119 0.0000000000
37805  -24.923  -41.035  59.370 0.0000000000
37806  -25.324  -40.566  59.595 0.0000000000
38685  -25.661  -39.910  59.836 0.0000000000
37807  -25.482  -40.865  58.653 0.0000000000
38697  -26.132  -40.230  57.986 0.0000000000
120996  -26.943  -39.868  57.598 0.0000000000
37821  -26.863  -40.380  57.356 0.0000000000
38698  -27.995  -39.970  57.326 0.0000000000
38699  -29.179  -39.736  57.295 0.0000000000
39625  -29.777  -39.247  57.822 0.0000000000
38700  -30.084  -39.598  57.441 0.0000000000
122696  -30.376  -39.817  57.053 0.0000000000
38717  -31.257  -39.677  57.220 0.0000000000
130103  -32.468  -39.662  56.891 0.0000000000
131239  -34.223  -39.408  57.584 0.0000000000
38719  -34.027  -39.630  56.989 0.0000000000
38748  -35.645  -39.588  55.780 0.0000000000
112704  -35.969  -39.138  56.730 0.0000000000
114834  -35.949  -39.392  56.368 0.0000000000
38764  -36.381  -39.432  55.380 0.0000000000
39658  -37.579  -39.121  54.902 0.0000000000
39649  -38.013  -38.953  55.506 0.0000000000
115859  -37.937  -38.839  54.364 0.0000000000
39683  -39.093  -38.073  53.581 0.0000000000
117145  -39.777  -37.721  52.655 0.0000000000
41443  -41.294  -37.020  53.521 0.0000000000
41460  -41.023  -36.798  51.822 0.0000000000
42308  -41.456  -35.998  50.859 0.0000000000
42309  -41.928  -35.613  51.022 0.0000000000
43202  -42.477  -35.062  52.147 0.0000000000
113803  -42.249  -35.373  51.561 0.0000000000
43236  -42.413  -34.577  50.367 0.0000000000
45113  -42.737  -33.644  50.564 0.0000000000
129654  -43.007  -33.527  51.252 0.0000000000
45114  -43.197  -33.004  50.959 0.0000000000
45129  -43.016  -32.702  50.310 0.0000000000
46919  -43.513  -31.366  49.856 0.0000000000
116304  -42.358  -28.410  49.425 0.0000000000
50358  -42.161  -27.237  48.906 0.0000000000
52100  -42.988  -25.761  47.940 0.0000000000
119053  -44.489  -25.441  51.641 0.0000000000
52085  -44.744  -25.302  50.689 0.0000000000
52084  -44.016  -25.526  50.226 0.0000000000
52110  -43.893  -25.563  47.513 0.0000000000
52121  -44.828  -25.332  46.381 0.0000000000
52122  -45.751  -25.272  46.067 0.0000000000
53820  -47.559  -22.975  49.351 0.0000000000
52981  -47.731  -24.093  47.475 0.0000000000
52113  -47.386  -24.590  46.834 0.0000000000
112523  -47.274  -24.905  45.918 0.0000000000
114368  -47.202  -25.215  45.291 0.0000000000
52141  -47.735  -25.536  44.756 0.0000000000
51216  -48.783  -26.124  43.626 0.0000000000
51217  -49.591  -26.279  43.494 0.0000000000
54730  -49.968  -23.097  45.680 0.0000000000
53857  -50.175  -23.620  45.363 0.0000000000
53868  -50.788  -23.706  44.718 0.0000000000
53006  -50.972  -24.375  44.512 0.0000000000
52143  -51.068  -25.035  44.200 0.0000000000
51219  -51.079  -25.912  42.988 0.0000000000
51236  -50.701  -26.459  42.433 0.0000000000
51237  -51.281  -26.145  42.148 0.0000000000
51255  -51.429  -26.394  41.468 0.0000000000
52183  -51.555  -25.973  41.283 0.0000000000
117266  -51.357  -24.356  42.744 0.0000000000
118130  -51.354  -25.249  41.987 0.0000000000
52182  -51.393  -25.555  41.084 0.0000000000
53051  -50.753  -24.985  40.763 0.0000000000
125697  -50.478  -18.800  43.113 0.0000000000
112611  -50.424  -20.322  42.753 0.0000000000
60369  -50.204  -15.513  41.409 0.0000000000
59450  -50.147  -16.580  41.417 0.0000000000
58601  -49.872  -17.986  41.238 0.0000000000
58590  -50.071  -18.431  41.587 0.0000000000
113750  -50.139  -19.788  42.372 0.0000000000
56588  -50.373  -20.752  42.756 0.0000000000
55627  -50.306  -21.689  42.731 0.0000000000
54769  -49.850  -22.676  42.458 0.0000000000
54781  -48.787  -22.461  42.255 0.0000000000
53060  -49.778  -24.648  40.336 0.0000000000
128515  -48.949  -24.280  39.861 0.0000000000
53069  -48.378  -23.993  39.258 0.0000000000
129058  -46.659  -23.680  40.174 0.0000000000
53068  -47.330  -24.024  39.287 0.0000000000
53929  -47.272  -23.792  38.316 0.0000000000
131086  -45.192  -21.051  38.620 0.0000000000
54798  -45.016  -22.291  38.799 0.0000000000
53927  -45.627  -23.414  38.480 0.0000000000
53939  -45.858  -23.555  37.613 0.0000000000
111674  -46.953  -14.344  37.492 0.0000000000
127719  -46.062  -16.140  36.957 0.0000000000
59506  -45.564  -17.255  36.572 0.0000000000
61254  -45.893  -15.677  34.320 0.0000000000
60422  -45.430  -16.408  34.729 0.0000000000
60421  -44.817  -16.953  34.371 0.0000000000
126227  -44.161  -18.870  35.558 0.0000000000
57712  -43.780  -19.655  35.663 0.0000000000
37802  -21.810  -40.665  59.468 0.0000000000
38727  -19.815  -40.795  55.944 0.0000000000
34704  -19.856  -45.101  52.333 0.0000000000
35451  -19.636  -44.273  52.730 0.0000000000
36950  -24.818  -41.575  57.215 0.0000000000
37872  -23.807  -41.578  54.549 0.0000000000
38759  -23.241  -40.734  55.247 0.0000000000
38772  -20.666  -40.796  52.797 0.0000000000
37016  -22.842  -41.712  50.497 0.0000000000
133608  -22.183  -41.527  50.437 0.0000000000
130969  -22.342  -41.350  50.999 0.0000000000
37940  -20.931  -41.932  49.468 0.0000000000
37920  -21.489  -41.043  51.444 0.0000000000
37919  -20.622  -41.370  51.281 0.0000000000
37918  -19.927  -41.794  51.715 0.0000000000
125533  -19.719  -42.479  51.378 0.0000000000
34715  -19.735  -44.929  50.355 0.0000000000
34723  -20.040  -45.761  49.956 0.0000000000
32504  -20.729  -47.983  46.246 0.0000000000
37894  -31.076  -40.511  53.446 0.0000000000
37925  -31.341  -39.760  51.987 0.0000000000
37909  -31.199  -40.195  52.769 0.0000000000
37908  -30.615  -40.376  52.948 0.0000000000
38795  -30.190  -40.076  52.389 0.0000000000
125014  -28.865  -39.979  52.006 0.0000000000
38822  -27.675  -39.549  50.967 0.0000000000
38835  -30.698  -39.681  49.145 0.0000000000
38834  -29.843  -39.780  49.467 0.0000000000
39724  -28.629  -39.400  48.310 0.0000000000
38833  -28.920  -39.636  49.725 0.0000000000
39703  -27.968  -39.524  49.947 0.0000000000
39702  -27.000  -39.529  50.198 0.0000000000
38855  -24.289  -40.515  48.259 0.0000000000
39733  -24.324  -40.017  47.515 0.0000000000
129733  -23.929  -40.847  47.808 0.0000000000
37952  -23.586  -41.390  47.633 0.0000000000
37046  -22.989  -42.016  46.405 0.0000000000
117890  -27.220  -39.394  42.879 0.0000000000
39792  -26.383  -39.386  43.223 0.0000000000
39803  -25.799  -39.580  42.826 0.0000000000
39791  -25.654  -39.439  43.672 0.0000000000
128932  -25.158  -39.765  43.330 0.0000000000
38910  -24.532  -40.129  43.789 0.0000000000
37984  -24.412  -40.951  43.479 0.0000000000
37975  -24.088  -40.827  44.324 0.0000000000
37974  -23.662  -41.581  44.856 0.0000000000
36285  -23.973  -43.889  43.383 0.0000000000
37063  -23.592  -42.433  44.379 0.0000000000
36260  -23.067  -43.127  44.669 0.0000000000
36259  -22.446  -43.690  44.838 0.0000000000
35533  -22.271  -44.354  44.247 0.0000000000
34057  -22.675  -45.985  43.601 0.0000000000
33225  -20.771  -47.402  45.656 0.0000000000
34817  -23.060  -45.147  43.404 0.0000000000
35548  -22.157  -45.141  43.800 0.0000000000
35550  -23.572  -44.573  43.450 0.0000000000
36979  -24.278  -42.048  54.552 0.0000000000
37014  -20.267  -42.156  49.991 0.0000000000
37089  -24.943  -41.844  42.519 0.0000000000
37778  -23.065  -40.165  61.654 0.0000000000
37815  -22.232  -40.444  58.296 0.0000000000
37818  -24.584  -41.185  58.635 0.0000000000
37827  -19.229  -41.012  57.378 0.0000000000
37901  -20.273  -41.311  52.211 0.0000000000
38705  -34.837  -39.242  57.543 0.0000000000
38734  -35.350  -39.415  56.837 0.0000000000
38758  -22.990  -40.757  54.300 0.0000000000
38796  -32.253  -39.668  52.311 0.0000000000
38843  -24.787  -40.090  48.796 0.0000000000
38847  -31.509  -39.489  48.856 0.0000000000
38879  -24.248  -40.036  45.620 0.0000000000
39804  -26.523  -39.489  42.351 0.0000000000
40695  -33.134  -38.414  42.608 0.0000000000
41502  -39.267  -36.511  47.026 0.0000000000
41524  -35.367  -37.989  42.990 0.0000000000
42356  -39.339  -36.139  45.875 0.0000000000
44308  -37.372  -34.338  41.314 0.0000000000
46051  -43.164  -31.682  49.336 0.0000000000
49559  -42.783  -29.157  49.765 0.0000000000
52158  -50.835  -25.634  43.758 0.0000000000
53058  -47.201  -24.066  40.123 0.0000000000
53880  -51.432  -23.967  43.487 0.0000000000
53915  -46.112  -23.366  39.853 0.0000000000
55661  -44.689  -21.649  38.345 0.0000000000
56642  -44.397  -20.656  37.335 0.0000000000
59519  -45.526  -17.052  35.894 0.0000000000
61176  -49.479  -15.783  42.751 0.0000000000
61198  -50.013  -14.701  41.357 0.0000000000
64621  -50.121  -11.225  35.982 0.0000000000
112592  -32.520  -38.872  45.208 0.0000000000
113409  -21.498  -41.311  50.650 0.0000000000
119724  -37.161  -37.876  46.184 0.0000000000
127606  -28.068  -39.446  42.725 0.0000000000
130870  -31.517  -39.087  47.297 0.0000000000
131146  -28.607  -39.657  50.468 0.0000000000
131636  -24.117  -41.972  54.543 0.0000000000
133775  -26.187  -39.720  50.342 0.0000000000
134371  -38.541  -33.226  42.385 0.0000000000
135309  -48.347  -22.829  48.385 0.0000000000
