#!ascii label  , from subject bert vox2ras=TkReg
912
60906  -19.054  -15.754  -19.388 0.5555555820
119767  -19.681  -15.479  -20.672 0.6666666865
62613  -19.948  -14.583  -21.366 0.7777777910
62614  -20.606  -14.936  -21.640 0.7777777910
63448  -20.840  -13.503  -22.240 0.8888888955
120539  -22.720  -13.828  -22.831 0.8888888955
61760  -18.623  -15.375  -18.672 0.5555555820
111986  -18.762  -14.864  -19.185 0.5555555820
62607  -19.476  -14.617  -20.693 0.6666666865
63439  -19.558  -13.881  -21.215 0.8888888955
62624  -21.342  -14.396  -22.215 0.8888888955
63449  -21.772  -13.684  -22.687 0.8888888955
64312  -22.078  -12.918  -23.216 1.0000000000
63458  -22.746  -13.328  -23.299 0.8888888955
65147  -22.858  -12.021  -24.097 1.0000000000
134524  -18.749  -13.545  -19.653 0.7777777910
127611  -19.462  -12.487  -21.320 1.0000000000
65130  -19.281  -11.746  -21.421 1.0000000000
64303  -19.905  -12.267  -21.864 1.0000000000
66007  -20.950  -11.114  -23.253 1.0000000000
65138  -19.768  -11.600  -22.085 1.0000000000
66006  -20.303  -10.265  -23.000 1.0000000000
66015  -21.539  -10.819  -24.015 1.0000000000
65159  -23.089  -11.387  -24.430 1.0000000000
66014  -20.891  -10.277  -23.748 1.0000000000
131243  -21.398  -10.193  -24.226 1.0000000000
66028  -22.704  -10.667  -24.706 1.0000000000
67689  -21.917  -9.007  -24.997 1.0000000000
67690  -22.822  -9.376  -25.267 0.7777777910
65998  -18.777  -10.362  -21.577 0.8888888955
112487  -19.290  -11.010  -21.904 1.0000000000
66005  -19.436  -10.165  -22.314 1.0000000000
66869  -20.415  -9.578  -23.491 1.0000000000
67673  -20.524  -8.791  -23.962 1.0000000000
67674  -21.207  -9.099  -24.478 1.0000000000
67691  -23.439  -8.802  -25.203 0.8888888955
67709  -22.654  -8.434  -25.361 1.0000000000
68521  -23.372  -7.875  -25.326 0.7777777910
68502  -24.114  -8.203  -24.836 0.7777777910
67658  -17.998  -8.036  -21.182 0.5555555820
69317  -19.089  -6.505  -22.852 0.7777777910
67664  -19.432  -8.042  -22.632 0.8888888955
67672  -19.985  -7.992  -23.411 1.0000000000
68486  -19.522  -7.229  -23.017 0.8888888955
68492  -20.368  -7.941  -24.128 1.0000000000
67688  -20.974  -8.288  -24.727 1.0000000000
68501  -21.750  -8.005  -25.256 1.0000000000
68520  -22.537  -7.398  -25.587 0.8888888955
68519  -21.573  -7.174  -25.495 1.0000000000
69353  -23.408  -6.227  -25.740 0.7777777910
134479  -24.626  -6.872  -24.611 0.6666666865
69354  -24.088  -6.377  -25.126 0.6666666865
69310  -17.837  -6.316  -21.472 0.4444444478
69316  -18.627  -6.605  -22.352 0.7777777910
129605  -18.571  -5.944  -22.446 0.6666666865
69324  -19.275  -6.141  -23.516 0.7777777910
68500  -19.710  -6.620  -24.118 0.8888888955
132619  -21.021  -7.580  -25.125 1.0000000000
69333  -20.060  -6.506  -24.847 1.0000000000
69350  -20.547  -6.287  -25.400 1.0000000000
69351  -21.316  -6.390  -25.848 1.0000000000
69363  -22.144  -6.111  -26.304 0.8888888955
70197  -22.941  -5.727  -26.177 0.7777777910
69334  -24.948  -6.195  -24.472 0.5555555820
70198  -23.725  -5.531  -25.608 0.7777777910
70183  -24.487  -5.521  -24.804 0.6666666865
130526  -18.661  -4.449  -23.133 0.6666666865
134773  -18.679  -5.376  -22.755 0.6666666865
70174  -19.114  -5.460  -23.551 0.7777777910
70988  -18.923  -4.574  -23.617 0.7777777910
69332  -19.490  -5.872  -24.310 0.8888888955
69349  -20.047  -5.816  -25.156 0.8888888955
70194  -19.601  -5.150  -24.733 1.0000000000
70195  -20.250  -5.072  -25.515 1.0000000000
70206  -20.823  -5.047  -26.318 1.0000000000
71033  -22.124  -4.586  -26.564 0.8888888955
70209  -22.839  -4.980  -26.300 0.8888888955
133123  -23.268  -5.239  -26.002 0.7777777910
71938  -21.413  -4.168  -26.692 0.8888888955
71015  -22.771  -4.184  -26.108 0.7777777910
71017  -24.153  -4.911  -25.155 0.7777777910
71003  -24.809  -4.727  -24.525 0.6666666865
70979  -18.457  -4.083  -22.842 0.6666666865
70167  -18.411  -4.650  -22.476 0.5555555820
70980  -18.598  -3.859  -23.409 0.7777777910
71001  -19.207  -4.464  -24.333 0.8888888955
71922  -19.662  -3.524  -25.473 1.0000000000
71013  -19.681  -4.385  -25.110 1.0000000000
133998  -20.950  -4.475  -26.593 1.0000000000
71032  -21.454  -4.902  -26.640 0.8888888955
71924  -22.721  -3.288  -25.942 0.7777777910
122725  -23.330  -2.984  -25.428 0.7777777910
71908  -23.915  -3.211  -24.972 0.6666666865
71909  -24.534  -3.404  -24.527 0.5555555820
119362  -25.058  -3.919  -24.328 0.5555555820
71876  -18.334  -3.304  -23.127 0.6666666865
71000  -18.801  -3.721  -24.095 0.8888888955
71907  -18.926  -3.228  -24.796 1.0000000000
71923  -20.354  -3.456  -26.212 1.0000000000
72820  -20.715  -2.897  -26.785 0.8888888955
114216  -21.288  -3.322  -26.816 0.8888888955
72821  -21.212  -2.404  -27.123 0.8888888955
71939  -22.005  -3.746  -26.469 0.8888888955
72809  -22.860  -2.360  -25.776 0.7777777910
73643  -23.229  -1.571  -25.277 0.7777777910
72793  -23.665  -2.350  -24.958 0.7777777910
72794  -24.399  -2.704  -24.465 0.5555555820
74486  -22.099  -0.740  -26.603 0.7777777910
73644  -23.799  -1.615  -24.673 0.5555555820
72795  -24.901  -2.142  -24.003 0.5555555820
74469  -23.613  -0.811  -24.779 0.6666666865
73614  -17.486  -1.715  -22.401 0.4444444478
72764  -18.124  -2.657  -23.353 0.5555555820
73642  -18.467  -1.872  -24.275 0.7777777910
72792  -18.717  -2.542  -24.749 1.0000000000
72778  -18.290  -2.671  -23.970 0.8888888955
72806  -19.168  -2.103  -25.447 1.0000000000
129807  -20.287  -2.320  -26.561 0.8888888955
73687  -20.663  -1.300  -27.293 0.8888888955
72834  -20.735  -2.036  -27.158 0.8888888955
73677  -21.135  -1.575  -27.416 0.8888888955
73661  -21.799  -1.733  -26.860 0.8888888955
74487  -22.851  -0.781  -25.592 0.6666666865
73645  -24.446  -1.305  -24.281 0.5555555820
75268  -17.389  0.397  -23.413 0.6666666865
74453  -17.396  -0.600  -23.128 0.6666666865
74468  -18.291  -0.296  -24.646 0.7777777910
133838  -18.991  -0.928  -25.589 0.8888888955
74485  -19.288  -0.377  -26.349 0.7777777910
74501  -20.086  -0.174  -26.958 0.7777777910
125207  -19.999  -0.915  -26.812 0.8888888955
123139  -20.405  0.531  -26.941 0.7777777910
74502  -21.025  -0.881  -27.508 0.8888888955
75312  -21.087  0.438  -26.985 0.7777777910
74503  -21.360  -0.387  -27.190 0.7777777910
76141  -21.401  1.154  -26.467 0.6666666865
117747  -22.139  0.970  -25.872 0.6666666865
75295  -22.524  0.066  -25.828 0.6666666865
76115  -22.472  1.697  -25.289 0.6666666865
75282  -23.801  0.173  -24.604 0.5555555820
132835  -24.306  -0.492  -24.393 0.4444444478
123421  -23.625  0.962  -24.514 0.5555555820
76897  -16.441  2.544  -22.604 0.3333333433
125897  -16.820  2.357  -23.085 0.3333333433
76113  -17.648  1.340  -24.126 0.5555555820
125988  -17.949  2.052  -24.639 0.5555555820
76125  -18.735  1.345  -25.749 0.7777777910
75310  -19.322  1.360  -26.313 0.7777777910
76138  -19.682  2.193  -26.502 0.6666666865
120898  -19.986  1.330  -26.727 0.6666666865
119332  -20.728  1.275  -26.748 0.6666666865
76140  -21.105  2.059  -26.562 0.6666666865
76937  -22.084  2.564  -25.456 0.6666666865
76927  -22.781  2.415  -24.775 0.6666666865
76116  -23.205  1.598  -24.653 0.5555555820
76928  -23.562  2.283  -24.250 0.5555555820
76898  -16.806  3.258  -23.423 0.4444444478
77693  -16.382  2.808  -22.546 0.4444444478
76914  -17.401  3.731  -24.345 0.5555555820
76925  -17.903  2.920  -24.888 0.5555555820
76926  -18.368  3.168  -25.769 0.6666666865
123462  -18.968  2.413  -26.154 0.6666666865
135100  -19.420  2.968  -26.555 0.6666666865
76139  -20.395  2.106  -26.635 0.6666666865
76947  -21.337  2.894  -26.239 0.6666666865
77737  -21.792  3.375  -25.397 0.6666666865
77725  -23.133  3.273  -24.293 0.6666666865
77711  -23.697  3.964  -23.649 0.5555555820
133548  -24.167  2.875  -23.741 0.6666666865
78508  -17.536  4.577  -24.376 0.4444444478
77734  -19.123  4.355  -26.208 0.6666666865
76936  -18.947  3.467  -26.313 0.6666666865
77735  -19.828  4.433  -26.352 0.6666666865
76945  -20.058  2.922  -26.674 0.6666666865
77746  -19.633  3.656  -26.564 0.6666666865
77724  -22.350  3.805  -24.666 0.6666666865
63440  -20.322  -14.118  -21.804 0.8888888955
64288  -19.214  -13.050  -20.937 1.0000000000
65139  -20.550  -11.933  -22.522 1.0000000000
65146  -22.381  -12.253  -23.722 1.0000000000
122878  -18.208  -5.778  -21.973 0.5555555820
70207  -21.422  -5.619  -26.367 0.8888888955
74429  -16.736  -1.119  -22.211 0.5555555820
71888  -18.371  -3.197  -23.732 0.7777777910
72807  -19.257  -2.752  -25.448 1.0000000000
133210  -22.346  -2.086  -26.328 0.8888888955
73599  -17.121  -1.476  -22.034 0.2222222239
75311  -19.618  0.519  -26.647 0.7777777910
129054  -17.953  3.719  -25.231 0.6666666865
78539  -18.608  5.104  -25.628 0.6666666865
70157  -18.467  -5.237  -22.423 0.4444444478
76915  -24.919  2.140  -23.638 0.5555555820
77680  -16.502  4.481  -21.508 0.2222222239
77694  -16.657  3.473  -23.216 0.3333333433
77712  -24.710  3.637  -23.300 0.5555555820
113600  -19.812  -17.422  -19.504 0.5555555820
60077  -20.082  -17.244  -20.110 0.5555555820
61768  -19.569  -16.073  -20.268 0.6666666865
61776  -20.040  -16.188  -21.019 0.5555555820
61785  -20.638  -15.860  -21.438 0.5555555820
62626  -22.343  -14.385  -22.392 0.7777777910
60068  -19.311  -17.200  -18.711 0.5555555820
62615  -21.322  -15.177  -21.757 0.6666666865
128571  -21.911  -14.638  -22.187 0.8888888955
63450  -23.124  -13.784  -22.902 0.7777777910
63459  -23.018  -13.399  -23.336 0.7777777910
65148  -23.395  -12.127  -24.021 0.8888888955
128829  -18.310  -16.119  -17.548 0.4444444478
63418  -18.452  -13.982  -18.948 0.5555555820
63425  -18.521  -13.078  -19.100 0.2222222239
64287  -18.762  -12.788  -20.064 0.6666666865
66029  -23.402  -10.720  -24.748 0.8888888955
131829  -23.646  -10.220  -24.994 0.6666666865
67692  -24.172  -9.108  -24.806 0.6666666865
65122  -18.551  -11.071  -20.449 0.5555555820
67693  -25.059  -8.499  -24.400 0.6666666865
66835  -17.973  -9.449  -20.688 0.4444444478
122350  -24.801  -7.581  -24.521 0.5555555820
69335  -25.992  -6.138  -24.288 0.5555555820
68467  -17.124  -7.203  -20.443 0.2222222239
70184  -25.405  -5.400  -24.337 0.5555555820
70138  -17.833  -5.754  -21.503 0.4444444478
70962  -18.378  -4.262  -22.286 0.3333333433
135165  -25.896  -4.522  -24.112 0.5555555820
72763  -18.012  -2.571  -22.715 0.4444444478
71889  -26.366  -3.132  -23.751 0.4444444478
72738  -17.479  -1.814  -21.935 0.3333333433
74470  -25.027  -0.644  -24.066 0.4444444478
76882  -16.247  2.030  -22.077 0.3333333433
76089  -16.225  1.402  -22.013 0.3333333433
75255  -16.405  0.544  -22.205 0.4444444478
122283  -24.328  0.795  -24.216 0.4444444478
76105  -24.684  1.422  -23.895 0.4444444478
124674  -25.102  2.820  -23.390 0.2222222239
78490  -17.242  4.308  -23.914 0.3333333433
77722  -17.930  4.478  -25.093 0.6666666865
78542  -20.565  4.383  -26.020 0.6666666865
77723  -21.463  4.232  -25.136 0.6666666865
78531  -22.331  4.516  -24.433 0.6666666865
78532  -22.999  4.328  -24.126 0.6666666865
77713  -25.897  3.245  -23.054 0.3333333433
62598  -19.270  -15.166  -19.992 0.6666666865
60907  -19.513  -16.756  -19.650 0.6666666865
61784  -20.037  -15.314  -21.206 0.7777777910
64305  -21.272  -12.798  -22.607 1.0000000000
64304  -20.491  -12.719  -22.167 1.0000000000
64295  -19.942  -13.148  -21.655 1.0000000000
62625  -22.202  -14.192  -22.600 0.8888888955
60896  -18.829  -16.205  -18.500 0.5555555820
61751  -18.244  -15.438  -17.973 0.4444444478
116277  -18.937  -14.296  -19.811 0.6666666865
63432  -19.061  -13.692  -20.424 0.8888888955
130253  -22.644  -12.875  -23.525 1.0000000000
65140  -21.519  -12.100  -23.191 1.0000000000
64313  -22.943  -12.775  -23.719 1.0000000000
66016  -22.337  -11.316  -24.230 1.0000000000
65123  -18.986  -12.253  -20.796 0.8888888955
123387  -18.810  -11.599  -20.821 0.8888888955
65129  -18.760  -11.048  -21.198 0.8888888955
115276  -19.990  -11.030  -22.568 1.0000000000
114695  -21.752  -11.527  -23.737 1.0000000000
66859  -19.904  -9.576  -22.811 1.0000000000
66027  -21.979  -10.474  -24.539 1.0000000000
66870  -20.967  -9.633  -24.127 1.0000000000
66885  -21.637  -9.738  -24.591 1.0000000000
66886  -22.346  -9.948  -25.008 1.0000000000
66887  -23.067  -10.140  -25.149 0.8888888955
116285  -23.543  -9.637  -25.151 0.7777777910
66847  -18.813  -9.697  -21.790 1.0000000000
66846  -18.372  -9.797  -21.272 0.5555555820
65989  -18.281  -10.324  -20.784 0.6666666865
66858  -19.237  -9.065  -22.270 0.8888888955
67665  -19.947  -8.845  -23.086 1.0000000000
68522  -24.034  -7.318  -24.944 0.6666666865
67646  -17.813  -8.681  -20.667 0.5555555820
67659  -18.676  -8.120  -21.928 0.6666666865
123028  -18.360  -8.998  -21.406 0.7777777910
68485  -18.928  -7.267  -22.397 0.7777777910
134974  -18.799  -6.216  -22.646 0.6666666865
117699  -19.486  -6.690  -23.432 0.8888888955
68491  -19.910  -7.268  -23.788 0.8888888955
132560  -20.393  -7.306  -24.592 1.0000000000
121377  -22.086  -6.733  -25.871 0.8888888955
69352  -22.783  -6.531  -25.922 0.8888888955
124643  -23.401  -6.969  -25.515 0.7777777910
125181  -25.436  -6.905  -24.374 0.5555555820
69295  -17.376  -6.472  -20.965 0.3333333433
68480  -17.719  -7.114  -21.104 0.3333333433
69311  -18.247  -6.568  -21.949 0.4444444478
68481  -18.299  -7.282  -21.822 0.6666666865
70173  -18.802  -5.078  -23.115 0.6666666865
69323  -18.925  -5.870  -23.024 0.7777777910
68518  -20.782  -6.888  -25.228 1.0000000000
70196  -20.721  -5.737  -25.832 1.0000000000
70208  -22.178  -5.347  -26.534 0.7777777910
71016  -23.498  -4.681  -25.702 0.7777777910
70182  -19.222  -5.124  -24.063 0.8888888955
71925  -23.405  -3.741  -25.506 0.7777777910
71002  -24.150  -4.096  -24.905 0.6666666865
134835  -19.217  -3.842  -24.739 0.8888888955
71014  -20.411  -4.242  -25.984 1.0000000000
71910  -25.274  -3.051  -24.059 0.5555555820
122356  -25.849  -3.710  -23.996 0.5555555820
71906  -18.501  -3.079  -24.255 0.8888888955
72808  -19.985  -2.852  -26.095 1.0000000000
72822  -21.991  -2.712  -26.466 0.8888888955
73662  -22.575  -1.542  -26.102 0.8888888955
125403  -21.464  -1.065  -27.297 0.8888888955
130104  -24.202  -2.028  -24.396 0.5555555820
73615  -17.715  -1.891  -22.958 0.5555555820
73629  -18.071  -1.967  -23.489 0.5555555820
74454  -18.110  -1.066  -23.798 0.7777777910
73660  -19.394  -1.393  -26.041 0.8888888955
73659  -18.871  -1.651  -25.150 0.7777777910
73630  -25.419  -1.436  -23.830 0.5555555820
115788  -16.869  -0.115  -22.542 0.5555555820
118816  -16.851  0.748  -22.759 0.4444444478
74467  -17.811  -0.250  -23.869 0.6666666865
75279  -17.946  0.464  -24.435 0.6666666865
73628  -17.571  -1.314  -23.094 0.7777777910
74443  -16.890  -0.866  -22.489 0.6666666865
75294  -18.928  0.476  -26.114 0.7777777910
118098  -20.800  -0.196  -27.260 0.7777777910
75313  -21.763  0.249  -26.528 0.6666666865
76126  -21.735  1.902  -26.011 0.6666666865
75281  -22.989  0.765  -25.114 0.5555555820
75296  -23.153  -0.109  -25.154 0.5555555820
75283  -24.686  0.072  -24.180 0.4444444478
76117  -23.922  1.509  -24.225 0.5555555820
76090  -16.605  1.564  -22.567 0.4444444478
125501  -17.420  2.490  -23.907 0.5555555820
76114  -18.195  1.284  -24.978 0.6666666865
118558  -22.418  3.087  -24.908 0.6666666865
77733  -18.445  4.080  -25.812 0.6666666865
77747  -20.483  3.581  -26.497 0.6666666865
77736  -21.122  3.705  -25.979 0.6666666865
71875  -18.299  -3.399  -22.583 0.4444444478
74428  -16.261  -0.986  -21.866 0.3333333433
70156  -18.240  -5.073  -21.992 0.4444444478
76916  -25.791  2.248  -23.299 0.3333333433
62627  -22.804  -14.140  -22.568 0.6666666865
60887  -18.669  -16.864  -17.659 0.5555555820
65160  -23.789  -11.287  -24.405 0.7777777910
62590  -18.307  -14.716  -18.420 0.4444444478
119831  -17.438  -8.003  -20.366 0.3333333433
67617  -17.040  -7.783  -20.001 0.1111111119
71850  -18.266  -3.268  -22.244 0.3333333433
135099  -18.116  -2.809  -22.306 0.3333333433
75241  -16.138  0.321  -21.729 0.3333333433
78511  -23.448  4.836  -23.763 0.6666666865
119477  -24.221  4.632  -23.326 0.4444444478
60080  -23.127  -17.379  -19.638 0.4444444478
60071  -25.510  -17.444  -18.449 0.2222222239
127920  -20.413  -17.578  -19.757 0.4444444478
59146  -20.934  -17.774  -19.539 0.4444444478
60086  -20.589  -17.294  -20.591 0.4444444478
123729  -20.918  -17.389  -20.968 0.4444444478
60087  -22.084  -17.182  -20.682 0.4444444478
60918  -22.807  -16.684  -20.801 0.4444444478
60909  -24.614  -16.461  -19.874 0.2222222239
60916  -21.233  -17.016  -21.231 0.4444444478
60917  -21.874  -16.906  -21.107 0.4444444478
60927  -22.456  -16.184  -21.355 0.4444444478
61770  -25.363  -15.702  -19.929 0.1111111119
61771  -26.224  -15.556  -19.443 0.1111111119
61778  -23.997  -15.764  -21.208 0.3333333433
60925  -21.215  -16.166  -21.498 0.4444444478
60926  -21.740  -16.205  -21.443 0.4444444478
61777  -23.254  -16.134  -21.180 0.3333333433
61789  -24.806  -15.319  -21.150 0.3333333433
61779  -25.326  -15.408  -20.625 0.2222222239
61787  -23.052  -15.418  -21.614 0.4444444478
61786  -21.883  -15.150  -21.760 0.5555555820
114194  -22.259  -15.486  -21.636 0.4444444478
62618  -24.861  -14.501  -21.551 0.2222222239
62619  -25.967  -14.255  -21.295 0.1111111119
63443  -26.322  -13.450  -21.516 0.1111111119
62617  -23.881  -14.361  -22.046 0.3333333433
63441  -24.364  -13.890  -22.223 0.3333333433
63460  -23.459  -13.358  -23.296 0.4444444478
64315  -23.827  -12.565  -23.680 0.6666666865
64307  -25.203  -12.436  -22.663 0.4444444478
65151  -25.941  -11.005  -23.398 0.3333333433
65149  -24.197  -11.753  -23.976 0.6666666865
66018  -25.348  -10.679  -23.903 0.5555555820
66031  -24.745  -10.285  -24.327 0.5555555820
66871  -25.531  -9.873  -23.895 0.5555555820
66019  -26.133  -10.266  -23.499 0.4444444478
66030  -24.069  -10.604  -24.682 0.5555555820
67694  -26.036  -8.349  -24.143 0.4444444478
68503  -25.793  -7.707  -24.315 0.5555555820
66889  -25.776  -9.050  -23.993 0.4444444478
78541  -19.874  5.115  -25.865 0.5555555820
78529  -20.654  5.030  -25.298 0.5555555820
78530  -21.697  5.018  -24.572 0.5555555820
78510  -22.882  5.066  -23.984 0.5555555820
78512  -23.659  5.270  -23.650 0.5555555820
59148  -22.751  -18.093  -19.120 0.4444444478
60081  -24.126  -17.221  -19.444 0.2222222239
60085  -20.044  -16.864  -20.578 0.4444444478
62609  -26.422  -14.605  -20.649 0.1111111119
63452  -24.802  -13.178  -22.371 0.4444444478
64296  -25.748  -12.892  -22.027 0.3333333433
63451  -24.047  -13.531  -22.873 0.4444444478
64316  -24.699  -12.106  -23.403 0.6666666865
65141  -25.650  -11.717  -23.087 0.4444444478
79363  -20.693  5.663  -24.728 0.5555555820
80169  -20.650  6.196  -24.371 0.5555555820
131767  -20.645  -16.877  -21.158 0.4444444478
64308  -26.191  -12.143  -22.391 0.2222222239
58230  -21.688  -19.294  -18.354 0.4444444478
59140  -22.082  -18.665  -18.737 0.4444444478
58231  -22.951  -18.808  -18.431 0.4444444478
60070  -24.576  -17.791  -18.722 0.2222222239
59142  -25.244  -18.130  -18.258 0.2222222239
60060  -25.913  -17.933  -17.882 0.1111111119
59137  -19.828  -17.955  -18.786 0.4444444478
59139  -21.162  -18.554  -18.715 0.4444444478
60910  -25.511  -16.153  -19.211 0.1111111119
60911  -26.197  -16.074  -18.876 0.1111111119
61772  -27.186  -15.349  -19.313 0.1111111119
62610  -27.186  -14.303  -20.297 0.1111111119
63444  -27.147  -13.168  -21.240 0.1111111119
64297  -26.700  -12.669  -21.803 0.1111111119
65131  -27.079  -11.896  -22.078 0.2222222239
66008  -26.590  -10.589  -23.098 0.1111111119
65142  -26.620  -11.278  -22.708 0.2222222239
66872  -26.429  -9.502  -23.587 0.2222222239
67675  -26.777  -8.647  -23.734 0.2222222239
121676  -26.585  -6.953  -24.123 0.4444444478
69336  -27.030  -6.073  -24.113 0.3333333433
70185  -26.483  -5.352  -24.140 0.3333333433
75242  -16.322  -0.491  -22.033 0.4444444478
72779  -25.908  -2.303  -23.663 0.4444444478
75269  -25.255  0.655  -23.794 0.3333333433
78528  -18.106  5.333  -24.989 0.4444444478
78494  -24.416  5.269  -23.196 0.5555555820
79376  -19.337  5.663  -25.594 0.5555555820
79362  -19.811  5.738  -25.334 0.5555555820
79344  -21.904  5.689  -24.110 0.5555555820
79345  -23.206  5.656  -23.801 0.5555555820
80168  -19.656  6.339  -24.793 0.5555555820
61794  -22.506  -14.741  -22.053 0.5555555820
62628  -23.414  -13.936  -22.685 0.6666666865
64314  -23.258  -12.893  -23.641 0.6666666865
66888  -24.174  -9.917  -24.813 0.5555555820
118615  -24.879  -9.458  -24.340 0.5555555820
62616  -23.154  -14.546  -22.151 0.3333333433
60079  -22.079  -17.502  -19.992 0.4444444478
60069  -23.658  -17.761  -19.096 0.3333333433
60088  -22.716  -17.117  -20.241 0.4444444478
60897  -25.009  -16.904  -18.989 0.1111111119
59138  -20.460  -18.200  -18.870 0.4444444478
114601  -20.896  -17.473  -20.492 0.4444444478
59147  -21.672  -17.985  -19.344 0.4444444478
60078  -21.285  -17.531  -20.082 0.4444444478
124445  -21.360  -17.360  -20.789 0.4444444478
60908  -23.572  -16.881  -20.147 0.4444444478
60919  -23.877  -16.374  -20.727 0.4444444478
61769  -24.702  -15.885  -20.644 0.2222222239
61780  -25.976  -15.178  -20.259 0.1111111119
61761  -26.812  -15.853  -18.952 0.1111111119
61788  -23.930  -14.975  -21.592 0.3333333433
62608  -25.622  -14.929  -20.980 0.2222222239
63442  -25.348  -13.684  -21.776 0.2222222239
63433  -26.783  -13.910  -20.938 0.1111111119
64306  -24.308  -12.865  -23.078 0.4444444478
66009  -27.261  -10.501  -22.690 0.1111111119
66017  -24.565  -11.044  -24.286 0.5555555820
65150  -25.101  -11.401  -23.770 0.5555555820
80147  -19.988  6.747  -24.109 0.5555555820
133438  -22.390  -19.226  -18.299 0.4444444478
59141  -23.722  -18.369  -18.570 0.4444444478
59129  -24.585  -18.611  -18.053 0.2222222239
59126  -19.531  -18.413  -17.883 0.4444444478
60898  -25.860  -16.648  -18.627 0.1111111119
62599  -26.764  -14.928  -19.923 0.1111111119
118034  -24.277  -24.774  -14.477 0.1111111119
55319  -20.359  -22.490  -16.211 0.3333333433
54468  -22.561  -23.662  -15.498 0.2222222239
53601  -23.217  -24.099  -15.149 0.2222222239
54453  -23.991  -24.051  -14.855 0.1111111119
53589  -24.882  -24.127  -14.667 0.1111111119
56193  -19.293  -21.385  -16.311 0.3333333433
128456  -19.597  -22.121  -16.019 0.3333333433
54465  -19.569  -22.889  -15.602 0.3333333433
55335  -21.740  -22.336  -16.439 0.3333333433
55336  -22.588  -22.269  -16.312 0.3333333433
55322  -23.063  -22.823  -15.800 0.2222222239
55337  -23.565  -22.147  -16.339 0.2222222239
54469  -23.593  -23.450  -15.377 0.2222222239
54454  -24.644  -23.325  -15.163 0.1111111119
55323  -24.054  -22.757  -15.778 0.2222222239
58209  -17.792  -18.918  -16.256 0.2222222239
121605  -18.200  -19.740  -16.374 0.2222222239
57219  -17.944  -20.343  -15.812 0.2222222239
55333  -19.974  -21.865  -16.493 0.3333333433
55334  -20.604  -21.889  -16.779 0.3333333433
59111  -17.945  -18.233  -16.607 0.2222222239
58219  -18.495  -19.073  -16.826 0.3333333433
58210  -19.009  -19.901  -16.973 0.3333333433
58220  -19.448  -19.174  -17.511 0.3333333433
132459  -19.826  -20.049  -17.566 0.3333333433
57232  -19.516  -20.696  -17.011 0.3333333433
57243  -20.300  -20.738  -17.525 0.3333333433
56204  -21.703  -21.282  -17.356 0.3333333433
57244  -21.119  -20.703  -17.746 0.3333333433
56205  -22.707  -21.164  -17.196 0.3333333433
57246  -23.049  -20.283  -17.565 0.3333333433
57234  -23.491  -20.826  -17.119 0.3333333433
56198  -24.323  -21.621  -16.487 0.1111111119
57235  -24.171  -20.913  -16.800 0.2222222239
60046  -18.273  -17.523  -17.021 0.2222222239
59125  -18.837  -18.352  -17.226 0.2222222239
59127  -20.034  -18.768  -18.244 0.3333333433
58221  -20.609  -19.990  -18.016 0.3333333433
134751  -21.051  -19.426  -18.307 0.3333333433
58222  -21.413  -20.028  -18.105 0.3333333433
122698  -22.267  -19.835  -18.009 0.3333333433
57247  -23.984  -20.337  -17.295 0.3333333433
60873  -17.792  -16.672  -16.815 0.3333333433
58229  -20.574  -19.054  -18.297 0.3333333433
128180  -23.020  -19.457  -17.947 0.3333333433
59128  -23.722  -18.998  -17.996 0.3333333433
68504  -26.677  -7.846  -23.972 0.2222222239
68505  -27.437  -7.417  -23.848 0.2222222239
70989  -26.704  -3.909  -23.873 0.2222222239
55320  -21.213  -22.843  -16.094 0.3333333433
55321  -22.109  -22.855  -15.855 0.3333333433
55324  -24.976  -22.563  -15.669 0.1111111119
56194  -20.831  -21.350  -17.297 0.3333333433
56196  -22.160  -21.822  -16.901 0.3333333433
56197  -23.519  -21.396  -16.749 0.3333333433
58223  -23.779  -19.681  -17.638 0.3333333433
52757  -23.747  -25.345  -14.210 0.1111111119
130416  -24.585  -25.481  -14.138 0.1111111119
54464  -18.738  -22.832  -15.130 0.3333333433
130972  -19.948  -23.715  -15.430 0.3333333433
53599  -21.788  -24.346  -15.434 0.3333333433
52740  -25.463  -25.659  -14.088 0.1111111119
56182  -18.369  -21.151  -15.744 0.3333333433
53590  -25.736  -24.335  -14.649 0.1111111119
58189  -17.698  -19.514  -15.797 0.2222222239
54470  -25.492  -23.014  -15.335 0.1111111119
58208  -17.553  -18.769  -15.798 0.2222222239
55339  -25.244  -21.818  -16.173 0.1111111119
112589  -24.981  -21.048  -16.571 0.1111111119
57248  -24.759  -20.382  -16.952 0.1111111119
121227  -24.531  -19.775  -17.383 0.1111111119
128558  -24.313  -19.217  -17.668 0.1111111119
112735  -17.556  -16.406  -16.462 0.1111111119
111803  -18.685  -11.820  -20.176 0.5555555820
60059  -19.134  -17.718  -17.836 0.4444444478
70186  -27.453  -5.405  -24.251 0.2222222239
52758  -25.167  -24.934  -14.434 0.1111111119
53588  -23.326  -24.726  -14.678 0.1111111119
54466  -20.543  -23.313  -15.803 0.3333333433
54467  -21.507  -23.549  -15.707 0.3333333433
57231  -18.692  -20.552  -16.401 0.3333333433
55318  -18.792  -22.050  -15.549 0.2222222239
134253  -21.041  -22.334  -16.547 0.3333333433
56195  -21.345  -21.886  -16.969 0.3333333433
117253  -22.902  -21.748  -16.689 0.2222222239
57233  -20.067  -21.352  -16.970 0.3333333433
55338  -24.440  -22.219  -16.162 0.1111111119
59110  -17.440  -18.120  -16.084 0.2222222239
133191  -20.123  -19.476  -17.970 0.3333333433
57245  -22.044  -20.576  -17.697 0.3333333433
60045  -17.420  -17.436  -16.369 0.2222222239
121615  -23.040  -25.352  -14.341 0.1111111119
53600  -22.563  -24.492  -15.145 0.2222222239
53598  -20.765  -24.246  -15.504 0.3333333433
118113  -17.994  -21.664  -15.080 0.2222222239
120990  -27.635  -6.708  -24.051 0.1111111119
68506  -28.252  -7.198  -23.866 0.1111111119
69325  -28.895  -6.969  -24.027 0.1111111119
69337  -28.522  -6.566  -24.231 0.1111111119
125146  -28.227  -5.515  -24.522 0.1111111119
70187  -28.784  -5.957  -24.586 0.1111111119
71004  -27.068  -4.689  -24.018 0.1111111119
71005  -27.934  -4.890  -24.421 0.1111111119
70990  -27.636  -4.109  -23.991 0.1111111119
75270  -26.220  0.101  -23.590 0.1111111119
132745  -25.402  -0.104  -23.837 0.2222222239
123103  -26.041  0.874  -23.479 0.1111111119
74455  -25.885  -0.723  -23.709 0.1111111119
75271  -27.307  0.063  -23.576 0.1111111119
78540  -19.280  5.151  -25.920 0.4444444478
76106  -25.527  1.463  -23.541 0.1111111119
79343  -18.865  6.586  -24.533 0.4444444478
80167  -19.160  6.161  -25.269 0.4444444478
76107  -26.545  1.486  -23.404 0.1111111119
134867  -24.806  4.858  -23.150 0.3333333433
78513  -25.368  4.324  -22.959 0.2222222239
121325  -26.394  3.980  -22.856 0.1111111119
76917  -26.748  2.445  -23.346 0.1111111119
77714  -27.079  3.374  -23.219 0.1111111119
80148  -21.219  6.458  -23.872 0.4444444478
80948  -21.783  6.972  -23.430 0.4444444478
80149  -22.472  6.273  -23.752 0.4444444478
80949  -22.787  6.893  -23.449 0.4444444478
80150  -23.421  6.421  -23.501 0.4444444478
80151  -24.067  6.653  -22.987 0.4444444478
80134  -24.702  6.355  -22.706 0.4444444478
79332  -24.842  5.768  -22.803 0.2222222239
80136  -26.094  6.278  -22.748 0.2222222239
79333  -25.774  5.622  -22.721 0.2222222239
79346  -26.702  5.649  -22.915 0.2222222239
117067  -27.373  5.046  -23.146 0.2222222239
113452  -27.381  10.160  -26.126 0.1111111119
81804  -27.855  8.646  -25.540 0.1111111119
79365  -28.254  5.593  -24.450 0.1111111119
80146  -19.107  6.855  -24.142 0.4444444478
80946  -19.412  7.434  -23.636 0.4444444478
80947  -20.521  7.146  -23.455 0.3333333433
81793  -22.416  7.540  -22.999 0.4444444478
81795  -23.988  7.974  -22.671 0.4444444478
80950  -23.519  7.262  -23.013 0.4444444478
80935  -24.694  7.363  -22.606 0.4444444478
119504  -24.530  9.205  -22.433 0.3333333433
80936  -25.969  7.522  -22.928 0.3333333433
126384  -26.595  6.860  -23.102 0.1111111119
80951  -27.042  7.542  -23.456 0.1111111119
80152  -26.904  6.269  -23.090 0.2222222239
80153  -27.458  6.704  -23.582 0.1111111119
80956  -27.709  7.483  -24.111 0.1111111119
80945  -18.976  7.590  -23.743 0.2222222239
80934  -21.207  7.758  -23.033 0.3333333433
81783  -21.984  8.417  -22.481 0.3333333433
81794  -23.123  8.040  -22.570 0.3333333433
81785  -25.431  8.955  -22.723 0.2222222239
81786  -25.943  8.382  -23.003 0.2222222239
81796  -26.669  8.310  -23.371 0.1111111119
82515  -25.920  9.889  -22.987 0.1111111119
82516  -26.724  9.767  -23.576 0.1111111119
123944  -27.437  8.283  -23.935 0.1111111119
83191  -26.503  10.520  -23.514 0.1111111119
82518  -27.288  9.764  -24.181 0.1111111119
81799  -27.616  9.058  -24.643 0.1111111119
80933  -19.984  7.997  -23.164 0.3333333433
81782  -20.688  8.657  -22.764 0.3333333433
82504  -20.363  9.476  -22.381 0.3333333433
126712  -21.307  9.259  -22.448 0.3333333433
120188  -22.954  8.745  -22.253 0.3333333433
82507  -25.142  9.712  -22.522 0.2222222239
83190  -25.880  10.717  -23.111 0.1111111119
83198  -26.976  10.987  -24.036 0.1111111119
83201  -27.426  10.497  -25.391 0.1111111119
83896  -25.978  11.788  -26.687 0.1111111119
82485  -19.335  10.475  -21.975 0.1111111119
83165  -19.765  11.051  -21.688 0.1111111119
82487  -21.292  10.091  -22.014 0.2222222239
133918  -21.756  10.660  -21.635 0.2222222239
82505  -22.286  9.388  -22.160 0.3333333433
82488  -22.607  10.355  -21.828 0.2222222239
82506  -23.521  9.508  -22.064 0.3333333433
82489  -23.706  10.378  -21.877 0.2222222239
83169  -24.280  10.911  -22.129 0.1111111119
119740  -24.767  11.720  -22.885 0.1111111119
83877  -25.392  11.244  -23.028 0.1111111119
83887  -26.657  11.614  -24.377 0.1111111119
83888  -27.208  11.168  -24.791 0.1111111119
83203  -26.983  10.221  -26.710 0.1111111119
82526  -26.853  9.623  -27.041 0.1111111119
83857  -20.492  11.254  -20.886 0.1111111119
83166  -20.954  10.895  -21.442 0.1111111119
83858  -21.510  11.734  -20.843 0.1111111119
84551  -22.667  12.837  -21.480 0.1111111119
83860  -22.979  11.992  -21.569 0.1111111119
83168  -23.324  11.111  -21.748 0.2222222239
120415  -23.768  11.722  -22.044 0.1111111119
85233  -24.929  12.884  -23.468 0.1111111119
84568  -25.321  11.978  -23.548 0.1111111119
84569  -26.040  11.985  -24.072 0.1111111119
83849  -21.865  12.926  -20.462 0.1111111119
116682  -22.679  13.671  -21.637 0.1111111119
84552  -23.283  12.652  -21.970 0.1111111119
85225  -23.464  13.645  -22.173 0.1111111119
114467  -24.312  13.196  -22.806 0.1111111119
85223  -21.936  14.718  -21.151 0.1111111119
85222  -21.655  15.333  -20.448 0.1111111119
118250  -27.957  -6.059  -24.344 0.1111111119
69338  -29.151  -6.358  -24.260 0.1111111119
71890  -27.271  -3.340  -23.804 0.1111111119
71891  -28.007  -3.564  -24.127 0.1111111119
72780  -27.082  -2.516  -23.662 0.1111111119
124435  -26.727  0.694  -23.443 0.1111111119
131072  -19.029  6.481  -24.843 0.4444444478
78496  -26.345  4.848  -22.834 0.2222222239
128570  -27.161  4.237  -23.097 0.1111111119
79347  -27.481  5.848  -23.352 0.2222222239
115273  -27.826  8.127  -24.768 0.1111111119
80964  -28.043  7.370  -24.938 0.1111111119
131340  -27.527  9.877  -24.869 0.1111111119
83167  -22.217  11.308  -21.385 0.2222222239
83868  -24.369  11.529  -22.401 0.1111111119
85241  -25.109  13.375  -23.869 0.1111111119
85231  -23.168  14.802  -21.720 0.1111111119
69327  -29.879  -6.162  -23.326 0.1111111119
70175  -29.668  -6.114  -23.999 0.1111111119
79361  -18.825  6.276  -25.106 0.4444444478
124515  -25.336  8.112  -22.711 0.2222222239
83848  -21.235  12.001  -20.236 0.1111111119
84541  -20.919  12.128  -19.538 0.1111111119
85216  -21.548  14.299  -20.609 0.1111111119
84550  -22.118  13.549  -21.075 0.1111111119
69326  -29.384  -6.841  -23.637 0.1111111119
68494  -28.036  -7.863  -23.645 0.1111111119
70169  -30.294  -5.547  -23.099 0.1111111119
129404  -30.224  -5.078  -24.501 0.1111111119
71006  -28.854  -5.214  -24.828 0.1111111119
70189  -29.585  -4.766  -24.908 0.1111111119
70991  -28.424  -4.422  -24.550 0.1111111119
72781  -28.148  -2.774  -24.288 0.1111111119
73632  -27.437  -1.648  -23.781 0.1111111119
74457  -27.633  -0.819  -23.903 0.1111111119
79374  -18.588  5.857  -25.261 0.4444444478
76108  -27.432  0.936  -23.531 0.1111111119
77726  -27.956  3.371  -23.753 0.1111111119
76918  -27.681  2.568  -23.595 0.1111111119
80145  -18.788  7.177  -23.748 0.4444444478
78543  -28.513  4.168  -25.415 0.1111111119
79377  -28.409  5.543  -25.231 0.1111111119
81792  -18.542  8.200  -23.158 0.2222222239
80932  -19.165  8.201  -23.269 0.3333333433
81781  -19.659  8.716  -22.639 0.2222222239
80976  -27.914  7.630  -26.381 0.1111111119
82502  -19.128  9.541  -22.018 0.1111111119
81826  -27.044  8.893  -27.090 0.1111111119
82543  -26.345  9.307  -27.477 0.1111111119
82484  -18.982  10.073  -21.687 0.1111111119
83164  -18.852  11.009  -21.126 0.1111111119
83847  -20.161  11.544  -20.238 0.1111111119
83842  -19.959  11.580  -19.484 0.1111111119
83214  -25.769  10.551  -27.614 0.1111111119
84534  -21.009  13.192  -18.877 0.1111111119
85247  -25.335  13.434  -24.600 0.1111111119
85255  -25.396  13.516  -25.505 0.1111111119
84595  -25.569  12.594  -26.586 0.1111111119
85282  -24.989  12.960  -27.113 0.1111111119
84542  -21.372  13.469  -19.858 0.1111111119
85215  -21.349  14.825  -19.968 0.1111111119
85232  -23.779  14.288  -22.329 0.1111111119
85882  -24.245  14.640  -23.416 0.1111111119
85224  -22.754  14.774  -21.495 0.1111111119
79331  -24.084  5.917  -23.345 0.4444444478
70188  -29.540  -5.600  -24.469 0.1111111119
73631  -26.450  -1.549  -23.620 0.1111111119
74456  -26.844  -0.750  -23.640 0.1111111119
125559  -27.528  1.761  -23.554 0.1111111119
126001  -25.433  6.720  -22.629 0.2222222239
131600  -26.014  6.841  -22.817 0.2222222239
78514  -28.002  5.304  -23.767 0.2222222239
82527  -27.309  9.569  -26.522 0.1111111119
83204  -27.137  10.817  -26.173 0.1111111119
118228  -27.994  7.872  -25.596 0.1111111119
114420  -27.612  8.874  -26.335 0.1111111119
130515  -27.831  8.260  -26.160 0.1111111119
124268  -28.366  4.828  -24.619 0.1111111119
79364  -28.015  6.085  -23.972 0.2222222239
122811  -24.642  8.387  -22.586 0.3333333433
80170  -28.000  6.776  -24.376 0.2222222239
124861  -26.319  9.054  -23.220 0.2222222239
81797  -27.113  9.056  -23.744 0.1111111119
83192  -27.040  10.331  -23.916 0.1111111119
82503  -19.514  9.556  -22.247 0.1111111119
130789  -24.450  10.030  -22.149 0.2222222239
122205  -25.169  10.526  -22.587 0.1111111119
83878  -26.196  11.328  -23.632 0.1111111119
83894  -26.803  11.738  -25.183 0.1111111119
123357  -26.702  11.524  -26.059 0.1111111119
84587  -26.133  12.279  -25.738 0.1111111119
83897  -26.468  10.944  -26.908 0.1111111119
82475  -18.991  10.566  -21.404 0.1111111119
82486  -20.080  10.500  -22.189 0.1111111119
84577  -26.232  12.242  -24.732 0.1111111119
129170  -19.571  11.272  -20.888 0.1111111119
83859  -22.274  12.404  -21.077 0.1111111119
84561  -24.113  12.336  -22.499 0.1111111119
84562  -24.671  12.367  -23.089 0.1111111119
85240  -24.525  13.869  -23.192 0.1111111119
84576  -25.567  12.682  -24.166 0.1111111119
84586  -25.743  12.856  -25.081 0.1111111119
68495  -28.799  -7.599  -23.526 0.1111111119
129305  -27.914  4.361  -23.650 0.1111111119
80171  -28.267  6.183  -24.807 0.1111111119
80965  -28.171  7.133  -25.755 0.1111111119
85883  -24.890  14.043  -24.055 0.1111111119
85876  -23.180  15.328  -21.409 0.1111111119
70176  -30.182  -5.628  -23.963 0.1111111119
78533  -28.400  3.852  -24.463 0.1111111119
80182  -28.354  6.283  -25.789 0.1111111119
82483  -18.884  9.582  -21.791 0.1111111119
81815  -27.531  8.202  -26.810 0.1111111119
115097  -25.640  12.944  -25.877 0.1111111119
86584  -23.734  15.323  -23.563 0.1111111119
85888  -24.448  14.707  -24.357 0.1111111119
53597  -19.823  -24.434  -15.138 0.2222222239
65971  -18.129  -10.428  -19.746 0.2222222239
66834  -17.545  -8.908  -20.117 0.2222222239
63417  -18.174  -13.525  -18.443 0.3333333433
65116  -18.442  -11.180  -19.750 0.3333333433
65972  -18.231  -10.551  -20.104 0.4444444478
66818  -17.897  -9.849  -20.139 0.3333333433
78509  -18.060  5.353  -24.500 0.2222222239
80131  -18.535  7.655  -23.414 0.1111111119
80944  -18.503  7.844  -23.380 0.1111111119
76074  -16.080  0.999  -21.706 0.2222222239
115449  -16.129  -0.450  -21.677 0.1111111119
64281  -18.528  -12.102  -19.335 0.2222222239
75227  -16.121  0.025  -21.588 0.1111111119
77668  -16.377  3.989  -19.821 0.1111111119
78463  -17.257  5.345  -20.278 0.1111111119
78491  -17.740  5.516  -22.642 0.1111111119
80931  -18.267  8.104  -23.058 0.1111111119
128993  -16.828  5.221  -21.067 0.1111111119
62589  -18.052  -14.142  -18.268 0.2222222239
69294  -17.100  -6.694  -20.572 0.1111111119
70155  -18.084  -5.239  -21.671 0.3333333433
79360  -18.512  6.097  -24.860 0.3333333433
79342  -18.771  6.561  -24.228 0.3333333433
65115  -18.408  -11.362  -19.307 0.2222222239
79328  -18.015  5.984  -22.782 0.1111111119
78479  -18.178  5.394  -21.677 0.1111111119
114155  -17.027  5.155  -21.994 0.1111111119
64298  -27.450  -12.377  -21.469 0.1111111119
120530  -19.761  -25.089  -14.842 0.1111111119
53586  -21.292  -24.952  -15.202 0.1111111119
113939  -21.774  -25.398  -14.750 0.1111111119
131386  -18.360  -24.563  -14.000 0.1111111119
53583  -18.263  -23.965  -14.346 0.1111111119
54452  -19.065  -23.684  -15.008 0.1111111119
55309  -18.124  -22.395  -14.862 0.1111111119
63388  -17.923  -14.663  -17.708 0.1111111119
66817  -17.744  -9.411  -19.897 0.1111111119
72749  -17.757  -2.143  -22.192 0.2222222239
130869  -17.962  -2.578  -21.986 0.2222222239
53584  -19.066  -24.669  -14.577 0.1111111119
52752  -18.775  -25.228  -13.900 0.1111111119
52754  -20.121  -25.632  -14.706 0.1111111119
52755  -20.939  -25.535  -14.720 0.1111111119
117166  -21.990  -24.916  -15.172 0.1111111119
53582  -17.657  -24.173  -13.712 0.1111111119
54450  -17.490  -23.479  -14.011 0.1111111119
55308  -17.518  -22.697  -14.266 0.1111111119
56173  -17.639  -22.051  -14.514 0.1111111119
56172  -17.591  -21.466  -14.451 0.1111111119
56181  -17.752  -20.900  -15.119 0.1111111119
64256  -18.139  -13.462  -18.393 0.1111111119
65104  -18.448  -12.038  -19.011 0.1111111119
66799  -17.736  -9.475  -18.650 0.1111111119
71851  -18.249  -3.147  -20.079 0.2222222239
73586  -17.446  -1.615  -20.158 0.2222222239
74416  -16.747  -0.982  -20.028 0.1111111119
53587  -22.512  -25.095  -14.735 0.1111111119
52753  -19.439  -25.553  -14.440 0.1111111119
73585  -16.648  -1.256  -21.784 0.2222222239
74415  -16.156  -0.684  -21.684 0.1111111119
58188  -17.548  -19.194  -15.282 0.1111111119
59093  -17.475  -18.257  -15.544 0.1111111119
60032  -17.190  -17.434  -15.987 0.1111111119
62560  -18.000  -15.383  -17.255 0.1111111119
62579  -17.960  -14.774  -17.760 0.1111111119
57218  -17.646  -20.069  -15.148 0.1111111119
54451  -18.162  -23.176  -14.622 0.1111111119
53585  -20.445  -25.010  -15.075 0.1111111119
63404  -17.928  -14.048  -18.046 0.1111111119
72739  -17.982  -2.272  -20.047 0.1111111119
55302  -17.137  -22.966  -13.636 0.1111111119
55307  -17.283  -22.120  -13.899 0.1111111119
62561  -18.194  -14.585  -16.430 0.1111111119
74402  -17.272  -0.650  -19.047 0.1111111119
125917  -16.339  -0.037  -18.425 0.1111111119
124395  -15.789  2.162  -20.278 0.1111111119
70947  -18.277  -4.267  -20.429 0.1111111119
76059  -15.982  1.391  -19.734 0.1111111119
76858  -16.017  3.412  -18.820 0.1111111119
77679  -16.261  3.713  -20.858 0.1111111119
70168  -18.589  -4.785  -22.791 0.6666666865
71937  -20.846  -3.794  -26.655 0.8888888955
72819  -19.671  -2.162  -26.030 0.8888888955
73676  -20.137  -1.667  -26.665 0.8888888955
74417  -17.720  -1.257  -19.608 0.1111111119
74484  -18.700  -0.283  -25.574 0.7777777910
75280  -18.457  0.469  -25.318 0.7777777910
76046  -16.201  1.634  -18.457 0.1111111119
76104  -17.164  1.497  -23.252 0.4444444478
76871  -15.922  3.042  -20.067 0.1111111119
76929  -24.235  2.035  -23.935 0.5555555820
76946  -20.714  2.757  -26.581 0.6666666865
77710  -16.955  3.966  -23.808 0.3333333433
78447  -16.743  4.809  -19.651 0.1111111119
78462  -16.571  4.776  -20.523 0.1111111119
78495  -25.264  5.109  -22.947 0.3333333433
79375  -18.933  5.841  -25.520 0.4444444478
80135  -25.342  6.135  -22.613 0.2222222239
80181  -28.206  6.757  -25.132 0.1111111119
81784  -23.835  8.639  -22.467 0.3333333433
82520  -27.628  9.547  -25.652 0.1111111119
83199  -27.322  10.462  -24.504 0.1111111119
119535  -24.824  11.171  -22.566 0.1111111119
123246  -15.897  2.443  -19.195 0.1111111119
124294  -18.636  -1.015  -24.808 0.7777777910
125462  -18.410  2.203  -25.372 0.5555555820
125735  -22.440  -13.676  -22.922 0.8888888955
127835  -27.604  -3.021  -23.906 0.1111111119
129889  -17.275  -1.358  -22.558 0.5555555820
131891  -27.159  11.210  -25.515 0.1111111119
131959  -17.433  5.445  -21.090 0.1111111119
133125  -24.517  6.005  -22.890 0.4444444478
133956  -27.554  3.836  -23.398 0.1111111119
135109  -20.545  -0.681  -27.244 0.7777777910
