#!ascii label  , from subject bert vox2ras=TkReg
355
68519  -21.573  -7.174  -25.495 0.0000000000
112487  -19.290  -11.010  -21.904 0.0000000000
65149  -24.197  -11.753  -23.976 0.0000000000
61786  -21.883  -15.150  -21.760 0.0000000000
80148  -21.219  6.458  -23.872 0.0000000000
76927  -22.781  2.415  -24.775 0.0000000000
72792  -18.717  -2.542  -24.749 0.0000000000
59139  -21.162  -18.554  -18.715 0.0000000000
63448  -20.840  -13.503  -22.240 0.0000000000
62607  -19.476  -14.617  -20.693 0.0000000000
78531  -22.331  4.516  -24.433 0.0000000000
135100  -19.420  2.968  -26.555 0.0000000000
69317  -19.089  -6.505  -22.852 0.0000000000
70979  -18.457  -4.083  -22.842 0.0000000000
71013  -19.681  -4.385  -25.110 0.0000000000
72821  -21.212  -2.404  -27.123 0.0000000000
70209  -22.839  -4.980  -26.300 0.0000000000
68522  -24.034  -7.318  -24.944 0.0000000000
67658  -17.998  -8.036  -21.182 0.0000000000
67673  -20.524  -8.791  -23.962 0.0000000000
67690  -22.822  -9.376  -25.267 0.0000000000
114695  -21.752  -11.527  -23.737 0.0000000000
63450  -23.124  -13.784  -22.902 0.0000000000
61789  -24.806  -15.319  -21.150 0.0000000000
75268  -17.389  0.397  -23.413 0.0000000000
123139  -20.405  0.531  -26.941 0.0000000000
75296  -23.153  -0.109  -25.154 0.0000000000
60896  -18.829  -16.205  -18.500 0.0000000000
123729  -20.918  -17.389  -20.968 0.0000000000
63432  -19.061  -13.692  -20.424 0.0000000000
63418  -18.452  -13.982  -18.948 0.0000000000
77734  -19.123  4.355  -26.208 0.0000000000
76925  -17.903  2.920  -24.888 0.0000000000
68500  -19.710  -6.620  -24.118 0.0000000000
69332  -19.490  -5.872  -24.310 0.0000000000
70196  -20.721  -5.737  -25.832 0.0000000000
71032  -21.454  -4.902  -26.640 0.0000000000
69363  -22.144  -6.111  -26.304 0.0000000000
69353  -23.408  -6.227  -25.740 0.0000000000
68520  -22.537  -7.398  -25.587 0.0000000000
66847  -18.813  -9.697  -21.790 0.0000000000
66858  -19.237  -9.065  -22.270 0.0000000000
66859  -19.904  -9.576  -22.811 0.0000000000
66014  -20.891  -10.277  -23.748 0.0000000000
66007  -20.950  -11.114  -23.253 0.0000000000
62624  -21.342  -14.396  -22.215 0.0000000000
63449  -21.772  -13.684  -22.687 0.0000000000
62626  -22.343  -14.385  -22.392 0.0000000000
62616  -23.154  -14.546  -22.151 0.0000000000
61787  -23.052  -15.418  -21.614 0.0000000000
80147  -19.988  6.747  -24.109 0.0000000000
80946  -19.412  7.434  -23.636 0.0000000000
80947  -20.521  7.146  -23.455 0.0000000000
81783  -21.984  8.417  -22.481 0.0000000000
80150  -23.421  6.421  -23.501 0.0000000000
77724  -22.350  3.805  -24.666 0.0000000000
71888  -18.371  -3.197  -23.732 0.0000000000
73629  -18.071  -1.967  -23.489 0.0000000000
74454  -18.110  -1.066  -23.798 0.0000000000
75294  -18.928  0.476  -26.114 0.0000000000
133838  -18.991  -0.928  -25.589 0.0000000000
72809  -22.860  -2.360  -25.776 0.0000000000
74486  -22.099  -0.740  -26.603 0.0000000000
74469  -23.613  -0.811  -24.779 0.0000000000
66029  -23.402  -10.720  -24.748 0.0000000000
67692  -24.172  -9.108  -24.806 0.0000000000
59126  -19.531  -18.413  -17.883 0.0000000000
113600  -19.812  -17.422  -19.504 0.0000000000
60077  -20.082  -17.244  -20.110 0.0000000000
59146  -20.934  -17.774  -19.539 0.0000000000
123387  -18.810  -11.599  -20.821 0.0000000000
64303  -19.905  -12.267  -21.864 0.0000000000
64288  -19.214  -13.050  -20.937 0.0000000000
62613  -19.948  -14.583  -21.366 0.0000000000
61785  -20.638  -15.860  -21.438 0.0000000000
79362  -19.811  5.738  -25.334 0.0000000000
79344  -21.904  5.689  -24.110 0.0000000000
78541  -19.874  5.115  -25.865 0.0000000000
78542  -20.565  4.383  -26.020 0.0000000000
76947  -21.337  2.894  -26.239 0.0000000000
129605  -18.571  -5.944  -22.446 0.0000000000
70173  -18.802  -5.078  -23.115 0.0000000000
71001  -19.207  -4.464  -24.333 0.0000000000
71907  -18.926  -3.228  -24.796 0.0000000000
129807  -20.287  -2.320  -26.561 0.0000000000
71923  -20.354  -3.456  -26.212 0.0000000000
71939  -22.005  -3.746  -26.469 0.0000000000
71925  -23.405  -3.741  -25.506 0.0000000000
71017  -24.153  -4.911  -25.155 0.0000000000
122698  -22.267  -19.835  -18.009 0.0000000000
59140  -22.082  -18.665  -18.737 0.0000000000
68485  -18.928  -7.267  -22.397 0.0000000000
68486  -19.522  -7.229  -23.017 0.0000000000
67688  -20.974  -8.288  -24.727 0.0000000000
68501  -21.750  -8.005  -25.256 0.0000000000
67674  -21.207  -9.099  -24.478 0.0000000000
66027  -21.979  -10.474  -24.539 0.0000000000
65159  -23.089  -11.387  -24.430 0.0000000000
65140  -21.519  -12.100  -23.191 0.0000000000
130253  -22.644  -12.875  -23.525 0.0000000000
64314  -23.258  -12.893  -23.641 0.0000000000
63451  -24.047  -13.531  -22.873 0.0000000000
62618  -24.861  -14.501  -21.551 0.0000000000
78512  -23.659  5.270  -23.650 0.0000000000
76114  -18.195  1.284  -24.978 0.0000000000
120898  -19.986  1.330  -26.727 0.0000000000
76141  -21.401  1.154  -26.467 0.0000000000
74502  -21.025  -0.881  -27.508 0.0000000000
75313  -21.763  0.249  -26.528 0.0000000000
76115  -22.472  1.697  -25.289 0.0000000000
68521  -23.372  -7.875  -25.326 0.0000000000
67693  -25.059  -8.499  -24.400 0.0000000000
61760  -18.623  -15.375  -18.672 0.0000000000
60906  -19.054  -15.754  -19.388 0.0000000000
61776  -20.040  -16.188  -21.019 0.0000000000
60916  -21.233  -17.016  -21.231 0.0000000000
59148  -22.751  -18.093  -19.120 0.0000000000
60087  -22.084  -17.182  -20.682 0.0000000000
60927  -22.456  -16.184  -21.355 0.0000000000
76898  -16.806  3.258  -23.423 0.0000000000
68518  -20.782  -6.888  -25.228 0.0000000000
69333  -20.060  -6.506  -24.847 0.0000000000
69350  -20.547  -6.287  -25.400 0.0000000000
69351  -21.316  -6.390  -25.848 0.0000000000
121377  -22.086  -6.733  -25.871 0.0000000000
65998  -18.777  -10.362  -21.577 0.0000000000
66005  -19.436  -10.165  -22.314 0.0000000000
66006  -20.303  -10.265  -23.000 0.0000000000
115276  -19.990  -11.030  -22.568 0.0000000000
62615  -21.322  -15.177  -21.757 0.0000000000
128571  -21.911  -14.638  -22.187 0.0000000000
61794  -22.506  -14.741  -22.053 0.0000000000
114194  -22.259  -15.486  -21.636 0.0000000000
80948  -21.783  6.972  -23.430 0.0000000000
80949  -22.787  6.893  -23.449 0.0000000000
80149  -22.472  6.273  -23.752 0.0000000000
118558  -22.418  3.087  -24.908 0.0000000000
77725  -23.133  3.273  -24.293 0.0000000000
72778  -18.290  -2.671  -23.970 0.0000000000
73642  -18.467  -1.872  -24.275 0.0000000000
73659  -18.871  -1.651  -25.150 0.0000000000
72793  -23.665  -2.350  -24.958 0.0000000000
73643  -23.229  -1.571  -25.277 0.0000000000
65160  -23.789  -11.287  -24.405 0.0000000000
66030  -24.069  -10.604  -24.682 0.0000000000
66017  -24.565  -11.044  -24.286 0.0000000000
58229  -20.574  -19.054  -18.297 0.0000000000
59127  -20.034  -18.768  -18.244 0.0000000000
59138  -20.460  -18.200  -18.870 0.0000000000
59137  -19.828  -17.955  -18.786 0.0000000000
127920  -20.413  -17.578  -19.757 0.0000000000
65123  -18.986  -12.253  -20.796 0.0000000000
127611  -19.462  -12.487  -21.320 0.0000000000
63439  -19.558  -13.881  -21.215 0.0000000000
61784  -20.037  -15.314  -21.206 0.0000000000
79376  -19.337  5.663  -25.594 0.0000000000
78540  -19.280  5.151  -25.920 0.0000000000
76936  -18.947  3.467  -26.313 0.0000000000
77735  -19.828  4.433  -26.352 0.0000000000
77746  -19.633  3.656  -26.564 0.0000000000
77747  -20.483  3.581  -26.497 0.0000000000
76945  -20.058  2.922  -26.674 0.0000000000
134974  -18.799  -6.216  -22.646 0.0000000000
69323  -18.925  -5.870  -23.024 0.0000000000
70194  -19.601  -5.150  -24.733 0.0000000000
70182  -19.222  -5.124  -24.063 0.0000000000
134835  -19.217  -3.842  -24.739 0.0000000000
71922  -19.662  -3.524  -25.473 0.0000000000
71014  -20.411  -4.242  -25.984 0.0000000000
71033  -22.124  -4.586  -26.564 0.0000000000
71938  -21.413  -4.168  -26.692 0.0000000000
71924  -22.721  -3.288  -25.942 0.0000000000
71015  -22.771  -4.184  -26.108 0.0000000000
71016  -23.498  -4.681  -25.702 0.0000000000
70198  -23.725  -5.531  -25.608 0.0000000000
134479  -24.626  -6.872  -24.611 0.0000000000
58222  -21.413  -20.028  -18.105 0.0000000000
57246  -23.049  -20.283  -17.565 0.0000000000
68481  -18.299  -7.282  -21.822 0.0000000000
67659  -18.676  -8.120  -21.928 0.0000000000
67665  -19.947  -8.845  -23.086 0.0000000000
67664  -19.432  -8.042  -22.632 0.0000000000
67672  -19.985  -7.992  -23.411 0.0000000000
68492  -20.368  -7.941  -24.128 0.0000000000
66015  -21.539  -10.819  -24.015 0.0000000000
131243  -21.398  -10.193  -24.226 0.0000000000
66016  -22.337  -11.316  -24.230 0.0000000000
64304  -20.491  -12.719  -22.167 0.0000000000
65139  -20.550  -11.933  -22.522 0.0000000000
64305  -21.272  -12.798  -22.607 0.0000000000
120539  -22.720  -13.828  -22.831 0.0000000000
64312  -22.078  -12.918  -23.216 0.0000000000
63458  -22.746  -13.328  -23.299 0.0000000000
64313  -22.943  -12.775  -23.719 0.0000000000
63459  -23.018  -13.399  -23.336 0.0000000000
63460  -23.459  -13.358  -23.296 0.0000000000
61788  -23.930  -14.975  -21.592 0.0000000000
62617  -23.881  -14.361  -22.046 0.0000000000
78530  -21.697  5.018  -24.572 0.0000000000
79345  -23.206  5.656  -23.801 0.0000000000
78510  -22.882  5.066  -23.984 0.0000000000
70167  -18.411  -4.650  -22.476 0.0000000000
75255  -16.405  0.544  -22.205 0.0000000000
118816  -16.851  0.748  -22.759 0.0000000000
76113  -17.648  1.340  -24.126 0.0000000000
75311  -19.618  0.519  -26.647 0.0000000000
75310  -19.322  1.360  -26.313 0.0000000000
119332  -20.728  1.275  -26.748 0.0000000000
72834  -20.735  -2.036  -27.158 0.0000000000
73687  -20.663  -1.300  -27.293 0.0000000000
73677  -21.135  -1.575  -27.416 0.0000000000
74487  -22.851  -0.781  -25.592 0.0000000000
75295  -22.524  0.066  -25.828 0.0000000000
117747  -22.139  0.970  -25.872 0.0000000000
75281  -22.989  0.765  -25.114 0.0000000000
75282  -23.801  0.173  -24.604 0.0000000000
67709  -22.654  -8.434  -25.361 0.0000000000
67691  -23.439  -8.802  -25.203 0.0000000000
60068  -19.311  -17.200  -18.711 0.0000000000
60086  -20.589  -17.294  -20.591 0.0000000000
60085  -20.044  -16.864  -20.578 0.0000000000
131767  -20.645  -16.877  -21.158 0.0000000000
59147  -21.672  -17.985  -19.344 0.0000000000
64287  -18.762  -12.788  -20.064 0.0000000000
134524  -18.749  -13.545  -19.653 0.0000000000
116277  -18.937  -14.296  -19.811 0.0000000000
78539  -18.608  5.104  -25.628 0.0000000000
77733  -18.445  4.080  -25.812 0.0000000000
129054  -17.953  3.719  -25.231 0.0000000000
76926  -18.368  3.168  -25.769 0.0000000000
69324  -19.275  -6.141  -23.516 0.0000000000
69349  -20.047  -5.816  -25.156 0.0000000000
70195  -20.250  -5.072  -25.515 0.0000000000
70206  -20.823  -5.047  -26.318 0.0000000000
70207  -21.422  -5.619  -26.367 0.0000000000
70208  -22.178  -5.347  -26.534 0.0000000000
133123  -23.268  -5.239  -26.002 0.0000000000
70197  -22.941  -5.727  -26.177 0.0000000000
69352  -22.783  -6.531  -25.922 0.0000000000
124643  -23.401  -6.969  -25.515 0.0000000000
66846  -18.372  -9.797  -21.272 0.0000000000
123028  -18.360  -8.998  -21.406 0.0000000000
66869  -20.415  -9.578  -23.491 0.0000000000
62625  -22.202  -14.192  -22.600 0.0000000000
62628  -23.414  -13.936  -22.685 0.0000000000
62627  -22.804  -14.140  -22.568 0.0000000000
80146  -19.107  6.855  -24.142 0.0000000000
80934  -21.207  7.758  -23.033 0.0000000000
80151  -24.067  6.653  -22.987 0.0000000000
78532  -22.999  4.328  -24.126 0.0000000000
73615  -17.715  -1.891  -22.958 0.0000000000
73628  -17.571  -1.314  -23.094 0.0000000000
74453  -17.396  -0.600  -23.128 0.0000000000
74467  -17.811  -0.250  -23.869 0.0000000000
75279  -17.946  0.464  -24.435 0.0000000000
74468  -18.291  -0.296  -24.646 0.0000000000
74485  -19.288  -0.377  -26.349 0.0000000000
74501  -20.086  -0.174  -26.958 0.0000000000
133210  -22.346  -2.086  -26.328 0.0000000000
73661  -21.799  -1.733  -26.860 0.0000000000
73662  -22.575  -1.542  -26.102 0.0000000000
66887  -23.067  -10.140  -25.149 0.0000000000
116285  -23.543  -9.637  -25.151 0.0000000000
131829  -23.646  -10.220  -24.994 0.0000000000
66888  -24.174  -9.917  -24.813 0.0000000000
60059  -19.134  -17.718  -17.836 0.0000000000
60907  -19.513  -16.756  -19.650 0.0000000000
114601  -20.896  -17.473  -20.492 0.0000000000
65129  -18.760  -11.048  -21.198 0.0000000000
65130  -19.281  -11.746  -21.421 0.0000000000
65138  -19.768  -11.600  -22.085 0.0000000000
64295  -19.942  -13.148  -21.655 0.0000000000
63440  -20.322  -14.118  -21.804 0.0000000000
62614  -20.606  -14.936  -21.640 0.0000000000
79343  -18.865  6.586  -24.533 0.0000000000
131072  -19.029  6.481  -24.843 0.0000000000
80168  -19.656  6.339  -24.793 0.0000000000
80169  -20.650  6.196  -24.371 0.0000000000
79363  -20.693  5.663  -24.728 0.0000000000
78529  -20.654  5.030  -25.298 0.0000000000
77723  -21.463  4.232  -25.136 0.0000000000
77736  -21.122  3.705  -25.979 0.0000000000
77737  -21.792  3.375  -25.397 0.0000000000
76937  -22.084  2.564  -25.456 0.0000000000
130526  -18.661  -4.449  -23.133 0.0000000000
70174  -19.114  -5.460  -23.551 0.0000000000
70988  -18.923  -4.574  -23.617 0.0000000000
70980  -18.598  -3.859  -23.409 0.0000000000
71000  -18.801  -3.721  -24.095 0.0000000000
71906  -18.501  -3.079  -24.255 0.0000000000
72806  -19.168  -2.103  -25.447 0.0000000000
72807  -19.257  -2.752  -25.448 0.0000000000
72808  -19.985  -2.852  -26.095 0.0000000000
72820  -20.715  -2.897  -26.785 0.0000000000
133998  -20.950  -4.475  -26.593 0.0000000000
114216  -21.288  -3.322  -26.816 0.0000000000
72822  -21.991  -2.712  -26.466 0.0000000000
122725  -23.330  -2.984  -25.428 0.0000000000
71908  -23.915  -3.211  -24.972 0.0000000000
71002  -24.150  -4.096  -24.905 0.0000000000
64316  -24.699  -12.106  -23.403 0.0000000000
134751  -21.051  -19.426  -18.307 0.0000000000
58230  -21.688  -19.294  -18.354 0.0000000000
69316  -18.627  -6.605  -22.352 0.0000000000
117699  -19.486  -6.690  -23.432 0.0000000000
68491  -19.910  -7.268  -23.788 0.0000000000
132560  -20.393  -7.306  -24.592 0.0000000000
132619  -21.021  -7.580  -25.125 0.0000000000
67689  -21.917  -9.007  -24.997 0.0000000000
66870  -20.967  -9.633  -24.127 0.0000000000
66885  -21.637  -9.738  -24.591 0.0000000000
66886  -22.346  -9.948  -25.008 0.0000000000
66028  -22.704  -10.667  -24.706 0.0000000000
65146  -22.381  -12.253  -23.722 0.0000000000
65147  -22.858  -12.021  -24.097 0.0000000000
65148  -23.395  -12.127  -24.021 0.0000000000
64315  -23.827  -12.565  -23.680 0.0000000000
64306  -24.308  -12.865  -23.078 0.0000000000
63441  -24.364  -13.890  -22.223 0.0000000000
125501  -17.420  2.490  -23.907 0.0000000000
125988  -17.949  2.052  -24.639 0.0000000000
123462  -18.968  2.413  -26.154 0.0000000000
76125  -18.735  1.345  -25.749 0.0000000000
76138  -19.682  2.193  -26.502 0.0000000000
76139  -20.395  2.106  -26.635 0.0000000000
76140  -21.105  2.059  -26.562 0.0000000000
76126  -21.735  1.902  -26.011 0.0000000000
73660  -19.394  -1.393  -26.041 0.0000000000
125207  -19.999  -0.915  -26.812 0.0000000000
118098  -20.800  -0.196  -27.260 0.0000000000
125403  -21.464  -1.065  -27.297 0.0000000000
74503  -21.360  -0.387  -27.190 0.0000000000
75312  -21.087  0.438  -26.985 0.0000000000
76116  -23.205  1.598  -24.653 0.0000000000
68502  -24.114  -8.203  -24.836 0.0000000000
111986  -18.762  -14.864  -19.185 0.0000000000
62598  -19.270  -15.166  -19.992 0.0000000000
61768  -19.569  -16.073  -20.268 0.0000000000
119767  -19.681  -15.479  -20.672 0.0000000000
60925  -21.215  -16.166  -21.498 0.0000000000
60078  -21.285  -17.531  -20.082 0.0000000000
60079  -22.079  -17.502  -19.992 0.0000000000
124445  -21.360  -17.360  -20.789 0.0000000000
60917  -21.874  -16.906  -21.107 0.0000000000
60926  -21.740  -16.205  -21.443 0.0000000000
71937  -20.846  -3.794  -26.655 0.0000000000
72819  -19.671  -2.162  -26.030 0.0000000000
73676  -20.137  -1.667  -26.665 0.0000000000
74484  -18.700  -0.283  -25.574 0.0000000000
75280  -18.457  0.469  -25.318 0.0000000000
76946  -20.714  2.757  -26.581 0.0000000000
124294  -18.636  -1.015  -24.808 0.0000000000
125462  -18.410  2.203  -25.372 0.0000000000
125735  -22.440  -13.676  -22.922 0.0000000000
135109  -20.545  -0.681  -27.244 0.0000000000
