#!ascii label  , from subject bert vox2ras=TkReg
782
14372  -25.604  -71.689  -11.651 0.5000000000
124222  -25.192  -71.843  -12.295 0.8000000119
14405  -24.638  -72.720  -14.792 0.8000000119
14392  -24.794  -71.940  -13.798 0.8000000119
14382  -24.783  -72.020  -13.037 0.8000000119
14364  -26.436  -71.517  -10.586 0.5000000000
14383  -25.223  -71.474  -12.884 0.6000000238
13684  -25.512  -73.713  -17.352 0.6999999881
13678  -25.137  -73.605  -16.313 0.6999999881
14393  -25.471  -71.346  -13.754 0.6999999881
15079  -26.818  -71.056  -9.980 0.6000000238
15096  -26.145  -70.454  -11.460 0.5000000000
119316  -26.028  -70.428  -12.140 0.6000000238
14416  -24.468  -73.546  -17.500 0.6999999881
15095  -25.668  -71.109  -12.033 0.6000000238
15103  -26.469  -70.096  -12.836 0.6000000238
13686  -24.969  -74.135  -17.548 0.6999999881
13683  -24.817  -74.245  -17.133 0.6999999881
14406  -25.279  -72.163  -15.030 0.6999999881
15102  -25.785  -70.833  -12.835 0.6000000238
15109  -27.088  -70.414  -13.839 0.6000000238
15118  -25.967  -71.466  -14.535 0.8000000119
15108  -26.260  -70.849  -13.727 0.6999999881
125953  -26.726  -70.179  -10.031 0.4000000060
15823  -26.413  -69.788  -11.811 0.6000000238
14417  -24.661  -72.447  -17.357 0.6999999881
125812  -27.313  -69.614  -13.285 0.6000000238
15139  -25.304  -72.003  -17.446 0.6999999881
134880  -26.046  -73.298  -17.637 0.6999999881
14418  -25.966  -73.119  -16.518 0.6999999881
14407  -26.287  -72.117  -15.553 0.6000000238
15120  -27.792  -70.627  -14.695 0.6999999881
15121  -28.587  -70.555  -15.459 0.5000000000
13687  -27.079  -72.823  -17.526 0.6000000238
117260  -27.574  -72.313  -16.831 0.6000000238
132856  -27.136  -72.038  -15.943 0.6000000238
15132  -28.851  -71.046  -16.572 0.6000000238
14420  -28.310  -71.797  -17.024 0.6000000238
15142  -28.752  -71.156  -17.210 0.5000000000
16585  -26.955  -68.919  -10.619 0.4000000060
16590  -26.546  -69.737  -10.858 0.5000000000
15852  -23.866  -70.346  -15.794 0.6999999881
127608  -26.846  -69.106  -11.441 0.6000000238
15824  -27.025  -69.194  -12.350 0.6000000238
14422  -26.081  -72.695  -17.818 0.6999999881
15838  -28.094  -69.414  -13.752 0.6000000238
15143  -26.765  -72.204  -18.026 0.6999999881
15847  -28.363  -69.981  -14.498 0.5000000000
15848  -28.992  -69.910  -15.108 0.6000000238
13690  -27.208  -72.508  -17.882 0.6999999881
14423  -27.765  -72.271  -17.530 0.6000000238
15855  -29.417  -70.156  -16.111 0.5000000000
133842  -29.909  -69.621  -16.108 0.5000000000
14424  -28.243  -71.688  -17.451 0.5000000000
135155  -22.397  -68.971  -14.607 0.6000000238
16616  -23.604  -68.241  -14.483 0.6000000238
16573  -27.497  -68.291  -9.491 0.5000000000
16586  -27.463  -68.297  -10.316 0.5000000000
15846  -24.037  -69.264  -14.976 0.6999999881
15117  -23.020  -70.636  -15.453 0.6999999881
16591  -27.479  -68.470  -11.282 0.5000000000
112633  -27.710  -68.579  -12.188 0.5000000000
16592  -28.359  -68.082  -11.751 0.4000000060
15129  -24.574  -71.135  -16.686 0.6999999881
16600  -28.690  -68.415  -12.791 0.5000000000
15130  -25.387  -70.639  -16.738 0.6999999881
15140  -26.114  -71.508  -17.704 0.6999999881
16607  -28.558  -68.905  -13.522 0.5000000000
122930  -27.312  -71.833  -17.975 0.6000000238
15839  -29.005  -69.349  -14.328 0.5000000000
14425  -27.743  -71.801  -17.708 0.6000000238
116671  -29.625  -69.525  -15.370 0.5000000000
15866  -28.152  -69.860  -17.459 0.5000000000
15871  -28.737  -70.330  -17.443 0.5000000000
112742  -29.567  -69.664  -17.336 0.5000000000
15857  -30.407  -69.079  -16.779 0.5000000000
15868  -30.090  -69.384  -17.217 0.5000000000
117278  -30.475  -68.465  -16.714 0.3000000119
17380  -30.017  -67.499  -11.529 0.3000000119
16615  -22.336  -68.181  -14.423 0.6000000238
17379  -28.118  -67.905  -10.763 0.4000000060
17388  -29.381  -67.890  -12.153 0.4000000060
16617  -24.476  -68.530  -14.713 0.6000000238
15853  -24.720  -69.925  -15.826 0.6999999881
15854  -25.523  -69.511  -16.030 0.6999999881
16608  -29.368  -68.652  -13.754 0.5000000000
15865  -26.381  -70.214  -16.963 0.5000000000
16619  -29.892  -68.884  -14.776 0.5000000000
118611  -27.349  -70.487  -17.541 0.5000000000
16627  -30.556  -68.552  -16.067 0.4000000060
17419  -30.680  -67.928  -16.096 0.4000000060
16639  -30.033  -69.114  -17.374 0.5000000000
16635  -30.286  -68.872  -17.182 0.4000000060
17409  -22.313  -67.171  -14.084 0.6000000238
115773  -23.026  -67.551  -14.212 0.6000000238
17398  -23.765  -67.398  -14.086 0.6000000238
17410  -24.444  -67.885  -14.376 0.6000000238
17400  -25.131  -67.555  -14.204 0.6000000238
16601  -29.839  -68.144  -13.107 0.3000000119
16609  -30.231  -68.284  -14.095 0.4000000060
16623  -24.927  -68.988  -15.277 0.6000000238
16602  -30.656  -67.779  -13.441 0.3000000119
16624  -25.612  -68.749  -15.503 0.6000000238
17413  -30.920  -67.387  -14.472 0.3000000119
16625  -26.282  -69.032  -16.097 0.6000000238
18209  -30.953  -66.840  -14.571 0.3000000119
119693  -30.714  -67.958  -15.259 0.3000000119
16626  -27.025  -68.442  -16.105 0.5000000000
16632  -27.167  -69.439  -16.811 0.5000000000
18214  -30.592  -66.383  -16.121 0.3000000119
115237  -30.735  -67.187  -15.399 0.3000000119
16634  -28.729  -69.084  -17.326 0.5000000000
133014  -30.564  -67.199  -16.222 0.3000000119
16633  -27.918  -68.773  -16.816 0.5000000000
18223  -30.161  -67.031  -16.929 0.4000000060
127478  -30.425  -66.611  -16.678 0.3000000119
18194  -23.046  -66.059  -13.764 0.5000000000
18205  -23.080  -66.867  -13.900 0.6000000238
18195  -23.954  -66.686  -13.742 0.5000000000
16618  -25.260  -68.261  -14.774 0.6000000238
18206  -25.870  -67.077  -14.032 0.5000000000
18941  -30.794  -65.385  -14.373 0.3000000119
17416  -26.219  -68.191  -15.279 0.6000000238
115628  -30.679  -64.427  -14.674 0.3000000119
115127  -30.693  -66.118  -15.129 0.3000000119
17418  -27.731  -67.797  -16.252 0.5000000000
18219  -28.903  -66.920  -16.793 0.5000000000
17427  -30.007  -67.487  -17.182 0.4000000060
135500  -29.465  -65.785  -17.449 0.4000000060
114290  -24.034  -65.011  -13.352 0.5000000000
18932  -24.768  -65.641  -13.101 0.5000000000
113840  -24.625  -66.298  -13.458 0.5000000000
17399  -24.437  -67.312  -13.986 0.5000000000
18933  -25.533  -66.255  -13.391 0.5000000000
20417  -30.233  -63.259  -12.960 0.3000000119
119444  -30.565  -63.807  -13.868 0.3000000119
17411  -25.813  -67.739  -14.555 0.6000000238
17412  -26.449  -67.405  -14.789 0.6000000238
17417  -26.986  -67.591  -15.546 0.5000000000
18218  -28.233  -66.551  -16.346 0.5000000000
18955  -30.327  -65.951  -17.138 0.4000000060
20439  -30.324  -63.673  -17.918 0.4000000060
18921  -24.833  -64.828  -12.795 0.5000000000
19650  -25.448  -64.504  -12.582 0.5000000000
18922  -25.700  -65.275  -12.839 0.5000000000
20406  -30.539  -63.737  -12.387 0.4000000060
21219  -30.007  -62.583  -12.544 0.4000000060
18934  -26.402  -65.786  -13.414 0.5000000000
18939  -26.870  -66.026  -14.154 0.5000000000
21231  -30.177  -62.443  -13.290 0.4000000060
21232  -30.548  -62.907  -14.073 0.3000000119
18935  -27.055  -65.306  -13.881 0.4000000060
20424  -30.850  -63.390  -15.201 0.3000000119
18207  -26.674  -66.715  -14.455 0.5000000000
18208  -27.301  -66.199  -15.078 0.4000000060
18950  -27.921  -66.016  -15.978 0.4000000060
18953  -29.088  -65.308  -17.408 0.4000000060
20402  -25.023  -63.319  -12.554 0.5000000000
20403  -25.629  -63.791  -12.438 0.5000000000
125443  -26.247  -64.424  -12.621 0.5000000000
22021  -29.981  -62.207  -11.947 0.4000000060
19651  -26.673  -64.997  -13.123 0.5000000000
20405  -27.090  -64.206  -12.995 0.4000000060
22030  -29.979  -61.888  -12.716 0.4000000060
131348  -30.260  -61.742  -13.499 0.4000000060
123852  -30.563  -62.066  -14.228 0.4000000060
18940  -27.284  -65.482  -14.649 0.4000000060
18945  -27.703  -65.267  -15.460 0.4000000060
18946  -28.167  -64.654  -16.011 0.4000000060
121728  -28.523  -65.878  -16.819 0.4000000060
131552  -28.477  -64.322  -16.601 0.4000000060
20438  -29.375  -63.635  -17.512 0.4000000060
21256  -30.888  -62.906  -17.964 0.4000000060
21255  -30.018  -62.869  -17.815 0.4000000060
125423  -25.683  -62.222  -12.427 0.5000000000
125308  -25.661  -62.940  -12.386 0.4000000060
22884  -30.504  -60.742  -11.401 0.4000000060
22883  -30.053  -61.305  -12.083 0.4000000060
21217  -26.446  -62.471  -12.403 0.5000000000
21218  -27.189  -62.717  -12.643 0.4000000060
20416  -27.641  -63.984  -13.821 0.4000000060
22904  -30.476  -60.587  -14.157 0.4000000060
20422  -27.975  -63.799  -14.676 0.4000000060
19674  -28.138  -64.052  -15.444 0.4000000060
21251  -31.210  -62.660  -17.311 0.3000000119
19680  -28.858  -64.400  -17.235 0.4000000060
22029  -26.188  -61.705  -12.397 0.4000000060
120726  -27.183  -61.801  -12.569 0.4000000060
22895  -30.233  -60.313  -12.373 0.4000000060
22041  -28.159  -61.489  -13.293 0.4000000060
112658  -27.529  -63.356  -13.098 0.4000000060
21229  -27.860  -62.459  -13.205 0.4000000060
21238  -28.154  -63.082  -14.142 0.4000000060
20423  -28.309  -63.231  -15.223 0.4000000060
20429  -28.350  -63.366  -15.992 0.4000000060
19678  -28.360  -63.993  -16.134 0.4000000060
130889  -30.457  -62.288  -17.755 0.4000000060
123298  -29.016  -62.827  -17.175 0.4000000060
23779  -26.850  -59.982  -12.492 0.4000000060
22893  -27.483  -60.818  -12.665 0.4000000060
129665  -28.137  -60.652  -13.120 0.4000000060
21230  -28.358  -62.195  -14.030 0.4000000060
21239  -28.352  -62.319  -15.134 0.4000000060
113923  -30.852  -62.015  -17.494 0.4000000060
22052  -28.274  -61.457  -15.607 0.4000000060
21245  -28.264  -62.097  -16.130 0.4000000060
119402  -28.365  -60.758  -15.945 0.4000000060
21250  -28.613  -62.075  -16.867 0.4000000060
22059  -29.130  -61.443  -17.125 0.4000000060
23780  -27.426  -59.280  -12.570 0.4000000060
23781  -28.151  -59.347  -12.945 0.4000000060
118422  -28.348  -60.064  -13.416 0.4000000060
23791  -28.501  -59.379  -13.823 0.4000000060
22903  -28.442  -60.777  -13.923 0.4000000060
115803  -28.458  -60.086  -14.433 0.4000000060
22908  -28.284  -60.768  -15.038 0.4000000060
114537  -28.441  -60.091  -15.406 0.4000000060
23797  -28.589  -59.398  -15.742 0.4000000060
22060  -30.095  -61.645  -17.406 0.3000000119
121198  -28.874  -60.762  -16.720 0.4000000060
22919  -29.703  -60.914  -17.051 0.4000000060
24597  -27.939  -58.570  -12.659 0.4000000060
25425  -28.377  -57.820  -12.826 0.4000000060
24598  -28.478  -58.626  -13.282 0.4000000060
25438  -28.833  -57.861  -13.741 0.4000000060
23794  -28.457  -59.376  -14.920 0.4000000060
123441  -28.607  -58.083  -15.879 0.4000000060
22916  -30.510  -60.566  -16.491 0.4000000060
22061  -30.373  -61.221  -17.020 0.3000000119
114393  -28.712  -60.099  -16.184 0.4000000060
23802  -29.808  -59.404  -16.862 0.5000000000
22920  -30.132  -60.288  -16.900 0.4000000060
23801  -29.073  -59.436  -16.339 0.5000000000
26227  -28.616  -56.231  -12.825 0.4000000060
27024  -28.902  -55.509  -13.220 0.4000000060
125150  -28.811  -57.040  -13.174 0.4000000060
26242  -29.188  -55.485  -14.226 0.4000000060
24616  -28.736  -58.698  -16.057 0.4000000060
24622  -29.779  -58.605  -16.888 0.5000000000
129192  -28.722  -54.708  -12.808 0.4000000060
27844  -29.104  -54.826  -13.741 0.4000000060
117218  -29.263  -54.205  -14.391 0.4000000060
121750  -29.066  -57.962  -16.453 0.4000000060
24621  -29.245  -58.811  -16.515 0.5000000000
28747  -29.282  -53.245  -12.945 0.4000000060
27829  -29.188  -54.039  -13.305 0.4000000060
28760  -29.499  -53.365  -13.844 0.4000000060
25464  -29.585  -57.235  -16.796 0.5000000000
118985  -29.734  -49.790  -13.564 0.4000000060
30596  -29.436  -51.621  -13.034 0.4000000060
31516  -29.632  -50.754  -13.438 0.4000000060
29679  -29.528  -52.492  -13.373 0.4000000060
125368  -29.689  -51.051  -14.352 0.4000000060
30618  -29.460  -51.690  -14.974 0.5000000000
17423  -28.736  -68.077  -16.919 0.5000000000
18221  -29.169  -66.152  -17.260 0.5000000000
18222  -29.847  -66.350  -17.256 0.4000000060
13639  -25.994  -71.982  -11.134 0.5000000000
13670  -24.405  -72.759  -13.760 0.8000000119
13677  -24.280  -73.806  -15.570 0.8000000119
12979  -23.860  -74.341  -15.619 0.6999999881
14357  -27.415  -71.438  -9.481 0.5000000000
13682  -24.289  -74.224  -17.118 0.6999999881
124596  -27.192  -70.548  -9.284 0.5000000000
116512  -23.227  -74.032  -16.855 0.6999999881
15080  -26.991  -69.800  -9.466 0.4000000060
15128  -23.718  -71.858  -16.749 0.6999999881
118227  -23.053  -69.010  -14.699 0.6999999881
15805  -27.218  -69.092  -9.230 0.4000000060
17342  -27.923  -67.819  -9.140 0.4000000060
119897  -21.663  -69.075  -14.481 0.6000000238
17370  -28.719  -67.515  -10.188 0.4000000060
18204  -22.306  -66.370  -13.882 0.6000000238
18930  -22.139  -65.611  -13.807 0.5000000000
18931  -22.943  -65.154  -13.652 0.5000000000
19663  -24.192  -64.203  -13.181 0.5000000000
20415  -24.354  -63.383  -12.987 0.4000000060
22028  -25.375  -61.607  -12.543 0.4000000060
112968  -25.836  -60.026  -12.528 0.4000000060
22892  -26.432  -60.905  -12.458 0.4000000060
120986  -26.511  -59.155  -12.493 0.4000000060
25424  -27.558  -57.759  -12.440 0.4000000060
26226  -28.066  -56.903  -12.477 0.4000000060
27008  -28.395  -55.512  -12.599 0.4000000060
118524  -28.856  -53.871  -12.716 0.4000000060
125560  -29.433  -49.990  -12.926 0.4000000060
13651  -24.752  -72.510  -12.589 0.8000000119
15087  -26.379  -70.651  -10.682 0.5000000000
13685  -26.384  -73.242  -17.353 0.6999999881
129127  -27.742  -70.031  -13.955 0.6999999881
15119  -26.927  -71.270  -14.825 0.6999999881
16599  -27.824  -68.929  -13.008 0.6000000238
15131  -27.938  -71.440  -15.908 0.6000000238
17369  -27.949  -67.766  -9.843 0.5000000000
16638  -29.540  -68.896  -17.441 0.5000000000
18196  -24.935  -66.911  -13.740 0.6000000238
18213  -27.648  -66.899  -15.777 0.5000000000
17424  -29.617  -67.826  -17.217 0.5000000000
20440  -30.828  -63.779  -17.853 0.4000000060
20434  -28.577  -63.591  -16.772 0.4000000060
134990  -28.318  -62.716  -15.858 0.4000000060
22054  -28.435  -61.410  -16.462 0.4000000060
29690  -29.532  -52.542  -14.454 0.4000000060
9086  -31.672  -79.218  -14.670 0.4000000060
9691  -31.916  -78.341  -14.790 0.4000000060
10326  -32.397  -77.649  -15.316 0.4000000060
10341  -31.968  -76.911  -15.935 0.4000000060
9678  -31.158  -78.418  -13.985 0.4000000060
10325  -31.467  -77.682  -14.697 0.4000000060
10924  -30.822  -76.474  -16.775 0.4000000060
10923  -29.838  -76.499  -16.630 0.4000000060
11592  -29.634  -75.805  -16.870 0.5000000000
10308  -30.716  -77.925  -13.864 0.4000000060
10324  -30.414  -77.441  -14.793 0.4000000060
121110  -29.039  -77.011  -16.494 0.5000000000
129241  -29.184  -76.443  -16.706 0.5000000000
11585  -28.059  -76.271  -16.035 0.6000000238
10296  -29.537  -77.885  -13.215 0.4000000060
10307  -29.909  -77.646  -14.016 0.4000000060
10322  -28.284  -77.660  -15.311 0.4000000060
11586  -28.776  -75.899  -16.432 0.5000000000
131594  -27.290  -69.830  -8.930 0.3000000119
15789  -27.726  -69.390  -8.495 0.4000000060
16559  -28.412  -67.814  -8.615 0.3000000119
11587  -29.630  -75.265  -16.427 0.5000000000
13642  -28.097  -72.822  -10.098 0.5000000000
14358  -28.083  -71.797  -9.025 0.4000000060
9674  -26.779  -78.548  -13.869 0.4000000060
10339  -28.335  -77.238  -16.231 0.5000000000
10348  -28.557  -76.697  -16.563 0.5000000000
132068  -28.025  -78.148  -13.411 0.4000000060
10306  -29.017  -77.735  -14.210 0.4000000060
11579  -28.416  -75.732  -15.412 0.6000000238
11568  -28.981  -75.200  -14.412 0.6000000238
11550  -27.854  -75.087  -13.218 0.6999999881
13641  -27.360  -72.564  -10.322 0.5000000000
12236  -28.954  -74.138  -11.634 0.6999999881
12949  -27.785  -73.174  -10.680 0.6999999881
12249  -28.416  -74.622  -12.437 0.6999999881
12235  -27.938  -74.239  -11.718 0.6999999881
124820  -27.627  -77.556  -15.961 0.5000000000
10921  -27.592  -76.882  -16.108 0.6000000238
11578  -27.665  -76.261  -15.113 0.6000000238
9689  -26.805  -78.587  -15.258 0.4000000060
9707  -27.015  -78.062  -15.945 0.5000000000
10913  -27.058  -76.949  -15.498 0.6000000238
11566  -27.293  -75.615  -13.938 0.6000000238
17358  -28.515  -67.504  -9.308 0.3000000119
11567  -28.141  -75.466  -14.242 0.6000000238
12248  -27.450  -74.732  -12.402 0.6999999881
14365  -27.017  -71.873  -10.066 0.5000000000
9095  -25.211  -79.019  -15.731 0.6000000238
9705  -25.641  -78.516  -15.933 0.6000000238
10321  -25.806  -77.787  -15.841 0.6999999881
10912  -26.281  -77.161  -15.188 0.6000000238
113061  -26.304  -75.549  -13.529 0.6000000238
9688  -26.014  -78.913  -15.527 0.5000000000
10338  -27.248  -77.461  -15.942 0.6000000238
11549  -27.062  -75.148  -13.077 0.6000000238
12234  -26.957  -74.242  -11.786 0.6999999881
12966  -26.509  -73.520  -11.409 0.6999999881
12967  -27.428  -73.636  -11.256 0.6999999881
13640  -26.618  -72.300  -10.645 0.6000000238
12948  -26.943  -73.009  -10.860 0.6999999881
9704  -24.882  -78.646  -16.038 0.6000000238
10320  -24.962  -77.902  -15.838 0.6999999881
10910  -24.463  -77.262  -15.102 0.6999999881
10911  -25.343  -77.252  -15.059 0.6999999881
10901  -25.782  -76.470  -14.243 0.6000000238
12247  -26.412  -74.777  -12.544 0.6999999881
12233  -25.995  -74.113  -11.894 0.6999999881
13653  -26.145  -72.760  -11.200 0.6000000238
11562  -23.517  -75.575  -14.332 0.6999999881
12260  -24.037  -74.119  -13.421 0.6999999881
11563  -24.444  -75.806  -13.649 0.6000000238
11547  -24.893  -75.140  -12.965 0.5000000000
10900  -24.858  -76.542  -14.211 0.6999999881
11564  -25.295  -75.778  -13.492 0.6000000238
12246  -25.457  -74.575  -12.484 0.6999999881
13652  -25.401  -72.445  -11.741 0.5000000000
12965  -25.634  -73.304  -11.676 0.6000000238
12259  -23.619  -74.560  -14.190 0.6999999881
12977  -23.819  -73.834  -14.231 0.6999999881
113849  -23.538  -74.564  -14.987 0.6999999881
12964  -24.970  -73.094  -12.111 0.6000000238
133064  -24.409  -73.422  -12.905 0.6999999881
13629  -27.704  -72.197  -9.707 0.5000000000
12245  -24.666  -74.356  -12.773 0.6000000238
10931  -29.691  -76.051  -16.969 0.4000000060
115822  -28.720  -77.963  -13.261 0.4000000060
10323  -29.248  -77.394  -15.341 0.4000000060
9676  -28.232  -78.040  -14.322 0.4000000060
12968  -28.305  -73.678  -11.140 0.6999999881
11565  -26.765  -76.402  -14.506 0.6000000238
9706  -26.360  -78.355  -15.893 0.6999999881
129008  -26.677  -77.929  -15.962 0.6000000238
10899  -24.036  -76.548  -14.476 0.6999999881
11548  -25.648  -75.141  -12.953 0.6000000238
11546  -24.136  -74.909  -13.420 0.6000000238
10319  -24.028  -77.989  -16.079 0.5000000000
120861  -25.465  -79.252  -14.718 0.4000000060
9094  -24.408  -79.088  -16.023 0.5000000000
10318  -23.243  -77.528  -15.941 0.6000000238
9075  -25.149  -79.287  -13.358 0.4000000060
9074  -24.429  -79.402  -14.239 0.5000000000
128678  -24.718  -79.250  -15.363 0.5000000000
9093  -23.683  -79.102  -16.080 0.5000000000
10335  -22.948  -78.054  -16.179 0.5000000000
10347  -21.912  -77.414  -16.048 0.5000000000
9703  -23.965  -78.696  -16.163 0.5000000000
119208  -23.818  -77.230  -15.338 0.6000000238
11577  -23.110  -75.804  -15.338 0.5000000000
10908  -22.617  -77.117  -15.971 0.5000000000
12273  -22.981  -75.509  -16.163 0.6999999881
135464  -22.520  -75.787  -16.371 0.6000000238
121679  -23.084  -75.001  -16.577 0.6000000238
9064  -23.674  -79.431  -13.274 0.5000000000
9073  -23.408  -79.337  -14.441 0.5000000000
132178  -22.433  -79.002  -15.549 0.5000000000
9701  -21.579  -77.686  -15.988 0.5000000000
9687  -22.930  -78.764  -16.045 0.5000000000
12266  -23.319  -75.111  -15.111 0.6000000238
10929  -21.513  -76.688  -16.220 0.6000000238
12279  -22.371  -75.431  -16.621 0.5000000000
12982  -23.483  -74.504  -16.749 0.6000000238
9672  -22.808  -79.218  -13.388 0.5000000000
9670  -21.753  -78.763  -14.885 0.5000000000
10304  -21.090  -78.100  -14.779 0.5000000000
9685  -21.435  -78.118  -15.699 0.5000000000
10919  -21.041  -76.707  -16.172 0.5000000000
12274  -23.475  -74.792  -16.198 0.6000000238
128244  -21.380  -75.725  -16.543 0.5000000000
13681  -22.525  -74.096  -16.537 0.6000000238
9653  -22.499  -79.005  -12.323 0.5000000000
10305  -21.513  -78.412  -13.837 0.5000000000
134976  -21.168  -77.672  -13.970 0.5000000000
121210  -20.333  -76.266  -13.973 0.5000000000
12258  -19.880  -74.626  -13.926 0.6000000238
10907  -20.233  -76.565  -15.023 0.4000000060
12976  -19.966  -73.603  -14.338 0.4000000060
11560  -19.832  -75.539  -14.571 0.5000000000
122440  -19.889  -75.252  -15.418 0.5000000000
10918  -20.657  -76.695  -15.823 0.4000000060
125210  -20.118  -72.079  -14.443 0.4000000060
13676  -20.222  -72.431  -14.765 0.5000000000
13679  -20.335  -73.228  -15.193 0.5000000000
15113  -19.694  -70.791  -14.118 0.4000000060
12980  -20.769  -74.052  -15.664 0.6000000238
130369  -21.769  -74.277  -16.319 0.6000000238
14415  -23.244  -73.171  -16.808 0.6000000238
15116  -22.620  -71.643  -15.736 0.6000000238
12978  -19.912  -73.819  -15.085 0.5000000000
15114  -20.213  -71.059  -14.550 0.5000000000
14403  -20.729  -72.077  -15.211 0.5000000000
15843  -19.917  -70.195  -14.198 0.4000000060
15115  -21.427  -71.307  -15.069 0.6000000238
131907  -20.810  -72.851  -15.399 0.6000000238
15844  -21.149  -70.170  -14.573 0.5000000000
18203  -21.580  -66.679  -13.963 0.3000000119
17408  -21.448  -67.457  -14.108 0.4000000060
16614  -21.062  -68.319  -14.168 0.4000000060
122113  -20.499  -69.271  -14.204 0.5000000000
15845  -22.431  -69.740  -14.786 0.5000000000
120195  -22.167  -70.689  -14.994 0.6000000238
21216  -24.747  -62.415  -12.739 0.3000000119
20414  -23.587  -63.590  -13.449 0.3000000119
19662  -23.341  -64.334  -13.550 0.4000000060
23778  -25.565  -59.170  -12.696 0.3000000119
25423  -26.553  -57.699  -12.455 0.3000000119
24595  -26.038  -58.403  -12.577 0.3000000119
26225  -27.054  -56.995  -12.285 0.3000000119
27007  -27.708  -55.537  -12.313 0.3000000119
114152  -28.141  -54.165  -12.354 0.3000000119
28746  -28.491  -53.167  -12.466 0.3000000119
29665  -29.131  -52.393  -12.708 0.3000000119
22891  -25.290  -60.760  -12.599 0.3000000119
9084  -23.117  -79.226  -15.614 0.5000000000
122042  -20.550  -75.550  -16.155 0.5000000000
14414  -21.993  -73.179  -16.135 0.6000000238
13630  -28.344  -72.543  -9.435 0.3000000119
12950  -28.541  -73.334  -10.536 0.6000000238
15040  -30.227  -70.658  -6.573 0.3000000119
15053  -29.116  -70.865  -7.236 0.3000000119
14336  -28.711  -71.420  -7.786 0.3000000119
15067  -28.458  -70.590  -7.775 0.3000000119
14337  -29.306  -71.719  -7.225 0.3000000119
14347  -28.172  -71.181  -8.364 0.3000000119
15066  -27.783  -70.340  -8.470 0.3000000119
12237  -29.545  -73.885  -11.124 0.6000000238
12932  -28.733  -73.128  -9.819 0.5000000000
15041  -31.005  -70.664  -6.465 0.3000000119
15771  -29.584  -69.470  -7.102 0.3000000119
130731  -28.901  -70.009  -7.249 0.3000000119
121594  -28.295  -69.739  -7.859 0.3000000119
125831  -28.483  -71.815  -8.356 0.3000000119
13620  -28.609  -72.368  -8.734 0.3000000119
129981  -28.802  -72.884  -9.153 0.4000000060
116908  -26.271  -78.997  -14.688 0.4000000060
15042  -31.800  -70.395  -6.662 0.3000000119
15753  -30.443  -69.872  -6.700 0.3000000119
15772  -30.390  -68.972  -7.164 0.3000000119
128583  -28.832  -69.169  -7.484 0.3000000119
10938  -32.589  -75.178  -17.858 0.5000000000
11589  -32.739  -74.897  -17.172 0.5000000000
10342  -33.019  -77.109  -16.190 0.4000000060
10934  -32.564  -75.653  -17.734 0.4000000060
10935  -33.296  -75.743  -17.279 0.5000000000
12269  -31.535  -74.660  -14.833 0.5000000000
12270  -31.849  -74.640  -15.833 0.5000000000
11596  -31.635  -75.160  -17.890 0.5000000000
12282  -32.210  -74.893  -17.747 0.5000000000
10925  -31.413  -76.208  -17.409 0.4000000060
120825  -30.857  -74.621  -12.932 0.6000000238
12264  -31.226  -74.642  -13.840 0.6000000238
12268  -30.592  -74.547  -14.948 0.5000000000
124358  -31.126  -74.579  -15.735 0.5000000000
10932  -30.548  -76.023  -17.362 0.3000000119
11593  -30.757  -75.548  -17.335 0.4000000060
12280  -30.944  -75.114  -17.260 0.5000000000
12251  -30.383  -74.418  -12.129 0.6000000238
12263  -30.385  -74.576  -13.765 0.6000000238
12267  -29.724  -74.736  -14.623 0.6000000238
11588  -30.241  -75.312  -16.951 0.4000000060
12276  -30.429  -74.796  -16.362 0.5000000000
12238  -30.186  -74.166  -11.267 0.6000000238
13608  -28.930  -72.275  -7.882 0.3000000119
12933  -29.288  -73.471  -9.268 0.4000000060
12250  -29.463  -74.461  -12.524 0.6000000238
12275  -29.844  -74.759  -15.626 0.4000000060
130835  -29.469  -72.460  -7.217 0.3000000119
14325  -29.745  -71.191  -6.745 0.3000000119
13621  -29.003  -72.958  -8.471 0.3000000119
12951  -29.286  -73.602  -10.357 0.5000000000
12262  -29.594  -74.722  -13.558 0.6000000238
124231  -29.756  -74.152  -11.731 0.6000000238
121532  -30.163  -74.481  -12.959 0.6000000238
12916  -29.403  -73.661  -8.190 0.3000000119
12252  -31.179  -74.811  -12.151 0.5000000000
12221  -31.036  -74.992  -10.733 0.5000000000
12239  -30.817  -74.649  -11.361 0.5000000000
11533  -30.871  -75.123  -9.959 0.4000000060
12220  -30.467  -74.456  -10.480 0.5000000000
122295  -31.477  -75.276  -11.406 0.5000000000
131497  -31.726  -75.263  -12.253 0.5000000000
11534  -31.409  -75.583  -10.461 0.4000000060
11519  -30.582  -75.438  -9.077 0.4000000060
12205  -30.307  -74.672  -9.442 0.4000000060
12934  -29.826  -74.050  -9.859 0.5000000000
11551  -31.587  -74.964  -12.968 0.5000000000
12187  -29.737  -74.222  -8.817 0.4000000060
8496  -34.645  -80.721  -16.679 0.3000000119
8483  -34.439  -80.678  -15.317 0.3000000119
126423  -35.265  -80.504  -16.300 0.3000000119
8485  -36.791  -80.371  -16.208 0.3000000119
8486  -37.812  -80.330  -16.103 0.4000000060
123797  -36.175  -80.136  -16.757 0.3000000119
122365  -36.295  -79.617  -17.826 0.3000000119
7835  -38.575  -80.656  -14.899 0.4000000060
8498  -38.006  -79.513  -16.381 0.4000000060
134561  -37.227  -79.546  -16.957 0.3000000119
9105  -36.931  -78.934  -17.972 0.3000000119
8465  -38.499  -80.458  -14.463 0.4000000060
9079  -37.316  -79.409  -14.160 0.4000000060
9107  -37.999  -78.857  -16.533 0.4000000060
9106  -37.589  -78.805  -17.142 0.4000000060
9111  -36.417  -78.582  -18.568 0.4000000060
9112  -37.144  -78.301  -17.865 0.4000000060
132571  -35.365  -80.100  -11.875 0.3000000119
9069  -37.225  -79.912  -13.356 0.4000000060
9078  -36.513  -79.174  -13.524 0.4000000060
9681  -36.891  -78.714  -14.620 0.4000000060
9693  -36.640  -78.101  -15.744 0.4000000060
9709  -36.979  -77.767  -16.907 0.4000000060
9714  -37.007  -77.824  -17.626 0.4000000060
9054  -34.017  -79.182  -11.407 0.3000000119
9663  -35.731  -78.826  -12.954 0.4000000060
9679  -35.156  -78.230  -13.280 0.4000000060
9680  -35.911  -78.570  -13.807 0.4000000060
10311  -35.314  -77.918  -14.216 0.4000000060
10327  -34.905  -77.095  -14.805 0.4000000060
10328  -35.661  -77.592  -15.309 0.4000000060
10344  -35.242  -76.705  -16.024 0.4000000060
10345  -36.029  -77.322  -16.473 0.4000000060
10352  -36.194  -77.300  -17.560 0.4000000060
9661  -34.263  -78.024  -12.251 0.4000000060
132582  -34.590  -77.886  -12.831 0.4000000060
10903  -34.228  -76.657  -14.359 0.4000000060
10915  -34.503  -76.385  -15.425 0.4000000060
10351  -35.239  -76.998  -17.597 0.4000000060
121136  -35.386  -76.701  -17.007 0.4000000060
9713  -35.707  -77.393  -18.141 0.4000000060
10298  -33.915  -77.252  -12.680 0.4000000060
10309  -33.894  -76.787  -13.516 0.4000000060
10914  -33.917  -76.119  -14.930 0.4000000060
10927  -33.937  -75.852  -15.923 0.4000000060
10928  -34.449  -76.377  -17.125 0.4000000060
118428  -33.797  -75.730  -16.932 0.4000000060
123949  -33.186  -76.356  -13.040 0.4000000060
11570  -32.865  -75.623  -13.920 0.4000000060
11581  -32.156  -74.854  -15.028 0.4000000060
10885  -31.896  -76.063  -11.052 0.4000000060
11552  -32.331  -75.559  -12.877 0.4000000060
11520  -31.155  -75.877  -9.596 0.3000000119
11504  -30.359  -75.893  -8.187 0.3000000119
11582  -32.648  -74.891  -15.913 0.4000000060
11540  -32.072  -75.807  -11.919 0.4000000060
12188  -30.128  -74.976  -8.457 0.3000000119
11569  -32.059  -75.053  -13.983 0.4000000060
120998  -38.443  -79.996  -14.985 0.4000000060
9087  -37.933  -79.214  -15.118 0.4000000060
9694  -37.516  -78.557  -15.658 0.4000000060
9710  -37.446  -78.269  -16.376 0.4000000060
9055  -34.892  -79.608  -11.850 0.4000000060
9068  -36.220  -79.468  -12.743 0.4000000060
9043  -34.213  -80.059  -11.103 0.3000000119
134331  -36.071  -78.196  -14.685 0.4000000060
9645  -33.801  -78.348  -11.613 0.3000000119
9646  -34.555  -78.774  -12.083 0.4000000060
9662  -34.958  -78.496  -12.625 0.4000000060
10310  -34.563  -77.418  -13.618 0.4000000060
10289  -33.546  -77.579  -11.825 0.4000000060
10902  -33.574  -76.177  -14.090 0.4000000060
130615  -34.622  -76.222  -16.528 0.4000000060
116871  -32.595  -75.206  -14.755 0.4000000060
10891  -32.607  -76.229  -12.311 0.4000000060
7798  -37.444  -81.727  -12.867 0.3000000119
117928  -37.901  -82.569  -14.405 0.3000000119
7279  -37.432  -82.692  -14.927 0.3000000119
125936  -38.132  -81.888  -14.724 0.3000000119
7799  -38.046  -81.414  -13.592 0.3000000119
7833  -37.831  -81.611  -15.188 0.3000000119
7817  -38.522  -81.171  -14.417 0.3000000119
7797  -36.681  -81.207  -12.346 0.3000000119
8452  -38.157  -80.557  -13.821 0.3000000119
8450  -36.570  -80.211  -12.494 0.3000000119
10279  -33.176  -77.936  -11.102 0.3000000119
10288  -32.831  -77.244  -11.326 0.3000000119
10886  -32.462  -76.505  -11.581 0.3000000119
10878  -31.727  -76.349  -10.118 0.3000000119
8440  -35.813  -80.648  -11.879 0.3000000119
10892  -33.106  -76.844  -12.102 0.3000000119
7261  -38.154  -82.031  -14.118 0.3000000119
7834  -38.471  -81.185  -15.163 0.4000000060
7848  -38.129  -80.980  -15.587 0.4000000060
7849  -38.341  -80.350  -15.572 0.4000000060
8451  -37.375  -80.813  -13.040 0.3000000119
9056  -35.765  -79.792  -12.200 0.3000000119
9065  -24.398  -79.437  -13.058 0.5000000000
9067  -35.389  -79.130  -12.431 0.4000000060
9080  -38.102  -79.935  -14.295 0.4000000060
9085  -23.966  -79.306  -15.477 0.5000000000
9099  -38.201  -79.399  -15.808 0.4000000060
9654  -23.178  -79.273  -12.537 0.5000000000
9655  -23.920  -79.356  -12.376 0.5000000000
9671  -22.501  -79.173  -14.607 0.5000000000
9675  -27.487  -78.302  -14.215 0.4000000060
9686  -22.130  -78.598  -15.756 0.5000000000
9690  -27.558  -78.106  -15.318 0.5000000000
9695  -38.006  -78.634  -16.135 0.4000000060
9702  -22.108  -78.153  -16.061 0.5000000000
9715  -37.558  -78.311  -17.001 0.4000000060
10294  -21.514  -77.620  -13.159 0.5000000000
10317  -20.814  -77.409  -15.388 0.4000000060
10334  -21.178  -77.311  -15.894 0.5000000000
10336  -25.319  -78.188  -15.969 0.6000000238
10337  -26.060  -78.050  -15.987 0.6000000238
10340  -30.802  -77.066  -15.732 0.4000000060
10346  -21.406  -77.156  -15.987 0.5000000000
10898  -21.047  -76.866  -13.541 0.5000000000
10909  -23.283  -76.590  -15.301 0.5000000000
10920  -26.748  -77.552  -15.851 0.6000000238
10922  -28.312  -76.517  -16.456 0.5000000000
10926  -32.445  -76.336  -17.162 0.4000000060
10930  -28.964  -76.278  -16.672 0.5000000000
10933  -32.093  -76.120  -17.909 0.4000000060
10936  -31.369  -75.676  -17.806 0.4000000060
10937  -32.003  -75.349  -18.041 0.5000000000
11571  -33.305  -75.535  -15.098 0.4000000060
11575  -20.076  -76.012  -15.655 0.5000000000
11576  -22.707  -76.251  -16.013 0.6999999881
11580  -29.190  -75.261  -15.528 0.6000000238
11583  -20.665  -76.214  -16.252 0.5000000000
11584  -21.958  -76.113  -16.518 0.6000000238
11590  -33.302  -75.287  -16.476 0.4000000060
11591  -21.180  -76.239  -16.458 0.5000000000
11594  -32.574  -75.003  -17.788 0.5000000000
11595  -33.042  -75.214  -17.398 0.5000000000
11597  -32.153  -75.019  -18.074 0.5000000000
12219  -29.883  -73.984  -10.650 0.6000000238
12261  -28.753  -74.954  -13.356 0.6999999881
12265  -19.729  -74.572  -14.817 0.5000000000
12271  -20.183  -74.658  -15.649 0.5000000000
12272  -21.381  -74.938  -16.341 0.6000000238
12277  -31.317  -74.769  -16.693 0.5000000000
12278  -32.109  -74.724  -16.898 0.5000000000
12281  -31.606  -74.922  -17.578 0.5000000000
12283  -31.214  -74.803  -17.695 0.5000000000
12284  -31.794  -74.987  -17.979 0.5000000000
12969  -28.969  -73.648  -11.004 0.6000000238
12975  -25.180  -73.840  -12.208 0.6000000238
12981  -22.605  -74.797  -16.652 0.6000000238
12983  -24.036  -74.363  -16.677 0.6999999881
13669  -20.149  -72.452  -14.305 0.4000000060
13675  -20.154  -72.921  -14.631 0.5000000000
13680  -21.351  -73.578  -15.845 0.6000000238
13688  -26.701  -72.974  -17.875 0.6999999881
13689  -27.030  -72.900  -17.855 0.6999999881
14346  -27.700  -71.079  -8.905 0.5000000000
14373  -25.956  -71.190  -11.220 0.5000000000
14402  -19.994  -71.535  -14.394 0.5000000000
14404  -22.016  -72.273  -15.731 0.6000000238
14419  -26.799  -72.763  -16.657 0.6999999881
14421  -25.364  -73.446  -17.611 0.6999999881
15039  -29.626  -70.332  -6.845 0.3000000119
15133  -29.401  -70.461  -16.998 0.5000000000
15141  -27.040  -71.206  -17.876 0.6000000238
15144  -27.748  -71.019  -17.722 0.5000000000
15145  -28.416  -71.127  -17.458 0.5000000000
15755  -31.842  -69.683  -6.911 0.3000000119
15790  -28.295  -68.906  -8.032 0.3000000119
15804  -26.885  -69.388  -10.018 0.4000000060
15849  -30.320  -69.153  -15.952 0.3000000119
15856  -30.017  -69.690  -16.767 0.5000000000
15867  -29.040  -69.611  -17.433 0.5000000000
15872  -29.110  -70.439  -17.278 0.5000000000
16572  -27.139  -68.772  -9.915 0.4000000060
16620  -30.479  -68.433  -15.142 0.5000000000
16640  -30.265  -68.113  -17.059 0.4000000060
17426  -30.071  -68.494  -17.341 0.5000000000
18197  -26.317  -66.433  -13.793 0.5000000000
18202  -20.917  -66.925  -13.876 0.3000000119
18220  -30.438  -67.632  -16.638 0.3000000119
18947  -30.689  -65.516  -16.136 0.3000000119
18951  -28.488  -64.985  -16.797 0.4000000060
18954  -29.944  -65.356  -17.530 0.4000000060
19649  -24.879  -64.044  -12.609 0.5000000000
19664  -27.250  -64.663  -13.627 0.4000000060
19669  -27.573  -64.642  -14.654 0.4000000060
19670  -30.745  -65.035  -15.450 0.3000000119
19681  -29.665  -64.485  -17.659 0.4000000060
19682  -30.430  -64.458  -17.691 0.4000000060
20391  -30.132  -63.015  -12.080 0.4000000060
20404  -26.605  -63.442  -12.505 0.5000000000
21254  -29.540  -62.153  -17.438 0.4000000060
22042  -30.490  -61.321  -14.216 0.4000000060
22047  -28.374  -61.497  -14.541 0.4000000060
22894  -27.796  -60.039  -12.757 0.4000000060
22915  -29.435  -60.162  -16.703 0.4000000060
24596  -27.033  -58.490  -12.434 0.4000000060
24612  -28.580  -58.672  -15.412 0.4000000060
26241  -29.109  -56.244  -13.666 0.4000000060
26279  -30.046  -56.648  -17.089 0.5000000000
30611  -29.683  -51.700  -13.841 0.4000000060
31525  -29.684  -50.304  -14.392 0.4000000060
113466  -21.984  -78.999  -13.547 0.5000000000
114177  -30.562  -64.027  -13.055 0.4000000060
114485  -30.704  -67.835  -14.343 0.3000000119
116397  -29.038  -67.725  -11.154 0.4000000060
117648  -23.872  -65.824  -13.519 0.6000000238
118045  -27.380  -56.249  -12.273 0.3000000119
119385  -30.539  -65.133  -17.408 0.4000000060
120760  -27.909  -76.983  -16.333 0.6000000238
120977  -22.058  -76.743  -16.201 0.6000000238
121320  -29.810  -77.160  -15.952 0.4000000060
121403  -28.145  -65.359  -16.252 0.4000000060
122447  -27.009  -66.953  -15.127 0.6000000238
123812  -28.091  -56.093  -12.430 0.4000000060
126120  -28.254  -67.222  -16.365 0.5000000000
127440  -28.134  -54.956  -12.388 0.3000000119
128000  -23.314  -69.773  -15.064 0.6999999881
128438  -29.586  -66.916  -17.088 0.4000000060
130512  -26.183  -59.581  -12.497 0.4000000060
131062  -28.445  -62.742  -16.448 0.4000000060
132064  -30.378  -59.530  -12.250 0.4000000060
132188  -20.695  -77.197  -14.489 0.4000000060
132365  -27.227  -68.798  -11.821 0.6000000238
133782  -25.832  -61.238  -12.463 0.4000000060
134733  -27.338  -70.927  -17.788 0.6000000238
134764  -27.871  -64.651  -15.412 0.4000000060
134942  -24.662  -78.348  -16.074 0.6000000238
135276  -29.709  -69.912  -17.201 0.5000000000
135516  -20.891  -75.964  -16.447 0.5000000000
