#!ascii label  , from subject bert vox2ras=TkReg
486
13650  -22.117  -72.577  -11.449 0.6999999881
14370  -20.237  -70.642  -12.433 0.6000000238
14381  -20.560  -71.653  -12.793 0.6000000238
14391  -19.946  -71.460  -14.151 0.4000000060
112561  -21.503  -69.496  -6.173 0.6999999881
16532  -21.127  -68.693  -6.836 0.6999999881
15752  -20.930  -69.188  -7.003 0.6999999881
121058  -20.836  -68.943  -7.007 0.6000000238
15036  -21.538  -69.881  -6.646 0.6999999881
15751  -20.393  -68.903  -7.156 0.6000000238
15051  -21.567  -70.148  -7.529 0.6000000238
15770  -20.285  -69.252  -7.438 0.6000000238
15064  -21.978  -70.161  -8.515 0.6000000238
15062  -20.362  -69.649  -8.024 0.6000000238
16556  -20.219  -69.002  -8.683 0.5000000000
15078  -21.236  -70.078  -9.311 0.5000000000
128060  -20.144  -69.313  -9.442 0.5000000000
15076  -20.043  -69.585  -10.255 0.6000000238
14362  -21.549  -70.731  -11.073 0.6000000238
15085  -19.856  -69.615  -10.976 0.6000000238
15093  -19.669  -69.990  -11.934 0.6000000238
114812  -19.475  -69.872  -12.275 0.6000000238
122359  -21.586  -68.243  -5.799 0.6000000238
17330  -21.831  -67.626  -7.117 0.6000000238
118384  -21.273  -68.057  -7.774 0.6000000238
16543  -20.526  -68.725  -7.322 0.6000000238
17339  -21.112  -67.950  -8.739 0.6000000238
16557  -20.525  -68.587  -8.159 0.6000000238
114693  -20.240  -69.281  -8.093 0.6000000238
17355  -20.439  -68.509  -9.259 0.6000000238
124326  -20.201  -68.686  -10.192 0.6000000238
15803  -20.130  -69.469  -9.825 0.6000000238
16584  -19.943  -68.937  -10.232 0.6999999881
16583  -19.765  -68.981  -11.131 0.6000000238
14379  -19.583  -70.296  -12.843 0.5000000000
14390  -19.680  -70.640  -13.670 0.5000000000
17322  -21.789  -67.749  -6.267 0.6000000238
17331  -22.700  -67.229  -7.311 0.6000000238
17341  -22.806  -67.064  -8.037 0.6000000238
17340  -22.026  -67.483  -8.414 0.6000000238
18152  -22.633  -66.656  -9.606 0.6000000238
17357  -21.949  -67.326  -9.263 0.6000000238
18151  -21.907  -67.057  -10.134 0.6000000238
17356  -21.170  -67.780  -9.719 0.6000000238
17368  -21.095  -67.427  -10.644 0.6000000238
113850  -20.566  -68.109  -10.174 0.6999999881
125993  -19.612  -69.485  -11.490 0.6000000238
15822  -19.425  -69.605  -12.165 0.6000000238
14401  -19.784  -70.928  -14.128 0.4000000060
17323  -22.732  -67.154  -6.104 0.6000000238
125605  -22.433  -67.341  -6.695 0.6000000238
18135  -23.604  -66.731  -7.449 0.6000000238
18153  -23.264  -66.244  -9.091 0.6000000238
18903  -22.987  -65.835  -9.727 0.5000000000
18163  -21.646  -66.514  -10.889 0.6999999881
18161  -20.068  -67.341  -12.004 0.6000000238
17367  -20.287  -67.897  -11.072 0.6000000238
133065  -20.000  -68.643  -10.907 0.6000000238
17366  -19.764  -68.039  -11.800 0.6000000238
17387  -19.562  -67.689  -12.637 0.6000000238
17396  -19.395  -68.219  -12.843 0.6000000238
16598  -19.319  -69.236  -12.745 0.6000000238
16613  -19.701  -69.540  -13.844 0.4000000060
15837  -19.432  -69.858  -13.483 0.5000000000
18126  -22.853  -66.763  -5.428 0.5000000000
124866  -23.923  -66.605  -6.710 0.6000000238
17324  -23.249  -67.031  -6.714 0.6000000238
18144  -24.109  -66.086  -7.813 0.6000000238
18143  -23.448  -66.499  -8.329 0.5000000000
18896  -23.774  -65.767  -8.537 0.5000000000
18904  -23.415  -65.378  -9.183 0.5000000000
18908  -22.700  -65.306  -10.286 0.6000000238
116742  -22.118  -63.976  -10.741 0.6000000238
19634  -22.357  -64.780  -10.709 0.6999999881
18906  -21.327  -65.755  -11.544 0.6999999881
119304  -20.957  -65.012  -11.970 0.6000000238
18162  -20.731  -66.817  -11.616 0.6999999881
18911  -20.617  -65.794  -12.251 0.6000000238
18173  -20.218  -66.641  -12.479 0.6000000238
18172  -19.826  -67.239  -12.583 0.6000000238
18183  -19.730  -67.145  -12.930 0.6000000238
16605  -19.467  -68.960  -13.333 0.5000000000
16606  -20.011  -68.509  -13.878 0.4000000060
18128  -24.236  -66.091  -6.339 0.6000000238
18889  -24.576  -65.552  -7.374 0.6000000238
18897  -24.302  -65.335  -8.046 0.5000000000
19621  -23.903  -64.942  -8.723 0.5000000000
19629  -23.428  -64.545  -9.386 0.6000000238
20378  -23.344  -63.578  -9.656 0.5000000000
120319  -23.093  -65.052  -9.715 0.6000000238
20385  -22.939  -62.784  -9.875 0.5000000000
20384  -22.483  -63.219  -10.223 0.5000000000
20383  -21.688  -63.084  -10.874 0.5000000000
22009  -20.738  -61.704  -11.266 0.5000000000
126089  -21.483  -63.830  -11.335 0.5000000000
19633  -21.654  -64.720  -11.328 0.6000000238
21209  -20.214  -62.437  -12.044 0.4000000060
19632  -20.958  -64.172  -11.979 0.6999999881
125309  -20.084  -62.963  -12.566 0.4000000060
20401  -19.864  -63.102  -13.020 0.5000000000
19637  -20.501  -64.696  -12.615 0.6000000238
123008  -20.222  -63.906  -12.949 0.5000000000
18920  -20.331  -65.753  -12.782 0.6000000238
20411  -20.337  -63.728  -13.183 0.5000000000
18928  -20.289  -65.823  -13.052 0.6000000238
17407  -20.482  -67.586  -13.847 0.5000000000
19648  -20.400  -64.756  -13.072 0.6000000238
118947  -20.056  -66.628  -12.997 0.6000000238
17397  -19.713  -67.725  -13.278 0.6000000238
18883  -24.982  -64.975  -7.053 0.5000000000
19622  -24.616  -64.643  -8.289 0.5000000000
20379  -24.166  -64.104  -9.090 0.5000000000
117151  -24.094  -63.326  -9.378 0.4000000060
21201  -22.316  -62.272  -10.155 0.5000000000
132812  -22.062  -62.675  -10.434 0.5000000000
22010  -21.650  -61.433  -10.369 0.5000000000
22882  -19.820  -60.259  -12.023 0.4000000060
126698  -20.051  -60.903  -11.650 0.4000000060
117740  -19.692  -61.088  -12.470 0.4000000060
22027  -19.389  -61.756  -12.965 0.5000000000
21215  -19.493  -62.417  -12.881 0.5000000000
22036  -19.654  -61.705  -13.209 0.5000000000
21224  -19.523  -62.436  -13.084 0.5000000000
21225  -20.209  -62.520  -13.370 0.5000000000
18929  -21.128  -65.310  -13.835 0.5000000000
18193  -20.951  -66.227  -13.843 0.5000000000
128639  -20.596  -65.244  -13.399 0.6000000238
119106  -20.528  -65.965  -13.410 0.5000000000
124973  -22.465  -61.624  -10.034 0.4000000060
118030  -21.520  -60.662  -10.460 0.5000000000
22870  -20.853  -60.780  -10.960 0.5000000000
23759  -20.120  -59.654  -11.394 0.5000000000
23776  -19.863  -59.819  -12.813 0.4000000060
22037  -20.722  -61.608  -13.374 0.5000000000
19660  -21.391  -64.385  -13.800 0.5000000000
18938  -21.589  -66.005  -13.877 0.3000000119
22898  -20.121  -60.843  -13.292 0.5000000000
20412  -20.632  -63.261  -13.432 0.5000000000
19659  -20.748  -64.522  -13.539 0.5000000000
22871  -21.009  -59.986  -10.984 0.4000000060
132567  -20.196  -60.255  -11.270 0.4000000060
129204  -20.674  -59.213  -11.254 0.4000000060
24594  -20.626  -58.253  -12.816 0.4000000060
24586  -20.144  -58.944  -12.428 0.4000000060
24593  -20.463  -59.157  -13.128 0.4000000060
23788  -21.208  -59.351  -13.593 0.5000000000
116588  -22.975  -63.162  -13.595 0.4000000060
19661  -22.360  -64.321  -13.734 0.4000000060
20413  -21.810  -63.379  -13.664 0.5000000000
22899  -21.181  -60.747  -13.442 0.5000000000
21226  -21.427  -62.373  -13.478 0.5000000000
124380  -20.878  -63.876  -13.651 0.5000000000
25433  -20.949  -57.369  -13.044 0.4000000060
117366  -21.434  -58.136  -13.366 0.4000000060
21227  -22.736  -62.313  -13.558 0.4000000060
115904  -21.484  -60.032  -13.585 0.5000000000
22038  -21.947  -61.466  -13.505 0.5000000000
22039  -23.007  -61.207  -13.506 0.4000000060
120246  -23.793  -61.811  -13.313 0.3000000119
24604  -21.864  -58.827  -13.707 0.5000000000
117182  -22.341  -59.609  -13.736 0.5000000000
26236  -21.464  -56.533  -13.185 0.4000000060
22902  -23.938  -60.006  -13.317 0.3000000119
22040  -23.814  -60.851  -13.277 0.3000000119
25434  -22.140  -57.487  -13.463 0.4000000060
22901  -23.164  -60.274  -13.579 0.5000000000
127396  -23.129  -57.229  -13.631 0.4000000060
24605  -22.885  -58.856  -13.831 0.5000000000
24606  -23.739  -58.813  -13.819 0.5000000000
120640  -23.119  -54.746  -13.503 0.4000000060
23790  -24.137  -59.277  -13.588 0.3000000119
23777  -24.812  -59.803  -12.960 0.3000000119
26237  -22.547  -56.749  -13.535 0.4000000060
26238  -23.524  -56.452  -13.646 0.4000000060
25435  -23.261  -58.061  -13.686 0.4000000060
134348  -24.184  -58.837  -13.676 0.3000000119
24608  -25.134  -58.306  -13.013 0.4000000060
25422  -25.585  -57.593  -12.741 0.4000000060
23778  -25.565  -59.170  -12.696 0.4000000060
27021  -23.416  -55.527  -13.620 0.4000000060
26239  -24.487  -56.591  -13.520 0.5000000000
25437  -24.743  -57.464  -13.294 0.4000000060
27022  -24.343  -55.737  -13.667 0.5000000000
27023  -25.065  -55.901  -13.392 0.4000000060
26240  -25.226  -56.751  -12.991 0.4000000060
120311  -25.781  -56.121  -12.658 0.4000000060
24595  -26.038  -58.403  -12.577 0.3000000119
27842  -23.747  -54.251  -13.589 0.5000000000
119397  -24.185  -54.942  -13.726 0.5000000000
120475  -26.282  -53.813  -12.470 0.4000000060
115561  -27.083  -54.029  -12.277 0.3000000119
29677  -23.933  -52.243  -13.476 0.5000000000
27827  -25.518  -53.957  -12.829 0.4000000060
27005  -25.554  -55.296  -12.966 0.4000000060
131266  -26.209  -54.595  -12.550 0.4000000060
27006  -26.627  -55.564  -12.377 0.4000000060
27828  -27.343  -54.812  -12.312 0.3000000119
28757  -23.894  -53.607  -13.535 0.5000000000
27843  -24.700  -54.195  -13.525 0.5000000000
127364  -25.325  -54.662  -13.234 0.5000000000
28758  -24.280  -52.986  -13.418 0.5000000000
29662  -26.499  -52.508  -12.421 0.4000000060
28744  -26.809  -53.291  -12.316 0.4000000060
123241  -24.191  -50.821  -13.552 0.5000000000
30609  -24.431  -51.582  -13.457 0.5000000000
29678  -24.755  -52.338  -13.293 0.5000000000
29661  -25.532  -52.389  -12.805 0.5000000000
28759  -25.031  -53.238  -13.188 0.5000000000
30593  -27.231  -51.917  -12.307 0.4000000060
31514  -23.952  -50.046  -13.564 0.5000000000
123170  -25.711  -50.004  -13.066 0.5000000000
30594  -27.933  -51.347  -12.324 0.3000000119
28745  -27.645  -53.483  -12.293 0.3000000119
31515  -24.859  -50.208  -13.545 0.5000000000
129769  -24.857  -50.998  -13.471 0.5000000000
14371  -21.133  -71.104  -11.929 0.6000000238
113839  -20.164  -72.066  -13.693 0.5000000000
113081  -20.505  -69.744  -8.743 0.6000000238
18164  -22.410  -66.206  -10.309 0.6999999881
130603  -19.442  -68.759  -12.117 0.6000000238
18907  -22.111  -65.566  -10.910 0.6999999881
18191  -19.718  -67.111  -12.967 0.6000000238
21200  -21.633  -62.242  -10.654 0.5000000000
20382  -20.790  -63.245  -11.782 0.4000000060
133022  -19.872  -60.341  -13.148 0.5000000000
24569  -20.264  -58.963  -11.667 0.4000000060
119476  -26.090  -56.923  -12.516 0.3000000119
31496  -25.510  -50.824  -13.128 0.5000000000
8350  -22.840  -80.001  -6.520 0.5000000000
8996  -24.431  -79.409  -7.508 0.5000000000
123659  -23.609  -79.966  -6.829 0.5000000000
9617  -24.682  -78.535  -9.357 0.5000000000
9015  -25.554  -79.668  -8.262 0.5000000000
9014  -24.878  -79.164  -7.923 0.4000000060
9580  -23.320  -78.400  -6.797 0.5000000000
9592  -24.220  -78.784  -7.664 0.6000000238
112908  -23.763  -78.310  -7.344 0.6000000238
126250  -24.409  -78.559  -8.511 0.5000000000
125485  -23.951  -78.356  -11.187 0.4000000060
11478  -22.239  -75.890  -6.393 0.6999999881
10831  -22.645  -76.766  -6.472 0.6999999881
10227  -23.543  -77.448  -7.094 0.6999999881
10248  -23.797  -77.655  -8.058 0.5000000000
121998  -23.887  -77.025  -7.855 0.6999999881
127255  -23.844  -77.861  -10.629 0.5000000000
10276  -23.610  -77.534  -10.203 0.5000000000
10264  -23.798  -77.491  -9.201 0.5000000000
9625  -23.301  -78.286  -11.422 0.5000000000
117484  -20.853  -74.403  -6.661 0.5000000000
11477  -21.682  -74.892  -6.531 0.6999999881
12155  -22.716  -74.884  -6.353 0.6999999881
12156  -23.646  -74.937  -6.524 0.6999999881
10832  -23.340  -76.666  -6.816 0.6000000238
10858  -23.965  -76.570  -8.590 0.6999999881
10846  -24.135  -76.347  -7.831 0.6000000238
10275  -23.270  -77.418  -11.127 0.5000000000
10263  -23.437  -77.095  -10.114 0.6000000238
10871  -23.637  -76.877  -9.362 0.6000000238
134131  -23.652  -77.714  -10.939 0.5000000000
10295  -21.922  -78.463  -12.793 0.5000000000
12876  -21.749  -73.701  -5.825 0.5000000000
125768  -22.072  -74.274  -6.229 0.6999999881
11480  -23.986  -75.457  -6.822 0.6999999881
12879  -24.337  -74.018  -6.747 0.6999999881
119580  -24.155  -73.371  -6.376 0.6999999881
10845  -23.814  -76.516  -7.261 0.8000000119
116974  -24.212  -74.740  -8.306 0.6999999881
11532  -23.288  -75.672  -10.294 0.6000000238
11518  -23.782  -75.920  -9.374 0.6999999881
10877  -23.014  -76.414  -10.861 0.6999999881
10870  -23.421  -76.485  -10.030 0.6000000238
10286  -22.032  -77.383  -12.387 0.6000000238
10884  -22.570  -76.984  -11.655 0.6000000238
10890  -21.429  -76.697  -12.676 0.6000000238
12858  -20.148  -73.749  -5.271 0.5000000000
12847  -21.789  -72.917  -4.781 0.6000000238
12875  -20.804  -73.853  -6.172 0.5000000000
118376  -22.285  -73.284  -5.389 0.6000000238
12860  -23.013  -73.207  -5.604 0.6000000238
12878  -23.509  -73.695  -6.024 0.6999999881
13596  -24.365  -72.641  -6.778 0.6999999881
127401  -24.221  -72.115  -6.642 0.6000000238
122750  -24.445  -74.235  -7.165 0.6999999881
12915  -24.295  -73.474  -7.979 0.6999999881
12185  -23.962  -75.099  -8.949 0.6999999881
11531  -22.593  -75.454  -11.040 0.6999999881
10883  -21.876  -76.452  -12.016 0.6999999881
121285  -22.345  -76.163  -11.450 0.6999999881
12846  -20.800  -72.989  -4.443 0.5000000000
13573  -22.224  -72.056  -4.619 0.6000000238
13581  -22.605  -72.635  -5.133 0.6000000238
13582  -23.317  -72.502  -5.561 0.6000000238
12931  -24.014  -73.474  -8.891 0.8000000119
13619  -24.242  -72.578  -8.633 0.5000000000
14335  -24.299  -71.887  -7.201 0.6000000238
12203  -23.595  -74.828  -9.767 0.6999999881
134761  -23.049  -73.269  -9.937 0.6999999881
12232  -22.092  -74.766  -11.457 0.6999999881
12963  -22.408  -73.999  -11.092 0.6999999881
112488  -20.762  -76.114  -12.988 0.5000000000
11545  -20.970  -75.493  -12.629 0.6999999881
12244  -20.653  -74.693  -13.140 0.5000000000
12833  -19.895  -73.102  -4.006 0.5000000000
13572  -21.322  -72.247  -4.327 0.5000000000
14307  -21.690  -71.320  -4.434 0.6000000238
125342  -22.394  -71.301  -4.767 0.6000000238
14316  -22.944  -71.733  -5.159 0.6000000238
14315  -22.558  -70.906  -5.248 0.6000000238
14323  -23.111  -71.237  -5.903 0.6000000238
15037  -22.423  -70.550  -6.110 0.6000000238
115393  -23.381  -71.851  -9.668 0.6000000238
14356  -23.297  -71.067  -9.320 0.5000000000
15038  -23.079  -70.873  -6.818 0.5000000000
12947  -22.617  -73.149  -10.694 0.6000000238
13638  -22.937  -72.455  -10.056 0.6000000238
12962  -21.661  -73.136  -12.081 0.6000000238
131123  -22.158  -73.380  -11.404 0.6000000238
13662  -20.961  -72.798  -13.137 0.5000000000
14306  -20.899  -71.583  -3.993 0.5000000000
124044  -21.178  -70.734  -4.242 0.6000000238
15029  -21.859  -70.145  -5.475 0.6000000238
14344  -23.741  -70.936  -8.516 0.5000000000
127853  -22.259  -71.185  -10.795 0.4000000060
14363  -21.970  -70.494  -10.254 0.5000000000
14355  -22.456  -70.445  -9.456 0.5000000000
13649  -21.409  -72.165  -12.119 0.6000000238
14296  -20.127  -71.780  -3.602 0.5000000000
123229  -20.484  -70.880  -3.766 0.6000000238
15020  -21.511  -70.105  -4.683 0.6000000238
15086  -20.878  -70.181  -10.323 0.5000000000
15077  -20.399  -70.048  -9.709 0.4000000060
121971  -19.650  -71.075  -3.440 0.5000000000
15010  -20.034  -70.191  -3.537 0.5000000000
15734  -21.172  -69.265  -4.675 0.6000000238
15741  -21.484  -69.440  -5.405 0.6000000238
15009  -19.285  -70.380  -3.332 0.5000000000
15723  -20.241  -69.427  -3.651 0.5000000000
15733  -20.631  -68.971  -4.037 0.6000000238
16517  -21.412  -68.650  -5.319 0.6000000238
15008  -18.514  -70.013  -3.249 0.5000000000
15722  -19.464  -69.498  -3.389 0.5000000000
16505  -20.549  -68.214  -3.939 0.5000000000
114026  -21.493  -67.954  -4.934 0.6000000238
16493  -19.119  -68.642  -3.367 0.5000000000
16494  -20.039  -68.623  -3.539 0.5000000000
17276  -18.681  -67.887  -3.470 0.5000000000
17308  -21.911  -67.616  -5.276 0.5000000000
17278  -20.157  -67.612  -3.649 0.5000000000
17290  -20.928  -67.534  -4.237 0.5000000000
17275  -17.737  -67.828  -3.646 0.5000000000
17277  -19.299  -67.290  -3.515 0.5000000000
18103  -21.244  -66.662  -4.157 0.5000000000
125201  -22.311  -67.260  -5.561 0.4000000060
18087  -19.216  -66.471  -3.731 0.5000000000
18102  -20.505  -66.789  -3.802 0.5000000000
18104  -21.982  -66.497  -4.474 0.4000000060
17309  -22.300  -66.986  -4.926 0.4000000060
18860  -20.719  -65.992  -3.964 0.4000000060
18862  -22.200  -65.830  -4.499 0.4000000060
18875  -23.672  -65.292  -5.444 0.4000000060
13636  -21.946  -71.590  -11.430 0.6000000238
12973  -20.349  -73.804  -13.562 0.4000000060
15052  -22.885  -70.417  -7.820 0.6000000238
18119  -23.308  -66.055  -5.322 0.4000000060
18876  -24.422  -65.299  -5.978 0.4000000060
11494  -23.770  -76.039  -6.910 0.6999999881
12204  -23.893  -74.333  -8.976 0.6999999881
12217  -22.626  -74.636  -10.877 0.6999999881
119621  -23.089  -74.927  -10.497 0.6999999881
14345  -24.303  -71.692  -8.153 0.6000000238
14324  -23.825  -71.608  -6.537 0.6000000238
12231  -21.426  -74.764  -12.246 0.6999999881
13628  -23.687  -72.712  -9.460 0.6999999881
12218  -22.999  -74.078  -10.338 0.6999999881
12974  -21.286  -73.876  -12.768 0.6000000238
8986  -23.131  -79.249  -6.630 0.5000000000
8995  -23.830  -79.180  -7.059 0.5000000000
8997  -24.981  -79.989  -7.595 0.4000000060
9608  -23.891  -78.139  -8.344 0.5000000000
9609  -25.179  -79.023  -8.670 0.5000000000
9616  -23.968  -77.997  -9.482 0.5000000000
9626  -24.326  -78.146  -10.299 0.5000000000
9638  -23.400  -79.034  -11.830 0.4000000060
10287  -22.509  -78.158  -11.927 0.6000000238
11479  -23.254  -75.836  -6.561 0.6999999881
11481  -24.286  -75.255  -7.097 0.6999999881
11495  -24.158  -75.758  -7.350 0.6999999881
11503  -24.197  -75.655  -8.264 0.6999999881
11539  -21.673  -75.638  -11.804 0.6999999881
11561  -20.250  -75.462  -13.490 0.5000000000
12154  -21.433  -74.144  -6.335 0.5000000000
12157  -24.270  -74.755  -6.845 0.6999999881
12171  -24.369  -74.974  -7.519 0.6999999881
12186  -24.310  -74.233  -7.783 0.6999999881
12859  -21.113  -73.501  -5.159 0.5000000000
12861  -23.672  -73.070  -5.854 0.6999999881
12877  -22.676  -73.883  -5.959 0.6999999881
12898  -24.468  -73.468  -7.072 0.6999999881
12930  -23.554  -73.789  -9.562 0.6999999881
13571  -20.487  -72.432  -3.928 0.5000000000
13595  -23.984  -72.450  -6.135 0.6000000238
13607  -24.410  -72.601  -7.620 0.6999999881
13618  -23.992  -71.725  -9.082 0.5000000000
13627  -22.796  -71.294  -10.126 0.6000000238
13637  -22.606  -72.009  -10.861 0.6000000238
13661  -20.281  -72.941  -13.902 0.4000000060
14294  -18.674  -71.129  -3.224 0.5000000000
14317  -23.499  -71.879  -5.808 0.6000000238
14334  -23.900  -71.072  -7.521 0.6000000238
14380  -19.946  -71.060  -13.417 0.5000000000
15019  -20.814  -69.917  -4.033 0.6000000238
15050  -20.701  -69.681  -7.460 0.6000000238
15063  -20.837  -70.075  -8.161 0.6000000238
15065  -22.973  -70.451  -8.789 0.5000000000
15092  -19.613  -69.681  -11.547 0.6000000238
15094  -20.487  -70.225  -11.324 0.6000000238
15107  -19.605  -70.428  -13.782 0.4000000060
15816  -19.960  -69.552  -10.609 0.6000000238
15831  -19.350  -69.991  -13.000 0.5000000000
15842  -19.563  -70.247  -13.881 0.4000000060
16492  -18.146  -68.618  -3.393 0.5000000000
16506  -20.981  -68.400  -4.565 0.6000000238
16542  -20.220  -68.908  -7.629 0.6000000238
16570  -20.086  -69.377  -9.908 0.6000000238
16571  -20.048  -68.805  -9.533 0.6000000238
17291  -21.681  -67.236  -4.614 0.5000000000
17329  -21.260  -68.298  -7.085 0.6000000238
18088  -19.865  -66.858  -3.617 0.5000000000
18118  -22.627  -66.261  -4.823 0.4000000060
18120  -23.985  -65.949  -5.752 0.4000000060
18127  -23.582  -66.606  -6.014 0.5000000000
18136  -24.331  -66.205  -7.061 0.6000000238
18142  -22.788  -66.961  -8.846 0.6000000238
18184  -20.075  -66.626  -12.887 0.6000000238
18192  -20.282  -66.838  -13.417 0.6000000238
18850  -19.980  -66.185  -3.763 0.4000000060
18861  -21.521  -65.865  -4.221 0.4000000060
18882  -24.612  -65.537  -6.680 0.5000000000
19615  -24.816  -64.995  -7.643 0.5000000000
19628  -22.828  -64.330  -10.099 0.5000000000
20390  -20.334  -63.668  -12.600 0.5000000000
21195  -23.640  -62.764  -9.626 0.4000000060
21199  -21.061  -62.515  -11.303 0.5000000000
22020  -19.757  -61.701  -12.314 0.4000000060
22889  -19.627  -60.840  -12.929 0.5000000000
22900  -22.233  -60.552  -13.560 0.5000000000
23771  -19.908  -59.483  -12.006 0.4000000060
23787  -20.473  -59.996  -13.381 0.5000000000
23789  -23.407  -59.456  -13.738 0.5000000000
24607  -24.265  -58.263  -13.587 0.4000000060
25436  -23.939  -57.345  -13.664 0.5000000000
27020  -22.503  -55.305  -13.419 0.4000000060
28743  -25.867  -53.208  -12.561 0.4000000060
29663  -27.509  -52.755  -12.286 0.4000000060
30610  -25.206  -51.602  -13.177 0.5000000000
113231  -21.364  -68.952  -6.213 0.6000000238
113562  -23.831  -77.214  -8.659 0.6999999881
117405  -21.940  -64.940  -13.798 0.4000000060
118532  -19.977  -63.000  -13.166 0.5000000000
119406  -22.469  -56.021  -13.495 0.4000000060
121098  -21.915  -73.995  -11.870 0.6000000238
121205  -24.949  -55.120  -13.676 0.5000000000
123641  -19.513  -68.019  -3.476 0.5000000000
123669  -22.135  -67.502  -7.751 0.6000000238
124061  -22.357  -58.288  -13.614 0.5000000000
124452  -23.961  -74.189  -6.444 0.6999999881
124575  -24.243  -79.832  -7.266 0.5000000000
126348  -23.318  -74.328  -6.253 0.6999999881
129270  -22.025  -70.702  -4.790 0.6000000238
129299  -21.026  -58.724  -13.413 0.4000000060
129350  -22.830  -63.758  -13.660 0.4000000060
129387  -26.572  -56.372  -12.350 0.3000000119
129879  -20.252  -69.500  -8.896 0.5000000000
131287  -24.691  -58.946  -13.307 0.4000000060
131391  -22.293  -70.343  -6.971 0.5000000000
133743  -21.765  -73.362  -5.248 0.6000000238
133996  -21.013  -62.903  -13.462 0.5000000000
134080  -18.676  -69.217  -3.306 0.5000000000
134115  -21.616  -70.695  -4.536 0.6000000238
134130  -24.517  -53.541  -13.442 0.5000000000
134328  -24.405  -73.858  -7.449 0.6999999881
134701  -19.318  -69.580  -13.123 0.5000000000
134797  -20.209  -70.063  -10.501 0.6000000238
135210  -24.090  -74.049  -8.373 0.8000000119
135301  -21.158  -76.110  -12.244 0.6999999881
135432  -19.535  -67.452  -12.910 0.6000000238
