#!ascii label  , from subject bert vox2ras=TkReg
1624
25421  -20.513  -57.398  -12.370 0.5000000000
24587  -20.338  -58.178  -12.021 0.4000000060
25413  -20.650  -57.447  -11.727 0.6000000238
118432  -20.539  -56.599  -11.977 0.6000000238
125045  -20.855  -55.976  -12.584 0.6000000238
27841  -21.896  -54.690  -13.164 0.6000000238
26201  -21.014  -56.665  -11.419 0.6999999881
25399  -21.368  -57.464  -11.004 0.6999999881
26995  -20.071  -55.010  -11.845 0.6999999881
26215  -20.459  -55.826  -12.100 0.6999999881
27840  -20.884  -54.829  -12.556 0.6999999881
131366  -22.552  -53.724  -13.324 0.5000000000
28756  -20.861  -53.948  -12.564 0.6999999881
27020  -22.503  -55.305  -13.419 0.5000000000
22816  -21.688  -60.370  -5.776 0.5000000000
127752  -21.332  -56.088  -11.060 0.6999999881
116015  -20.590  -55.704  -11.597 0.6999999881
27826  -19.928  -54.520  -12.119 0.6999999881
26980  -20.296  -54.806  -11.351 0.6999999881
28742  -19.715  -53.674  -11.995 0.6999999881
27816  -19.809  -54.248  -11.749 0.6999999881
120788  -19.915  -53.041  -11.980 0.6999999881
29675  -22.184  -52.551  -13.210 0.6000000238
25402  -25.229  -57.596  -9.737 0.6999999881
121970  -24.778  -56.911  -10.018 0.6999999881
26202  -21.955  -56.704  -10.656 0.6999999881
114149  -21.998  -55.947  -10.702 0.6999999881
21983  -19.845  -61.723  -6.385 0.4000000060
26981  -21.176  -55.421  -10.909 0.6999999881
116621  -21.239  -53.119  -12.777 0.6999999881
30591  -20.858  -51.646  -12.082 0.6999999881
124205  -23.132  -52.190  -13.399 0.6000000238
133741  -26.314  -56.878  -9.483 0.6999999881
122860  -25.655  -56.889  -9.793 0.6999999881
26204  -24.327  -56.205  -10.338 0.6999999881
26205  -25.264  -56.194  -10.042 0.6999999881
26189  -26.141  -56.226  -9.777 0.6999999881
24499  -22.966  -59.043  -5.846 0.6000000238
127264  -22.518  -55.213  -10.786 0.6999999881
26982  -23.895  -55.414  -10.634 0.6999999881
26983  -24.866  -55.475  -10.285 0.6999999881
26967  -25.779  -55.449  -9.992 0.6999999881
117916  -19.926  -60.143  -6.472 0.5000000000
22828  -20.815  -60.222  -6.212 0.5000000000
28714  -20.385  -53.096  -11.586 0.6999999881
118495  -21.124  -54.640  -10.935 0.6999999881
27790  -25.320  -54.697  -10.215 0.6999999881
22826  -19.440  -60.899  -6.506 0.4000000060
29660  -20.304  -52.402  -11.940 0.6999999881
27802  -21.420  -53.740  -11.127 0.6999999881
114483  -23.643  -54.447  -10.745 0.6999999881
27804  -24.531  -54.804  -10.523 0.6999999881
22840  -18.582  -60.861  -6.835 0.4000000060
116645  -23.698  -53.467  -10.750 0.6999999881
117368  -24.537  -52.931  -10.546 0.6999999881
29674  -20.979  -52.419  -12.413 0.6999999881
30585  -20.797  -51.726  -11.917 0.6999999881
30572  -22.600  -51.338  -10.669 0.6999999881
29643  -23.256  -52.037  -10.654 0.6999999881
30606  -21.726  -51.735  -12.788 0.6999999881
29642  -22.086  -52.058  -10.804 0.6999999881
31513  -23.287  -50.597  -13.339 0.6000000238
125437  -22.263  -50.147  -12.874 0.6999999881
31511  -21.375  -50.000  -12.273 0.6999999881
127271  -24.778  -48.244  -13.513 0.5000000000
127604  -24.781  -48.847  -13.550 0.5000000000
32979  -26.394  -48.781  -12.837 0.4000000060
32264  -25.851  -49.289  -13.040 0.5000000000
26968  -26.675  -55.495  -9.460 0.6999999881
128821  -23.288  -58.334  -5.875 0.6000000238
128012  -23.193  -53.936  -10.822 0.6999999881
23713  -21.424  -59.514  -6.238 0.5000000000
28699  -25.686  -53.849  -10.071 0.6999999881
30570  -21.003  -51.591  -11.647 0.6999999881
28715  -21.734  -52.874  -11.133 0.6999999881
124615  -21.065  -50.994  -11.960 0.6999999881
31474  -21.369  -50.803  -11.402 0.6999999881
33749  -23.321  -47.653  -13.424 0.6999999881
31512  -22.501  -51.123  -13.050 0.6999999881
32995  -22.966  -48.772  -13.279 0.6999999881
32277  -22.590  -49.322  -13.104 0.6999999881
33750  -24.306  -47.526  -13.542 0.6999999881
26147  -26.890  -56.905  -6.256 0.6999999881
26148  -27.599  -56.335  -6.613 0.6999999881
26149  -28.115  -55.924  -6.922 0.8000000119
26940  -28.212  -55.331  -7.406 0.8000000119
25325  -25.640  -57.621  -5.763 0.6000000238
123597  -26.138  -57.097  -5.854 0.6000000238
26957  -27.791  -55.452  -8.250 0.8000000119
26126  -25.374  -56.793  -5.636 0.6000000238
27792  -26.950  -54.596  -9.245 0.6999999881
118294  -23.794  -58.072  -5.806 0.6000000238
24520  -22.624  -58.220  -6.143 0.6000000238
25344  -23.245  -57.567  -6.076 0.6000000238
27791  -26.165  -54.622  -9.746 0.6999999881
23712  -20.421  -59.275  -6.606 0.5000000000
24519  -21.223  -58.632  -6.618 0.6000000238
28700  -26.490  -53.695  -9.464 0.6999999881
131686  -25.253  -53.180  -10.298 0.6999999881
31489  -21.157  -50.955  -11.882 0.6999999881
29641  -21.063  -52.159  -11.378 0.6999999881
29644  -24.250  -52.085  -10.522 0.6999999881
33748  -21.642  -47.866  -12.861 0.8000000119
32276  -21.667  -49.206  -12.673 0.6999999881
30573  -23.728  -51.340  -10.533 0.6999999881
113215  -22.301  -47.246  -13.131 0.8000000119
31495  -21.184  -50.033  -12.014 0.6999999881
124686  -21.290  -50.076  -11.802 0.6999999881
33751  -25.287  -47.731  -13.443 0.5000000000
32997  -26.101  -47.950  -13.059 0.5000000000
34554  -26.705  -46.576  -12.956 0.5000000000
119647  -26.991  -48.197  -12.658 0.4000000060
26128  -27.028  -55.961  -6.032 0.6000000238
26926  -28.280  -55.220  -6.848 0.6999999881
27761  -28.519  -54.477  -7.172 0.8000000119
26127  -26.222  -56.374  -5.758 0.6000000238
28686  -28.494  -53.819  -7.860 0.8000000119
27780  -28.200  -54.609  -8.009 0.8000000119
28685  -27.936  -53.758  -8.530 0.8000000119
26125  -24.482  -56.814  -5.702 0.6000000238
26124  -23.684  -56.758  -6.013 0.6000000238
119745  -27.218  -53.952  -8.974 0.8000000119
24518  -20.314  -58.177  -6.903 0.6000000238
25343  -22.413  -57.435  -6.425 0.6000000238
123604  -22.832  -56.636  -6.430 0.6000000238
29634  -26.662  -52.162  -9.387 0.6999999881
23711  -19.571  -59.474  -6.741 0.5000000000
119462  -25.964  -52.118  -9.658 0.6999999881
30562  -26.184  -51.362  -9.552 0.6999999881
23731  -18.890  -59.243  -7.107 0.5000000000
24534  -19.552  -58.694  -7.038 0.5000000000
29645  -25.209  -52.259  -10.210 0.6999999881
30574  -24.696  -51.358  -10.296 0.6999999881
32993  -21.431  -48.409  -12.607 0.8000000119
117758  -21.830  -49.935  -11.150 0.6999999881
31476  -23.169  -50.648  -10.589 0.6999999881
32263  -21.314  -49.121  -12.274 0.6999999881
32996  -25.473  -48.607  -13.324 0.5000000000
122180  -27.109  -55.089  -5.756 0.6999999881
121776  -27.322  -54.309  -5.456 0.6999999881
27732  -27.786  -54.747  -5.935 0.6999999881
27747  -28.235  -54.652  -6.431 0.8000000119
28669  -28.751  -53.629  -7.259 0.8000000119
26911  -26.243  -55.483  -5.596 0.6999999881
27733  -28.099  -54.108  -5.807 0.8000000119
29623  -29.109  -52.486  -7.776 0.8000000119
120604  -24.773  -56.211  -5.609 0.6000000238
122047  -28.402  -53.207  -8.267 0.8000000119
124626  -24.092  -56.069  -5.796 0.6000000238
29621  -28.014  -52.841  -8.722 0.6999999881
25341  -21.089  -57.720  -6.855 0.6000000238
25342  -21.715  -57.243  -6.718 0.6000000238
30563  -26.979  -51.433  -9.319 0.8000000119
29635  -27.477  -52.219  -9.103 0.6999999881
120555  -18.211  -58.991  -7.518 0.4000000060
31477  -24.186  -50.660  -10.389 0.6999999881
31464  -25.739  -50.605  -9.816 0.6999999881
22854  -16.589  -60.403  -8.384 0.4000000060
127261  -24.547  -50.108  -10.267 0.6999999881
30561  -25.512  -51.353  -9.913 0.6999999881
32257  -21.224  -49.236  -12.085 0.8000000119
121380  -23.702  -50.022  -10.448 0.6999999881
32244  -22.176  -49.295  -11.003 0.6999999881
119125  -23.379  -46.170  -13.518 0.8000000119
34564  -24.271  -46.603  -13.680 0.6999999881
118880  -25.009  -47.010  -13.574 0.5000000000
33752  -25.876  -47.009  -13.326 0.5000000000
121537  -27.405  -46.993  -12.591 0.4000000060
28649  -27.662  -53.544  -5.277 0.6000000238
28650  -28.376  -53.317  -5.693 0.6999999881
28659  -28.606  -53.749  -6.499 0.8000000119
28660  -29.042  -52.929  -7.036 0.8000000119
115478  -25.316  -54.983  -5.419 0.6999999881
26909  -24.582  -55.463  -5.591 0.6999999881
29622  -28.664  -52.470  -8.368 0.8000000119
26146  -23.350  -55.892  -6.266 0.6000000238
30553  -29.208  -51.708  -8.121 0.8000000119
117370  -22.598  -55.655  -6.730 0.6000000238
30552  -28.570  -51.662  -8.698 0.8000000119
30551  -27.847  -51.537  -9.096 0.8000000119
25361  -21.060  -56.831  -7.040 0.6000000238
26144  -21.707  -56.496  -6.923 0.6000000238
31465  -26.540  -50.532  -9.527 0.8999999762
31466  -27.449  -50.769  -9.268 0.8000000119
118795  -25.954  -49.978  -9.843 0.8000000119
24533  -18.675  -58.379  -7.495 0.5000000000
116378  -24.554  -48.207  -10.497 0.8000000119
119838  -25.043  -50.613  -10.122 0.6999999881
24532  -17.843  -58.305  -7.943 0.4000000060
35318  -22.464  -45.692  -13.047 0.8000000119
33735  -21.426  -47.834  -12.615 0.8000000119
33729  -21.353  -47.851  -12.312 0.8000000119
32957  -21.755  -48.738  -11.412 0.8000000119
32959  -23.858  -48.786  -10.543 0.6999999881
133655  -22.587  -46.491  -13.195 0.8000000119
32972  -21.292  -48.584  -11.953 0.8000000119
32245  -23.223  -49.347  -10.638 0.6999999881
33717  -21.695  -48.048  -11.679 0.8000000119
128748  -23.392  -45.500  -13.507 0.8000000119
33730  -21.624  -47.087  -11.980 0.8000000119
34565  -25.176  -46.207  -13.716 0.6000000238
35320  -24.931  -45.306  -13.994 0.6000000238
34567  -26.757  -45.657  -13.157 0.5000000000
28648  -26.788  -53.660  -5.002 0.6000000238
30534  -28.996  -51.818  -5.693 0.6999999881
30542  -29.492  -51.236  -7.448 0.6999999881
26908  -23.785  -55.171  -5.938 0.6000000238
28647  -25.854  -53.531  -4.831 0.6000000238
28639  -26.438  -52.909  -4.665 0.6000000238
27729  -24.315  -54.375  -5.597 0.6000000238
31457  -29.288  -50.810  -8.120 0.6999999881
26161  -20.487  -56.168  -7.535 0.5000000000
31455  -28.316  -50.947  -8.966 0.8000000119
26160  -19.589  -56.347  -7.838 0.3000000119
32950  -27.146  -48.730  -9.604 0.8000000119
120591  -27.191  -50.082  -9.394 0.8000000119
32234  -25.744  -49.306  -10.040 0.8000000119
32949  -26.298  -48.687  -9.968 0.8000000119
33719  -24.586  -47.314  -10.580 0.8000000119
33736  -21.565  -47.241  -12.510 0.8000000119
32958  -22.624  -48.534  -10.979 0.8000000119
32246  -24.275  -49.533  -10.376 0.6999999881
33718  -22.552  -47.594  -11.300 0.8000000119
34546  -21.943  -46.143  -12.034 0.8000000119
35319  -24.224  -45.797  -13.814 0.6999999881
118909  -25.764  -45.500  -13.629 0.6000000238
35312  -27.965  -45.444  -12.742 0.3000000119
128715  -27.466  -52.572  -4.781 0.6000000238
29592  -28.369  -51.994  -5.050 0.6999999881
119909  -29.229  -51.053  -5.889 0.6999999881
29605  -21.190  -52.329  -7.013 0.5000000000
27730  -25.185  -54.033  -5.155 0.6000000238
31448  -29.515  -50.386  -7.494 0.6999999881
26923  -21.819  -55.580  -7.191 0.5000000000
27746  -23.399  -54.159  -6.215 0.5000000000
115709  -25.088  -53.215  -4.996 0.6000000238
26936  -19.866  -55.171  -8.125 0.3000000119
26162  -21.209  -56.088  -7.306 0.5000000000
32225  -29.262  -49.842  -8.164 0.8000000119
33699  -28.956  -48.203  -8.852 0.8000000119
32237  -28.422  -49.579  -8.734 0.8000000119
32961  -25.980  -47.962  -10.207 0.8999999762
129688  -27.354  -47.548  -9.824 0.8999999762
32951  -28.126  -48.713  -9.099 0.8000000119
25358  -18.257  -57.472  -8.009 0.4000000060
127423  -25.262  -47.872  -10.427 0.8999999762
32960  -25.479  -48.557  -10.251 0.8999999762
115762  -26.803  -47.959  -9.940 0.8999999762
125580  -22.152  -44.831  -12.656 0.8000000119
123915  -22.033  -45.566  -12.446 0.8000000119
122161  -23.526  -48.001  -10.746 0.8000000119
124432  -22.876  -44.907  -13.247 0.8000000119
122170  -23.981  -44.914  -13.724 0.6999999881
128132  -25.502  -44.844  -13.929 0.6000000238
36832  -27.305  -43.168  -13.697 0.6000000238
35322  -27.169  -44.804  -13.245 0.6000000238
29591  -27.017  -52.393  -4.596 0.6000000238
123872  -27.640  -52.114  -4.704 0.6000000238
30533  -28.728  -51.221  -5.120 0.6999999881
31438  -29.045  -50.444  -5.376 0.6999999881
31439  -29.363  -50.404  -6.105 0.8000000119
27760  -22.215  -53.749  -7.292 0.6000000238
27745  -22.752  -54.098  -6.921 0.5000000000
28646  -24.402  -53.320  -5.407 0.6000000238
31441  -29.547  -50.036  -6.709 0.6999999881
133291  -29.490  -49.092  -7.927 0.8000000119
27758  -20.969  -53.842  -7.834 0.4000000060
32224  -29.035  -48.968  -8.500 0.8000000119
33706  -26.909  -47.213  -10.126 0.8000000119
118070  -28.282  -47.991  -9.274 0.8000000119
34534  -24.884  -46.498  -10.628 0.8999999762
128092  -26.332  -47.408  -10.217 0.8000000119
119845  -27.585  -48.066  -9.549 0.8000000119
130576  -25.576  -46.323  -10.504 0.8000000119
35311  -21.934  -45.425  -12.272 0.8000000119
35294  -22.583  -45.203  -11.604 0.8000000119
128799  -23.548  -47.190  -10.911 0.6999999881
36051  -21.954  -44.227  -12.490 0.8000000119
34532  -23.429  -46.372  -11.256 0.8000000119
117719  -22.527  -46.720  -11.517 0.8000000119
36060  -24.014  -44.014  -13.762 0.8000000119
124060  -21.919  -44.714  -12.322 0.8000000119
126887  -25.816  -43.305  -14.263 0.6999999881
36062  -25.781  -44.131  -14.128 0.6999999881
38557  -27.195  -41.761  -14.025 0.6000000238
37649  -27.673  -42.482  -13.765 0.6000000238
122939  -28.102  -41.746  -13.862 0.6000000238
29590  -26.272  -52.113  -4.542 0.6000000238
32206  -28.863  -49.688  -4.885 0.8000000119
29597  -22.308  -52.873  -6.059 0.5000000000
29599  -24.519  -52.498  -5.129 0.5000000000
32209  -29.642  -49.331  -6.652 0.8000000119
32217  -29.576  -49.568  -7.421 0.6999999881
134838  -22.368  -53.063  -6.502 0.5000000000
28645  -23.596  -53.385  -5.851 0.5000000000
32925  -29.662  -48.625  -6.017 0.8000000119
32926  -30.018  -47.902  -6.741 0.8000000119
29606  -21.743  -52.807  -6.817 0.5000000000
32934  -29.797  -48.694  -7.217 0.8000000119
32941  -29.581  -48.409  -8.145 0.8000000119
127909  -29.950  -46.815  -8.545 0.8000000119
33708  -28.777  -47.477  -9.208 0.8000000119
33700  -29.609  -47.556  -8.521 0.8000000119
122055  -27.563  -46.980  -9.942 0.8000000119
35298  -25.950  -45.710  -10.530 0.8000000119
33707  -27.988  -47.466  -9.577 0.8000000119
125626  -21.965  -44.694  -11.996 0.8000000119
35296  -24.222  -45.893  -11.121 0.8000000119
125325  -23.553  -45.090  -11.352 0.8999999762
36829  -22.886  -43.635  -13.268 0.8000000119
127460  -24.928  -43.504  -14.261 0.6999999881
37648  -26.529  -42.580  -14.117 0.6999999881
37660  -25.022  -41.899  -14.211 0.6999999881
37647  -25.447  -42.663  -14.312 0.6999999881
37661  -25.855  -41.917  -14.336 0.6999999881
38556  -26.510  -41.706  -14.208 0.6999999881
123627  -27.077  -49.743  -4.386 0.8000000119
31432  -27.339  -50.563  -4.429 0.6000000238
121563  -27.905  -49.790  -4.465 0.6000000238
31420  -22.285  -50.303  -3.632 0.6000000238
30524  -23.011  -51.359  -3.943 0.5000000000
125452  -25.587  -51.805  -4.628 0.6000000238
31430  -25.795  -50.558  -4.506 0.6000000238
32207  -29.247  -49.103  -5.310 0.8000000119
31418  -20.714  -50.193  -3.527 0.6000000238
31419  -21.491  -50.298  -3.515 0.6000000238
32191  -22.704  -49.574  -3.775 0.6000000238
30525  -23.750  -51.180  -4.331 0.5000000000
29588  -23.971  -51.901  -5.026 0.5000000000
33657  -19.789  -47.698  -4.972 0.5000000000
32190  -20.209  -48.769  -4.226 0.5000000000
32178  -21.254  -49.517  -3.617 0.6000000238
115489  -23.291  -52.652  -5.407 0.5000000000
30526  -24.489  -51.118  -4.613 0.5000000000
33693  -30.293  -47.352  -7.175 0.8000000119
134752  -20.920  -48.073  -4.386 0.5000000000
29598  -23.730  -52.684  -5.510 0.5000000000
33668  -18.991  -47.689  -5.609 0.4000000060
33701  -30.244  -47.125  -7.862 0.6999999881
35282  -28.483  -45.815  -9.930 0.8000000119
34520  -29.325  -46.834  -9.096 0.8000000119
122171  -25.533  -44.846  -10.742 0.8000000119
34535  -26.324  -46.587  -10.360 0.8000000119
115602  -29.098  -46.208  -9.472 0.8000000119
35281  -27.700  -46.205  -10.176 0.8000000119
36021  -27.776  -45.287  -10.389 0.8000000119
37636  -22.417  -43.279  -12.643 0.8999999762
36046  -21.831  -44.127  -12.175 0.8999999762
118908  -25.140  -45.706  -10.695 0.8000000119
36036  -22.683  -44.428  -11.544 1.0000000000
36037  -23.800  -44.245  -11.318 0.8000000119
36830  -23.893  -43.163  -13.650 0.8000000119
37646  -24.582  -42.593  -13.955 0.6999999881
32195  -26.392  -49.176  -4.410 0.8000000119
32196  -27.350  -49.076  -4.430 0.8000000119
32909  -28.662  -48.374  -4.608 0.8000000119
127446  -22.380  -48.203  -4.207 0.6000000238
32194  -25.520  -49.638  -4.432 0.6000000238
31431  -26.435  -50.082  -4.390 0.6000000238
32198  -28.914  -48.967  -4.842 0.8000000119
126592  -29.148  -47.785  -4.723 0.8000000119
32893  -20.963  -48.640  -4.009 0.5000000000
32894  -22.001  -48.871  -3.784 0.6000000238
32192  -23.624  -49.566  -4.148 0.6000000238
32910  -29.307  -48.508  -5.040 0.8000000119
33681  -29.865  -47.656  -5.948 0.8000000119
33682  -30.230  -47.190  -6.539 0.6999999881
32906  -21.549  -47.998  -4.341 0.5000000000
32193  -24.545  -49.592  -4.374 0.6000000238
34478  -19.635  -47.131  -5.638 0.4000000060
33670  -20.841  -47.016  -5.160 0.4000000060
34466  -21.495  -47.215  -4.823 0.4000000060
128374  -22.268  -47.550  -4.524 0.4000000060
34503  -30.531  -46.619  -7.158 0.6999999881
33660  -23.748  -47.946  -4.362 0.4000000060
34512  -30.370  -46.355  -8.137 0.6999999881
125884  -21.827  -45.877  -5.421 0.4000000060
34468  -23.387  -46.391  -4.724 0.5000000000
34511  -29.887  -46.101  -9.006 0.6999999881
35245  -20.962  -45.776  -5.855 0.3000000119
34481  -22.657  -45.790  -5.197 0.5000000000
120663  -26.303  -45.053  -10.577 0.8000000119
35299  -26.882  -45.749  -10.459 0.8000000119
35283  -29.299  -45.495  -9.615 0.8000000119
114523  -28.656  -44.933  -10.199 0.8000000119
37637  -22.898  -42.507  -12.452 0.8000000119
36816  -22.119  -43.549  -11.974 1.0000000000
37610  -23.458  -42.588  -11.590 0.8000000119
36805  -24.114  -43.384  -11.294 0.8000000119
36038  -24.926  -44.077  -11.037 0.8000000119
36039  -26.167  -44.222  -10.635 0.8000000119
37625  -22.375  -43.078  -12.139 1.0000000000
126834  -25.570  -43.630  -10.760 0.8000000119
36806  -24.960  -43.273  -10.932 0.8000000119
120834  -23.754  -42.427  -13.414 0.8999999762
38567  -24.705  -40.979  -14.055 0.6999999881
38568  -25.463  -41.361  -14.296 0.6999999881
39487  -25.567  -40.705  -14.355 0.6999999881
39488  -26.326  -40.473  -14.402 0.6999999881
38570  -26.828  -41.051  -14.204 0.6999999881
39490  -28.202  -40.350  -14.270 0.6000000238
39489  -27.210  -40.204  -14.346 0.6999999881
41234  -26.233  -39.133  -14.877 0.6999999881
40381  -27.941  -39.527  -14.530 0.6000000238
121950  -27.748  -48.304  -4.461 0.8000000119
32907  -23.088  -48.685  -4.104 0.5000000000
122173  -25.432  -48.234  -4.447 0.8000000119
33662  -26.141  -47.680  -4.494 0.8000000119
122143  -26.789  -48.357  -4.456 0.8000000119
119404  -28.313  -47.505  -4.509 0.8000000119
123089  -24.649  -48.120  -4.396 0.5000000000
134051  -26.055  -48.465  -4.456 0.8000000119
33671  -29.541  -47.192  -5.174 0.6999999881
34467  -22.252  -46.637  -4.870 0.4000000060
128350  -23.840  -47.180  -4.488 0.5000000000
123776  -24.975  -48.867  -4.422 0.6999999881
34473  -29.357  -46.567  -4.849 0.6999999881
33672  -29.983  -47.010  -5.886 0.6999999881
34491  -30.331  -46.507  -6.228 0.6999999881
34480  -21.289  -46.521  -5.305 0.3000000119
35269  -30.596  -45.725  -7.549 0.6999999881
114655  -30.520  -44.940  -7.933 0.6999999881
34482  -23.413  -45.562  -5.126 0.5000000000
126402  -30.435  -44.923  -8.797 0.6999999881
35978  -22.659  -44.277  -5.816 0.4000000060
35979  -23.375  -44.171  -5.592 0.4000000060
36040  -27.891  -44.224  -10.507 0.8000000119
36017  -30.091  -45.220  -9.241 0.6999999881
127212  -26.999  -44.729  -10.551 0.8000000119
36808  -26.866  -43.094  -10.546 0.8000000119
38527  -27.564  -41.722  -10.633 0.6999999881
37627  -24.168  -41.898  -11.412 0.8000000119
36807  -26.238  -43.341  -10.633 0.8000000119
38554  -23.244  -41.851  -12.860 0.8999999762
38546  -23.061  -41.461  -12.436 0.8999999762
37626  -23.024  -42.241  -12.105 0.8000000119
38535  -23.232  -41.106  -12.060 0.8000000119
128502  -24.230  -40.723  -11.504 0.8000000119
39475  -23.533  -40.678  -13.548 0.8999999762
133203  -23.206  -41.085  -13.132 0.8000000119
38555  -24.047  -41.675  -13.537 0.8999999762
38558  -29.043  -41.752  -13.807 0.4000000060
124156  -24.983  -40.244  -14.333 0.8000000119
40379  -25.660  -39.843  -14.601 0.6999999881
40380  -26.517  -39.799  -14.586 0.6999999881
130688  -28.693  -37.600  -15.276 0.5000000000
33663  -27.204  -47.422  -4.446 0.6999999881
34470  -26.314  -46.172  -4.528 0.6999999881
127936  -27.933  -46.761  -4.481 0.6999999881
128622  -25.624  -45.616  -4.633 0.6000000238
34471  -27.142  -46.478  -4.453 0.6999999881
34483  -29.860  -46.487  -5.465 0.6999999881
35251  -30.260  -45.800  -5.727 0.6999999881
122353  -30.514  -45.051  -6.103 0.6999999881
35259  -30.606  -45.796  -6.604 0.6999999881
119780  -24.990  -44.381  -5.178 0.5000000000
116950  -30.712  -44.996  -6.981 0.6999999881
36750  -24.256  -43.933  -5.452 0.4000000060
36018  -30.620  -44.294  -8.463 0.6999999881
114604  -23.636  -43.358  -5.606 0.3000000119
120732  -27.552  -43.257  -10.472 0.6999999881
36022  -28.870  -44.023  -10.268 0.6999999881
36792  -30.619  -43.731  -9.009 0.6999999881
36809  -28.313  -43.436  -10.419 0.6999999881
36023  -29.512  -44.640  -9.790 0.6999999881
36810  -29.039  -43.137  -10.361 0.6999999881
37614  -27.207  -42.508  -10.585 0.6999999881
38525  -23.848  -41.208  -11.563 0.8000000119
37611  -24.566  -42.639  -11.198 0.8000000119
37628  -25.051  -41.973  -11.220 0.8000000119
37629  -25.913  -41.988  -11.158 0.8000000119
38536  -24.625  -41.268  -11.382 0.8000000119
39465  -22.743  -40.346  -12.509 0.8000000119
39486  -22.727  -39.844  -13.802 0.8000000119
39473  -22.018  -39.363  -13.622 0.8000000119
119012  -22.921  -40.785  -12.811 0.8999999762
120822  -24.055  -40.029  -13.885 0.8000000119
41233  -25.238  -38.909  -14.919 0.8000000119
41235  -27.670  -38.753  -14.942 0.6999999881
41236  -28.584  -38.840  -14.668 0.6000000238
41248  -25.915  -38.346  -15.382 0.6999999881
42097  -25.630  -37.466  -15.670 0.6999999881
35238  -26.434  -45.129  -4.616 0.6000000238
132275  -27.028  -45.062  -4.547 0.6000000238
35239  -27.736  -45.056  -4.550 0.6999999881
35240  -28.668  -45.453  -4.595 0.6999999881
128291  -29.394  -45.006  -4.788 0.6999999881
130428  -29.548  -45.815  -4.901 0.6999999881
35249  -24.907  -45.231  -4.821 0.5000000000
34469  -25.424  -46.471  -4.572 0.6000000238
129493  -30.078  -45.057  -5.293 0.6999999881
36749  -22.833  -43.571  -5.852 0.3000000119
35980  -25.696  -44.743  -4.824 0.5000000000
36742  -26.970  -43.916  -4.608 0.6000000238
36751  -25.135  -43.490  -5.337 0.4000000060
129543  -26.337  -43.796  -4.808 0.6000000238
36008  -30.791  -44.237  -7.459 0.6999999881
115515  -30.326  -43.270  -9.509 0.6999999881
37594  -29.783  -42.812  -10.028 0.6999999881
38472  -24.858  -41.358  -5.345 0.3000000119
37616  -29.125  -42.240  -10.367 0.6999999881
38537  -25.424  -41.299  -11.333 0.8000000119
38538  -26.219  -41.255  -11.224 0.8000000119
38526  -26.714  -41.853  -10.869 0.6999999881
38528  -28.454  -41.582  -10.531 0.6999999881
40345  -24.097  -40.083  -11.664 0.8000000119
39456  -25.752  -40.743  -11.412 0.8000000119
39464  -22.330  -39.875  -13.109 0.8000000119
39453  -22.619  -39.628  -12.390 0.8000000119
40355  -23.282  -39.811  -11.991 0.8000000119
40376  -21.939  -38.982  -14.141 0.8000000119
42917  -22.214  -37.464  -13.258 0.8000000119
41194  -23.765  -38.436  -12.380 0.8000000119
42064  -24.142  -37.640  -12.912 0.8000000119
125568  -24.196  -36.558  -13.658 0.8000000119
41250  -28.245  -38.144  -15.101 0.6000000238
41249  -27.439  -38.031  -15.398 0.6999999881
41247  -24.714  -37.976  -15.347 0.8000000119
42098  -26.618  -37.667  -15.660 0.6000000238
42978  -25.287  -35.903  -16.459 0.6999999881
42979  -26.071  -36.373  -16.505 0.6000000238
36743  -27.826  -44.155  -4.574 0.6000000238
35250  -29.677  -44.228  -5.074 0.6999999881
35983  -30.359  -44.450  -5.678 0.6999999881
36754  -27.700  -43.342  -4.559 0.6000000238
36756  -30.370  -43.749  -5.672 0.6999999881
35992  -30.710  -44.179  -6.440 0.6999999881
37555  -25.590  -42.741  -5.170 0.4000000060
36752  -25.986  -43.370  -5.020 0.4000000060
118362  -28.285  -42.698  -4.639 0.5000000000
36755  -29.761  -43.444  -5.265 0.6999999881
36777  -31.095  -43.514  -7.032 0.6999999881
36753  -26.770  -43.285  -4.650 0.5000000000
37557  -27.408  -42.481  -4.614 0.5000000000
36778  -31.387  -42.899  -7.518 0.6999999881
36788  -30.969  -43.513  -8.084 0.6999999881
113297  -25.219  -42.022  -5.250 0.3000000119
38473  -25.610  -41.324  -5.099 0.3000000119
113296  -25.977  -41.995  -4.853 0.4000000060
37615  -28.171  -42.541  -10.446 0.6999999881
36789  -31.236  -42.810  -8.266 0.6999999881
112284  -25.902  -40.711  -5.154 0.3000000119
37617  -29.936  -41.971  -9.976 0.6999999881
37595  -30.498  -42.515  -9.496 0.6999999881
38529  -29.323  -41.409  -10.379 0.6999999881
38530  -30.152  -41.227  -10.088 0.6999999881
39455  -24.950  -40.552  -11.493 0.8000000119
39441  -27.842  -40.923  -10.751 0.6999999881
39444  -30.296  -40.613  -10.273 0.6999999881
39459  -28.190  -40.249  -11.147 0.6999999881
40360  -29.631  -39.496  -11.279 0.6999999881
113396  -23.733  -39.224  -12.040 0.8000000119
39458  -27.266  -40.384  -11.240 0.6999999881
40346  -29.122  -40.151  -11.000 0.6999999881
41199  -29.361  -38.835  -11.881 0.6999999881
135572  -22.206  -39.526  -12.694 0.8000000119
116333  -24.792  -39.714  -11.769 0.8000000119
40356  -25.553  -39.439  -11.938 0.8000000119
41196  -26.189  -39.191  -12.163 0.8000000119
41198  -27.862  -39.084  -12.253 0.8000000119
117066  -29.499  -38.155  -12.415 0.6999999881
41208  -21.362  -38.362  -13.256 0.8000000119
41195  -24.687  -38.945  -12.085 0.8000000119
127616  -25.686  -38.207  -12.636 0.8000000119
41211  -27.226  -38.509  -12.677 0.8000000119
41221  -21.193  -38.448  -13.809 0.8000000119
42084  -20.971  -37.922  -14.017 0.8000000119
42063  -23.004  -37.835  -12.765 0.8000000119
41209  -24.721  -38.241  -12.555 0.8000000119
42921  -26.791  -37.295  -13.410 0.8000000119
41231  -22.531  -38.428  -14.683 0.8000000119
42933  -22.370  -36.847  -13.838 0.8000000119
42919  -24.676  -37.117  -13.356 0.8000000119
42920  -25.775  -37.139  -13.289 0.8000000119
42937  -27.117  -36.836  -13.854 0.8000000119
41245  -22.163  -37.718  -14.871 0.8000000119
42935  -25.131  -36.580  -13.664 0.8000000119
41246  -23.294  -37.835  -15.154 0.8000000119
42962  -28.711  -36.887  -15.623 0.5000000000
134952  -27.322  -37.333  -15.681 0.6000000238
42095  -22.938  -37.129  -15.211 0.8000000119
131527  -23.916  -37.305  -15.350 0.8000000119
42961  -27.792  -36.795  -15.871 0.6000000238
42980  -27.624  -36.168  -16.394 0.6000000238
119876  -26.847  -35.941  -16.695 0.6000000238
42960  -26.902  -36.737  -16.095 0.6000000238
35982  -28.713  -44.548  -4.642 0.6999999881
37559  -29.597  -42.841  -5.233 0.6999999881
37560  -30.352  -42.937  -5.628 0.6999999881
37567  -31.019  -42.332  -6.147 0.6999999881
113744  -28.327  -41.843  -4.828 0.5000000000
38476  -30.011  -42.026  -5.527 0.6999999881
38474  -26.478  -41.203  -4.911 0.4000000060
39393  -27.295  -40.654  -5.141 0.4000000060
38475  -27.440  -41.489  -4.822 0.5000000000
36764  -31.320  -42.894  -6.725 0.6999999881
37584  -31.551  -42.170  -7.985 0.6999999881
39392  -26.476  -40.340  -5.257 0.3000000119
112124  -27.187  -39.869  -5.397 0.3000000119
39394  -28.330  -40.880  -5.209 0.5000000000
38504  -31.665  -41.693  -7.384 0.6999999881
130958  -31.376  -41.734  -8.713 0.6999999881
39391  -25.697  -40.082  -5.372 0.3000000119
41138  -27.152  -38.931  -5.626 0.3000000119
38512  -31.405  -41.063  -9.062 0.6999999881
39445  -30.732  -40.076  -10.157 0.6999999881
40357  -26.520  -39.807  -11.724 0.8000000119
40347  -30.029  -40.103  -10.752 0.6999999881
40358  -27.578  -39.726  -11.706 0.6999999881
40359  -28.623  -39.501  -11.644 0.6999999881
41214  -30.208  -38.417  -11.817 0.6999999881
42050  -22.757  -38.545  -12.467 0.8000000119
123880  -25.541  -38.769  -12.295 0.8000000119
41197  -26.967  -39.197  -12.235 0.6999999881
41213  -28.861  -38.434  -12.432 0.8000000119
42062  -21.727  -38.038  -12.998 0.8000000119
42068  -28.604  -37.855  -12.938 0.8000000119
42076  -21.373  -37.682  -13.633 0.8000000119
42066  -26.394  -37.859  -12.941 0.8000000119
42922  -27.831  -37.368  -13.497 0.8000000119
42085  -21.682  -37.463  -14.217 0.8000000119
42094  -22.212  -37.207  -14.752 0.8000000119
42918  -23.366  -37.026  -13.341 0.8000000119
43868  -26.456  -36.190  -14.229 0.8000000119
43869  -27.446  -36.324  -14.367 0.8000000119
42957  -22.977  -36.296  -15.050 0.8000000119
42948  -22.558  -36.680  -14.488 0.8000000119
121276  -24.390  -36.056  -14.076 0.8000000119
43883  -27.761  -35.805  -14.762 0.8000000119
42977  -24.429  -35.716  -16.022 0.8000000119
112242  -29.056  -42.345  -4.971 0.6000000238
120014  -30.001  -41.052  -5.644 0.6999999881
38487  -30.778  -41.391  -6.035 0.6999999881
38488  -31.423  -41.589  -6.681 0.6999999881
39395  -29.309  -40.564  -5.501 0.6000000238
38486  -30.576  -40.687  -6.077 0.6999999881
116960  -31.608  -41.142  -7.245 0.6999999881
40296  -26.334  -39.523  -5.514 0.3000000119
40297  -28.018  -39.499  -5.499 0.3000000119
39408  -30.694  -40.067  -6.405 0.6999999881
41137  -26.142  -38.671  -5.774 0.3000000119
42005  -28.794  -37.720  -6.236 0.3000000119
39418  -31.578  -40.401  -7.562 0.6999999881
38509  -31.670  -41.252  -8.085 0.6999999881
42877  -26.874  -36.133  -7.098 0.3000000119
42864  -27.130  -36.800  -6.603 0.3000000119
42878  -27.774  -36.255  -7.014 0.3000000119
42879  -28.689  -36.402  -6.970 0.3000000119
43820  -26.624  -35.437  -7.531 0.3000000119
41184  -30.533  -39.348  -10.735 0.6999999881
114094  -29.475  -37.578  -12.890 0.8000000119
42923  -28.860  -37.216  -13.406 0.8000000119
42938  -28.123  -36.834  -13.932 0.8000000119
43865  -23.074  -36.104  -14.379 0.8000000119
42934  -23.433  -36.259  -13.940 0.8000000119
43866  -23.764  -35.649  -14.497 0.8000000119
44873  -24.598  -35.324  -14.452 0.8000000119
43881  -25.743  -35.388  -14.539 0.8000000119
43882  -26.868  -35.605  -14.727 0.8000000119
42976  -23.690  -35.617  -15.388 0.8000000119
44881  -24.940  -34.607  -14.862 0.8000000119
42958  -23.953  -36.467  -15.443 0.8000000119
43905  -24.885  -35.172  -16.571 0.6000000238
119384  -29.171  -41.446  -5.290 0.6000000238
39409  -31.205  -40.746  -6.670 0.6999999881
40311  -30.145  -39.499  -6.135 0.6000000238
128580  -31.236  -39.978  -6.933 0.6999999881
40323  -31.463  -39.508  -7.484 0.6999999881
42007  -30.322  -37.902  -6.737 0.4000000060
130327  -31.624  -39.758  -8.102 0.6999999881
39426  -31.329  -40.211  -9.391 0.6999999881
44832  -29.109  -35.131  -7.709 0.3000000119
42018  -30.806  -37.649  -7.200 0.4000000060
123858  -31.735  -38.137  -7.932 0.6000000238
41177  -31.782  -38.744  -9.112 0.6999999881
40333  -31.241  -39.288  -9.771 0.6999999881
133750  -31.086  -38.811  -10.419 0.6999999881
41185  -31.607  -38.507  -9.911 0.6999999881
41200  -30.740  -38.653  -11.115 0.6999999881
42051  -31.082  -38.058  -11.598 0.6999999881
41212  -28.125  -38.438  -12.663 0.8000000119
42067  -27.507  -37.916  -13.134 0.8000000119
43871  -29.210  -35.980  -14.413 0.8000000119
43867  -25.405  -36.040  -14.095 0.8000000119
44883  -27.592  -34.989  -15.156 0.8000000119
44891  -24.315  -34.554  -15.580 0.8000000119
45781  -26.097  -33.849  -15.432 0.8000000119
44882  -26.205  -34.664  -15.090 0.8000000119
45780  -25.252  -33.961  -15.347 0.8000000119
43906  -25.944  -35.534  -16.934 0.6000000238
43904  -24.149  -34.873  -15.937 0.8000000119
43923  -25.424  -34.693  -17.011 0.6000000238
44900  -24.643  -34.341  -16.596 0.6999999881
45813  -24.544  -33.210  -17.072 0.6999999881
40310  -29.459  -39.744  -5.694 0.6000000238
40322  -30.928  -39.236  -6.762 0.6000000238
42006  -29.647  -37.808  -6.457 0.3000000119
118565  -29.464  -36.560  -7.025 0.3000000119
42881  -30.854  -36.884  -7.437 0.3000000119
126488  -31.288  -38.093  -7.438 0.5000000000
42882  -31.637  -36.757  -7.873 0.5000000000
41170  -32.024  -37.994  -8.718 0.6999999881
44845  -28.969  -34.498  -8.289 0.3000000119
43836  -29.798  -34.786  -8.104 0.3000000119
42896  -32.600  -36.721  -9.136 0.4000000060
128762  -32.024  -38.107  -9.433 0.6999999881
128304  -28.162  -33.680  -9.088 0.3000000119
42044  -32.382  -37.302  -10.279 0.6000000238
42070  -31.362  -37.323  -12.023 0.6000000238
42908  -32.115  -36.773  -11.678 0.6000000238
42069  -30.382  -37.692  -12.426 0.8000000119
127663  -30.863  -37.050  -12.680 0.6999999881
42926  -32.332  -36.097  -12.235 0.6000000238
42924  -30.034  -36.967  -13.269 0.8000000119
42925  -30.938  -36.542  -13.121 0.6999999881
128887  -31.579  -36.642  -12.487 0.6999999881
42939  -29.088  -36.576  -13.847 0.8000000119
42940  -30.016  -36.193  -13.875 0.8000000119
43872  -30.570  -35.609  -14.162 0.6999999881
42941  -30.871  -36.062  -13.624 0.6999999881
43856  -31.757  -35.987  -13.149 0.6999999881
43870  -28.364  -36.251  -14.419 0.8000000119
121438  -29.881  -35.666  -14.396 0.8000000119
43873  -31.390  -35.476  -13.881 0.6999999881
43884  -28.515  -35.585  -14.883 0.8000000119
43885  -29.383  -35.336  -14.866 0.8000000119
44885  -30.552  -34.587  -14.834 0.6999999881
43887  -30.978  -34.999  -14.433 0.6999999881
43880  -23.506  -35.547  -14.803 0.8000000119
44880  -24.028  -34.886  -14.941 0.8000000119
115936  -28.727  -34.803  -15.266 0.8000000119
45779  -24.582  -34.205  -15.448 0.8000000119
45794  -26.506  -33.340  -15.747 0.8000000119
45782  -28.047  -34.099  -15.512 0.8000000119
43892  -23.358  -35.647  -14.968 0.8000000119
45792  -24.508  -33.675  -15.973 0.8000000119
45793  -25.521  -33.293  -15.682 0.8000000119
46686  -26.947  -32.746  -16.136 0.8000000119
43893  -23.809  -35.181  -15.176 0.8000000119
45806  -24.536  -33.325  -16.533 0.6999999881
44912  -26.013  -34.213  -17.407 0.6000000238
117614  -26.657  -33.639  -17.765 0.6000000238
44899  -24.448  -34.023  -16.196 0.8000000119
44910  -24.590  -33.715  -16.712 0.6999999881
46709  -24.639  -32.510  -17.313 0.6999999881
43823  -30.033  -35.482  -7.646 0.3000000119
42030  -32.347  -37.281  -8.793 0.5000000000
42041  -32.389  -37.437  -9.456 0.6000000238
43837  -30.710  -35.108  -8.162 0.3000000119
45739  -29.951  -33.776  -8.759 0.3000000119
44847  -31.356  -34.589  -8.726 0.3000000119
42902  -32.715  -36.751  -9.913 0.6000000238
42904  -32.508  -36.766  -10.778 0.6000000238
45751  -28.708  -33.270  -9.351 0.3000000119
46636  -30.145  -32.549  -9.511 0.3000000119
44856  -32.252  -34.451  -9.240 0.3000000119
46635  -29.182  -32.667  -9.602 0.3000000119
46634  -28.393  -32.706  -9.695 0.3000000119
43857  -32.566  -35.408  -12.745 0.6999999881
45796  -28.397  -33.404  -15.864 0.8000000119
45797  -29.904  -33.640  -15.524 0.6999999881
44892  -30.569  -34.004  -15.159 0.6999999881
45783  -29.023  -33.935  -15.513 0.6999999881
45795  -27.473  -33.438  -15.841 0.8000000119
46688  -28.668  -32.773  -16.224 0.6999999881
122085  -25.940  -32.627  -15.972 0.6999999881
46687  -27.863  -32.842  -16.195 0.6000000238
45826  -27.409  -33.249  -18.150 0.6000000238
46684  -24.612  -32.819  -16.301 0.6999999881
119721  -24.573  -32.029  -16.723 0.6999999881
129540  -24.848  -32.165  -16.364 0.6999999881
45814  -25.012  -33.124  -17.516 0.6999999881
46715  -25.250  -32.359  -17.806 0.6999999881
46698  -24.472  -32.645  -16.879 0.6999999881
50980  -24.507  -27.827  -18.130 0.5000000000
50139  -24.207  -28.270  -18.169 0.5000000000
116587  -32.926  -36.070  -10.376 0.6000000238
123365  -32.736  -36.092  -11.308 0.6000000238
43848  -33.171  -35.238  -10.828 0.6000000238
44865  -33.149  -34.683  -12.399 0.6000000238
43874  -32.146  -35.200  -13.506 0.6999999881
116458  -32.705  -34.805  -13.111 0.6999999881
44874  -31.744  -34.770  -14.141 0.6999999881
48395  -26.388  -30.916  -10.874 0.3000000119
44893  -31.171  -33.655  -15.123 0.6999999881
44875  -32.405  -34.451  -13.672 0.6999999881
45784  -31.688  -33.626  -14.832 0.6999999881
46689  -30.116  -32.866  -16.025 0.6999999881
45798  -30.710  -33.334  -15.511 0.6000000238
114161  -29.250  -33.220  -15.888 0.6999999881
46672  -24.802  -33.399  -15.761 0.6999999881
46685  -25.073  -32.680  -16.002 0.6999999881
47559  -26.415  -31.861  -16.303 0.6999999881
47575  -27.193  -31.384  -16.676 0.6000000238
47558  -25.390  -31.967  -16.249 0.6999999881
45825  -25.936  -33.007  -17.858 0.6000000238
129687  -26.716  -32.964  -18.128 0.5000000000
47590  -24.509  -31.144  -17.404 0.6999999881
48481  -24.413  -30.484  -17.386 0.6999999881
118117  -24.457  -30.723  -17.642 0.6999999881
48506  -24.441  -29.667  -18.312 0.6000000238
44859  -33.297  -34.268  -10.927 0.4000000060
44861  -33.271  -34.744  -11.548 0.6000000238
128088  -33.410  -34.073  -11.761 0.5000000000
44866  -33.335  -33.926  -12.476 0.6000000238
45764  -33.017  -34.164  -13.099 0.6000000238
48419  -26.791  -30.327  -11.319 0.3000000119
48396  -27.210  -30.954  -10.964 0.3000000119
44887  -32.059  -34.017  -14.333 0.6999999881
45799  -31.547  -32.999  -15.277 0.6000000238
45785  -32.313  -33.128  -14.522 0.6000000238
47561  -28.204  -32.334  -16.452 0.6000000238
47560  -27.463  -32.153  -16.414 0.6000000238
46699  -28.895  -32.085  -16.621 0.6000000238
47574  -26.350  -31.095  -16.583 0.6999999881
48463  -26.813  -30.608  -16.945 0.6000000238
48460  -24.641  -30.657  -16.928 0.6999999881
48497  -24.781  -30.547  -18.377 0.6999999881
47603  -25.223  -31.484  -18.267 0.6000000238
131697  -26.471  -31.061  -18.957 0.5000000000
48498  -25.612  -30.798  -18.761 0.6000000238
47617  -26.274  -30.270  -19.269 0.5000000000
49301  -24.545  -29.820  -17.298 0.6000000238
49318  -24.276  -29.608  -17.766 0.5000000000
49339  -24.542  -28.991  -18.852 0.5000000000
50149  -24.905  -28.418  -19.401 0.5000000000
50148  -24.329  -28.081  -18.770 0.5000000000
50992  -24.412  -27.794  -18.554 0.5000000000
46651  -33.121  -32.690  -10.800 0.4000000060
45758  -33.371  -33.434  -11.228 0.4000000060
121741  -33.258  -32.074  -11.268 0.4000000060
47521  -30.917  -31.378  -10.295 0.4000000060
48420  -27.623  -30.268  -11.288 0.3000000119
48421  -28.465  -30.193  -11.221 0.3000000119
48422  -29.407  -30.192  -11.082 0.3000000119
131555  -27.965  -28.355  -12.328 0.3000000119
45800  -32.353  -32.236  -15.142 0.6000000238
46701  -30.724  -32.133  -16.270 0.5000000000
123386  -28.668  -31.386  -16.955 0.6000000238
47577  -29.408  -31.398  -16.867 0.6000000238
47576  -28.072  -31.719  -16.731 0.6000000238
47578  -30.359  -31.238  -16.653 0.6000000238
48464  -27.946  -30.850  -17.089 0.6000000238
48465  -28.948  -30.754  -17.206 0.6000000238
48444  -25.569  -31.195  -16.469 0.6999999881
48482  -27.338  -29.934  -17.245 0.6000000238
115645  -25.054  -29.751  -16.970 0.6999999881
49319  -24.153  -28.941  -17.704 0.5000000000
49334  -24.187  -28.820  -18.204 0.5000000000
50993  -24.692  -27.252  -18.752 0.5000000000
119940  -32.504  -32.196  -10.387 0.4000000060
46654  -33.396  -32.658  -11.588 0.4000000060
47523  -33.003  -31.928  -10.854 0.4000000060
45761  -33.452  -33.330  -12.063 0.5000000000
48401  -32.578  -30.827  -10.899 0.4000000060
46657  -33.446  -32.571  -12.422 0.4000000060
45765  -33.279  -33.301  -12.983 0.4000000060
46662  -32.969  -32.850  -13.759 0.5000000000
49262  -28.973  -29.484  -11.554 0.3000000119
50065  -29.377  -28.830  -11.826 0.3000000119
49263  -29.989  -29.289  -11.455 0.4000000060
46673  -32.816  -32.423  -14.377 0.4000000060
50082  -29.271  -28.205  -12.209 0.3000000119
49264  -30.972  -29.384  -11.263 0.4000000060
126279  -32.131  -31.492  -15.783 0.5000000000
46691  -31.555  -32.204  -15.844 0.5000000000
113809  -31.090  -30.533  -16.503 0.5000000000
124049  -29.704  -30.731  -17.015 0.6000000238
48467  -31.648  -29.992  -16.370 0.5000000000
48483  -28.414  -29.988  -17.315 0.6000000238
49303  -26.147  -29.828  -17.177 0.6000000238
123920  -27.828  -29.325  -17.458 0.6000000238
49302  -25.302  -29.043  -17.352 0.5000000000
129725  -24.558  -29.154  -17.363 0.5000000000
50126  -25.378  -28.249  -17.711 0.5000000000
50981  -25.363  -27.552  -18.181 0.5000000000
50994  -25.610  -26.969  -18.649 0.5000000000
51909  -24.952  -26.331  -19.329 0.5000000000
47522  -32.511  -31.449  -10.659 0.4000000060
122120  -33.446  -31.884  -11.902 0.4000000060
47544  -33.496  -31.732  -12.859 0.4000000060
48425  -33.313  -30.391  -11.792 0.4000000060
46674  -33.260  -32.079  -13.768 0.4000000060
48445  -32.615  -30.766  -15.532 0.4000000060
123948  -33.036  -31.740  -14.566 0.5000000000
125321  -28.543  -27.432  -12.858 0.3000000119
47562  -31.936  -30.705  -16.162 0.4000000060
49304  -30.976  -29.642  -16.755 0.5000000000
48484  -29.464  -29.939  -17.225 0.6000000238
48466  -30.307  -30.266  -16.874 0.5000000000
49305  -31.892  -29.291  -16.587 0.5000000000
49321  -28.801  -29.188  -17.582 0.6000000238
49322  -29.754  -29.155  -17.332 0.5000000000
48485  -30.213  -29.564  -17.056 0.5000000000
50127  -26.553  -28.181  -17.971 0.5000000000
49320  -26.644  -29.022  -17.513 0.6000000238
50140  -28.730  -28.394  -18.165 0.6000000238
50128  -27.735  -28.696  -17.774 0.6000000238
50982  -26.466  -27.550  -18.320 0.5000000000
52776  -24.919  -25.461  -19.764 0.5000000000
52761  -27.558  -25.221  -14.245 0.3000000119
53573  -28.705  -24.918  -14.134 0.4000000060
53574  -29.530  -24.805  -13.919 0.4000000060
122989  -27.935  -23.705  -14.870 0.4000000060
50997  -31.355  -27.002  -18.323 0.5000000000
126286  -31.781  -27.426  -17.810 0.5000000000
131861  -28.257  -27.729  -18.547 0.5000000000
50142  -30.408  -27.579  -18.404 0.5000000000
50995  -27.196  -27.230  -18.673 0.5000000000
114215  -28.291  -27.256  -18.863 0.6000000238
52785  -25.671  -25.241  -19.659 0.5000000000
51910  -26.176  -26.466  -19.054 0.6000000238
52777  -26.784  -26.003  -19.488 0.5000000000
53629  -26.306  -24.551  -20.083 0.4000000060
53594  -29.119  -24.194  -14.337 0.4000000060
123237  -30.830  -25.304  -13.286 0.4000000060
50996  -29.211  -27.615  -18.646 0.5000000000
51912  -29.857  -26.885  -18.932 0.5000000000
128575  -28.825  -26.849  -19.147 0.5000000000
51922  -29.401  -26.246  -19.487 0.5000000000
51923  -30.398  -26.213  -19.219 0.5000000000
51911  -27.654  -26.700  -19.179 0.5000000000
51921  -28.214  -26.191  -19.603 0.5000000000
116102  -27.452  -24.027  -20.462 0.4000000060
52786  -27.362  -25.411  -19.864 0.5000000000
54460  -30.356  -23.248  -14.316 0.4000000060
54473  -28.398  -23.070  -15.181 0.4000000060
51915  -31.911  -26.232  -18.461 0.4000000060
52787  -28.802  -25.572  -19.989 0.4000000060
53630  -28.087  -24.798  -20.281 0.5000000000
54498  -28.160  -23.363  -20.647 0.3000000119
51914  -31.197  -26.238  -18.845 0.4000000060
53631  -29.392  -24.842  -20.236 0.4000000060
54499  -28.786  -24.099  -20.475 0.5000000000
54516  -29.333  -23.332  -20.561 0.4000000060
53643  -29.916  -24.058  -20.376 0.4000000060
53632  -30.466  -24.755  -19.995 0.4000000060
56237  -28.397  -21.151  -21.490 0.4000000060
55369  -29.806  -22.611  -20.726 0.4000000060
54500  -31.656  -23.703  -19.716 0.4000000060
56222  -29.262  -21.849  -21.146 0.4000000060
56238  -29.342  -21.011  -21.433 0.4000000060
125736  -28.539  -20.562  -21.706 0.4000000060
53644  -30.861  -23.905  -20.069 0.4000000060
54517  -30.349  -23.246  -20.397 0.3000000119
55370  -30.739  -22.464  -20.501 0.4000000060
54518  -31.231  -23.116  -20.129 0.4000000060
55355  -31.902  -23.051  -19.843 0.4000000060
126016  -30.207  -22.001  -20.896 0.4000000060
126604  -30.052  -21.459  -21.173 0.4000000060
57275  -29.358  -20.212  -21.748 0.4000000060
56223  -30.972  -21.462  -20.744 0.4000000060
56239  -30.224  -20.805  -21.303 0.5000000000
55371  -31.697  -22.297  -20.153 0.4000000060
56224  -31.913  -21.435  -20.278 0.4000000060
123970  -27.344  -55.231  -8.966 0.6999999881
23714  -22.061  -58.874  -6.254 0.6000000238
133289  -27.826  -55.451  -6.368 0.6999999881
29614  -28.780  -53.103  -7.782 0.8000000119
27731  -26.253  -54.478  -5.260 0.6000000238
29600  -27.957  -52.753  -5.076 0.6000000238
29601  -28.665  -52.561  -5.625 0.6999999881
32236  -27.551  -49.457  -9.284 0.8000000119
27778  -20.112  -52.787  -7.819 0.4000000060
34553  -21.830  -46.388  -12.361 0.8000000119
117026  -23.366  -51.980  -4.640 0.5000000000
33692  -29.977  -47.846  -7.590 0.8000000119
34519  -28.408  -46.717  -9.622 0.8000000119
33658  -20.738  -47.578  -4.730 0.4000000060
123775  -25.654  -48.871  -4.430 0.6000000238
120700  -22.921  -47.954  -4.369 0.5000000000
33661  -25.211  -47.389  -4.502 0.6000000238
34472  -28.714  -46.353  -4.590 0.6999999881
37613  -26.409  -42.593  -10.755 0.6999999881
37558  -28.846  -43.444  -4.721 0.6999999881
42936  -26.129  -36.641  -13.645 0.8000000119
41163  -31.409  -38.712  -7.420 0.6000000238
41201  -31.466  -38.292  -10.743 0.6999999881
118013  -29.572  -39.029  -5.947 0.6000000238
42895  -32.233  -36.722  -8.464 0.5000000000
44858  -33.020  -34.540  -9.967 0.4000000060
46690  -30.941  -32.733  -15.825 0.6000000238
47532  -33.208  -31.244  -11.281 0.4000000060
127438  -25.391  -25.823  -19.408 0.5000000000
122769  -33.605  -30.888  -12.900 0.4000000060
52788  -29.972  -25.565  -19.808 0.4000000060
26224  -20.723  -56.621  -12.516 0.5000000000
27019  -21.452  -55.541  -13.016 0.5000000000
23760  -21.667  -59.164  -10.721 0.6999999881
29676  -23.347  -52.881  -13.448 0.5000000000
22817  -22.695  -60.532  -5.522 0.5000000000
30607  -22.616  -51.815  -13.253 0.6999999881
28716  -22.651  -53.517  -10.944 0.6999999881
31475  -22.077  -50.674  -10.819 0.6999999881
124081  -22.922  -52.774  -10.833 0.6999999881
32278  -23.534  -49.329  -13.437 0.6999999881
32280  -25.183  -49.393  -13.461 0.5000000000
125964  -23.889  -48.489  -13.482 0.6000000238
25323  -24.092  -57.491  -5.795 0.6000000238
29633  -25.868  -52.965  -9.855 0.6999999881
121621  -22.659  -48.093  -13.261 0.6999999881
25324  -24.870  -57.522  -5.625 0.6000000238
27779  -27.639  -54.618  -8.685 0.8000000119
125802  -26.430  -52.794  -9.498 0.6999999881
33737  -26.759  -47.402  -12.801 0.4000000060
26145  -22.229  -56.253  -6.760 0.6000000238
34562  -21.911  -46.595  -12.664 0.8000000119
25360  -20.314  -57.171  -7.279 0.5000000000
32235  -26.611  -49.537  -9.680 0.8000000119
34566  -26.046  -46.185  -13.369 0.5000000000
29609  -29.136  -52.351  -6.380 0.6999999881
26925  -23.053  -54.932  -6.566 0.6000000238
31456  -28.758  -50.410  -8.581 0.8000000119
32247  -24.882  -49.066  -10.253 0.8000000119
36061  -24.877  -44.467  -14.131 0.6999999881
35321  -26.257  -44.866  -13.629 0.6000000238
30536  -29.385  -51.572  -6.550 0.6999999881
34533  -24.156  -46.657  -10.826 0.8999999762
134728  -22.070  -45.433  -11.939 0.8000000119
36831  -26.566  -43.574  -13.915 0.6000000238
36065  -28.596  -44.094  -12.903 0.4000000060
26924  -22.299  -54.623  -7.190 0.5000000000
26938  -21.604  -54.623  -7.558 0.5000000000
117651  -20.864  -55.090  -7.674 0.5000000000
26937  -20.100  -53.948  -8.276 0.4000000060
33720  -25.571  -47.135  -10.409 0.8999999762
36828  -22.171  -43.812  -12.774 0.8000000119
30529  -26.996  -51.545  -4.457 0.6000000238
31433  -28.373  -50.535  -4.683 0.6000000238
115979  -29.368  -49.673  -5.852 0.8000000119
27759  -21.774  -53.853  -7.586 0.4000000060
28657  -22.170  -53.183  -6.945 0.5000000000
28658  -22.842  -53.332  -6.419 0.5000000000
34536  -27.074  -46.556  -10.278 0.8000000119
38571  -27.660  -41.031  -14.127 0.6000000238
39476  -28.555  -41.098  -14.089 0.4000000060
30528  -26.079  -51.335  -4.527 0.6000000238
28637  -22.685  -52.649  -5.010 0.5000000000
29589  -24.859  -51.803  -4.805 0.5000000000
29607  -23.013  -52.907  -6.051 0.5000000000
124099  -26.535  -50.818  -4.448 0.6000000238
126816  -22.491  -50.912  -3.683 0.5000000000
31428  -24.099  -50.370  -4.315 0.6000000238
126051  -23.166  -50.446  -3.897 0.6000000238
29582  -22.622  -52.054  -4.018 0.5000000000
30527  -25.280  -51.157  -4.670 0.5000000000
32177  -20.437  -49.366  -3.809 0.6000000238
31429  -24.954  -50.397  -4.550 0.6000000238
33669  -20.278  -47.181  -5.228 0.4000000060
132385  -25.568  -44.187  -10.777 0.8000000119
36804  -22.803  -43.520  -11.589 0.8999999762
32908  -24.108  -48.790  -4.316 0.6000000238
33659  -23.076  -47.290  -4.518 0.4000000060
129111  -24.402  -47.486  -4.454 0.5000000000
35276  -30.372  -45.571  -8.493 0.6999999881
35247  -22.905  -44.968  -5.516 0.4000000060
35236  -24.168  -45.794  -4.869 0.5000000000
37609  -22.556  -42.955  -11.845 0.8000000119
126504  -27.080  -39.346  -14.769 0.6999999881
132664  -28.481  -46.902  -4.541 0.6999999881
119537  -25.924  -46.930  -4.556 0.6999999881
117680  -26.531  -46.931  -4.482 0.6999999881
35248  -24.012  -44.883  -5.309 0.5000000000
135527  -30.271  -43.789  -9.463 0.6999999881
40378  -24.596  -39.500  -14.491 0.8000000119
118560  -27.086  -45.647  -4.501 0.6000000238
120036  -27.870  -45.959  -4.507 0.6999999881
128592  -24.482  -46.686  -4.567 0.5000000000
116064  -24.350  -43.221  -5.459 0.3000000119
37591  -30.856  -43.037  -8.902 0.6999999881
37554  -24.794  -42.686  -5.402 0.3000000119
40377  -23.264  -39.273  -14.296 0.8999999762
41232  -23.986  -38.594  -14.733 0.8000000119
131631  -26.836  -38.589  -15.240 0.6000000238
130044  -26.153  -36.978  -15.970 0.6000000238
42096  -24.732  -37.118  -15.534 0.8000000119
35970  -26.357  -44.336  -4.741 0.6000000238
35981  -25.782  -44.015  -5.090 0.5000000000
37556  -26.391  -42.685  -4.771 0.4000000060
39457  -26.427  -40.539  -11.353 0.8000000119
39442  -28.732  -40.815  -10.685 0.6999999881
41230  -21.442  -38.162  -14.373 0.8000000119
36763  -30.871  -43.266  -6.242 0.6999999881
37592  -31.094  -42.335  -8.829 0.6999999881
38511  -30.824  -41.702  -9.488 0.6999999881
39443  -29.599  -40.720  -10.516 0.6999999881
39425  -30.858  -40.840  -9.779 0.6999999881
131083  -30.077  -38.952  -11.364 0.6999999881
119389  -27.892  -40.195  -5.335 0.5000000000
37568  -31.622  -42.290  -7.006 0.6999999881
40298  -28.681  -40.006  -5.475 0.5000000000
41152  -26.763  -38.079  -5.950 0.3000000119
39407  -30.075  -40.260  -5.837 0.6000000238
42016  -29.151  -37.094  -6.624 0.3000000119
39423  -31.624  -40.382  -8.514 0.6999999881
112686  -29.291  -35.906  -7.332 0.3000000119
44911  -24.975  -33.856  -17.175 0.6999999881
41156  -30.143  -38.589  -6.386 0.6000000238
41162  -30.864  -38.357  -6.948 0.6000000238
41169  -31.644  -38.914  -8.209 0.6999999881
40329  -31.638  -39.555  -8.825 0.6999999881
42052  -31.946  -37.555  -11.088 0.6000000238
117615  -27.004  -34.067  -15.465 0.8000000119
45815  -25.706  -33.590  -17.551 0.6000000238
42880  -30.127  -36.309  -7.325 0.3000000119
42019  -31.458  -37.510  -7.656 0.5000000000
45738  -28.998  -33.870  -8.876 0.3000000119
44846  -30.362  -34.398  -8.494 0.3000000119
123682  -32.801  -36.040  -9.575 0.5000000000
132742  -30.455  -36.441  -13.469 0.8000000119
44884  -29.768  -34.514  -15.160 0.6999999881
46714  -24.729  -31.722  -17.594 0.6999999881
44848  -32.096  -35.106  -8.846 0.3000000119
43850  -32.960  -35.413  -11.858 0.6000000238
47573  -24.426  -31.252  -16.980 0.6999999881
132125  -24.811  -31.395  -16.629 0.6999999881
45771  -32.675  -33.647  -13.736 0.6999999881
46700  -29.819  -32.087  -16.484 0.6000000238
48461  -24.925  -30.520  -16.747 0.6999999881
46716  -26.213  -32.251  -18.323 0.5000000000
45757  -33.066  -33.588  -10.397 0.4000000060
48507  -25.040  -29.952  -18.918 0.6000000238
48399  -30.755  -30.672  -10.627 0.4000000060
50063  -27.642  -28.939  -11.979 0.3000000119
50064  -28.550  -28.793  -12.035 0.3000000119
47563  -32.684  -31.447  -15.200 0.5000000000
47579  -31.344  -31.418  -16.277 0.5000000000
48462  -25.754  -30.497  -16.766 0.5000000000
50066  -30.105  -28.351  -11.815 0.4000000060
47550  -33.409  -31.120  -13.770 0.4000000060
52762  -28.044  -24.931  -14.297 0.3000000119
53575  -30.395  -24.666  -13.686 0.4000000060
50141  -29.755  -28.302  -18.142 0.5000000000
54443  -29.945  -24.029  -14.088 0.4000000060
58246  -30.063  -19.573  -21.793 0.3000000119
21196  -24.589  -62.698  -9.345 0.5000000000
21202  -23.038  -62.135  -9.822 0.5000000000
20365  -25.615  -63.612  -6.990 0.4000000060
20372  -25.562  -63.416  -7.913 0.5000000000
20380  -25.231  -63.080  -8.737 0.5000000000
131925  -24.211  -61.381  -9.769 0.6000000238
22013  -24.083  -60.700  -9.935 0.6000000238
21180  -25.809  -62.778  -7.330 0.5000000000
21173  -25.574  -62.852  -6.544 0.5000000000
21190  -25.683  -62.557  -8.183 0.5000000000
22005  -25.540  -61.401  -9.090 0.5000000000
122606  -25.481  -62.058  -6.210 0.5000000000
22862  -24.797  -60.190  -9.698 0.6000000238
23763  -24.506  -59.267  -9.727 0.6000000238
112773  -24.890  -61.013  -9.624 0.6000000238
22874  -24.004  -59.964  -9.942 0.6000000238
23762  -23.452  -59.389  -10.020 0.6000000238
24573  -23.708  -58.461  -9.951 0.6000000238
23761  -22.720  -58.823  -10.310 0.6000000238
24571  -21.916  -58.225  -10.637 0.6000000238
24572  -22.840  -58.132  -10.297 0.6000000238
21986  -26.218  -61.401  -7.325 0.5000000000
21998  -25.886  -61.765  -8.404 0.5000000000
22863  -25.640  -60.525  -9.277 0.6000000238
21985  -25.886  -61.359  -6.596 0.5000000000
23751  -25.513  -59.646  -9.466 0.6000000238
21975  -24.639  -61.117  -5.591 0.5000000000
21976  -25.411  -61.274  -5.920 0.5000000000
24574  -24.792  -58.357  -9.686 0.6000000238
122174  -23.367  -57.621  -10.206 0.6000000238
21999  -26.339  -61.428  -7.977 0.5000000000
22864  -26.358  -59.848  -8.931 0.5000000000
22830  -26.400  -60.710  -6.950 0.5000000000
131531  -26.803  -59.976  -7.364 0.5000000000
22841  -26.609  -60.802  -7.711 0.5000000000
116630  -26.766  -60.149  -8.185 0.5000000000
22820  -25.144  -60.455  -5.780 0.5000000000
22829  -25.890  -60.620  -6.291 0.5000000000
23764  -25.350  -58.912  -9.564 0.6000000238
21974  -23.677  -60.977  -5.450 0.5000000000
22819  -24.233  -60.325  -5.573 0.5000000000
25401  -24.295  -57.646  -9.943 0.6000000238
116914  -22.401  -57.526  -10.496 0.6000000238
128188  -22.967  -57.006  -10.407 0.6000000238
23715  -26.378  -59.944  -6.599 0.5000000000
23745  -27.012  -58.997  -8.273 0.5000000000
24548  -26.716  -58.973  -8.875 0.6000000238
25387  -26.768  -57.339  -9.088 0.6000000238
23716  -26.695  -59.222  -6.866 0.5000000000
113805  -26.140  -59.018  -9.338 0.6000000238
24557  -26.539  -58.247  -9.252 0.6000000238
22818  -23.454  -60.247  -5.538 0.5000000000
23692  -22.290  -59.680  -5.815 0.5000000000
25400  -23.845  -56.943  -10.270 0.6000000238
26203  -23.117  -56.219  -10.560 0.6000000238
24522  -26.968  -58.506  -7.069 0.5000000000
24535  -27.114  -58.418  -7.802 0.5000000000
25388  -27.096  -57.346  -8.459 0.6000000238
120984  -25.400  -58.983  -5.840 0.5000000000
23695  -24.707  -59.543  -5.685 0.5000000000
24501  -24.739  -58.760  -5.672 0.6000000238
25345  -26.996  -57.704  -6.739 0.6000000238
135345  -27.173  -57.947  -7.300 0.5000000000
25377  -27.194  -57.683  -7.885 0.5000000000
26191  -27.154  -56.678  -8.645 0.6000000238
24503  -25.890  -58.361  -6.016 0.6000000238
24521  -26.531  -58.454  -6.543 0.6000000238
26190  -26.749  -56.422  -9.248 0.6000000238
122379  -24.446  -58.162  -5.685 0.5000000000
24502  -25.164  -58.235  -5.666 0.6000000238
25326  -26.365  -57.699  -6.193 0.6000000238
25346  -27.382  -56.987  -6.777 0.6000000238
123664  -27.781  -56.646  -7.054 0.6000000238
25362  -27.392  -57.333  -7.184 0.5000000000
115130  -27.512  -56.203  -8.218 0.6000000238
26969  -27.281  -55.927  -8.866 0.6000000238
26939  -27.871  -56.097  -7.527 0.6999999881
44913  -26.994  -34.474  -17.538 0.5000000000
57276  -30.349  -20.142  -21.455 0.4000000060
58247  -30.973  -19.732  -21.403 0.3000000119
59159  -30.824  -19.092  -21.765 0.3000000119
60091  -31.764  -17.876  -22.010 0.3000000119
19608  -25.233  -64.342  -6.674 0.4000000060
19623  -25.277  -64.333  -7.581 0.5000000000
20371  -25.057  -63.902  -8.543 0.5000000000
124973  -22.465  -61.624  -10.034 0.5000000000
19601  -25.243  -63.625  -6.228 0.4000000060
22012  -23.299  -61.313  -9.966 0.6000000238
22873  -23.140  -60.287  -10.145 0.6000000238
124688  -22.620  -59.562  -10.306 0.5000000000
20351  -24.535  -63.558  -5.646 0.4000000060
121407  -23.478  -62.181  -5.344 0.5000000000
125009  -24.955  -61.931  -5.673 0.5000000000
134489  -23.567  -61.561  -5.396 0.3000000119
21972  -21.970  -61.342  -5.529 0.4000000060
21971  -21.099  -61.042  -5.879 0.4000000060
36064  -27.489  -43.961  -13.343 0.4000000060
36833  -28.324  -43.226  -13.311 0.4000000060
41155  -29.254  -38.402  -6.064 0.4000000060
43925  -26.888  -35.241  -17.175 0.5000000000
133272  -33.013  -35.437  -10.000 0.4000000060
58248  -31.670  -19.146  -21.239 0.3000000119
19600  -24.832  -64.407  -6.019 0.4000000060
24556  -25.740  -58.283  -9.563 0.6000000238
23693  -23.003  -59.811  -5.626 0.5000000000
24500  -23.943  -58.799  -5.701 0.6000000238
43907  -27.625  -35.487  -16.870 0.5000000000
22003  -23.908  -62.030  -9.656 0.6000000238
21197  -25.315  -62.228  -8.900 0.5000000000
22004  -24.772  -61.801  -9.430 0.6000000238
21181  -25.985  -62.013  -7.683 0.5000000000
21164  -25.125  -62.787  -5.897 0.5000000000
23744  -26.795  -59.525  -8.462 0.5000000000
23732  -26.959  -59.137  -7.539 0.5000000000
23696  -25.650  -59.793  -6.057 0.5000000000
23697  -26.143  -59.142  -6.292 0.5000000000
22872  -22.011  -60.096  -10.366 0.4000000060
21163  -24.377  -62.545  -5.504 0.4000000060
28644  -22.059  -52.991  -5.816 0.4000000060
29596  -21.554  -52.759  -6.703 0.4000000060
28667  -21.204  -53.026  -7.559 0.4000000060
29581  -22.037  -52.665  -4.203 0.4000000060
123082  -19.581  -51.769  -3.477 0.4000000060
122431  -20.672  -51.815  -3.460 0.4000000060
120480  -21.923  -52.107  -3.764 0.4000000060
30515  -22.232  -51.530  -3.699 0.4000000060
30512  -17.772  -51.072  -4.002 0.3000000119
31416  -19.258  -50.673  -3.680 0.3000000119
32188  -18.119  -49.540  -4.530 0.4000000060
124428  -21.048  -50.990  -3.427 0.4000000060
31415  -18.396  -50.434  -4.072 0.4000000060
31417  -19.868  -49.986  -3.737 0.5000000000
121167  -19.011  -49.767  -4.140 0.4000000060
32904  -19.647  -48.460  -4.605 0.4000000060
32918  -19.125  -48.195  -5.112 0.4000000060
41154  -28.438  -38.292  -5.884 0.3000000119
43838  -31.602  -35.463  -8.370 0.3000000119
125554  -31.827  -36.147  -8.184 0.3000000119
43846  -32.648  -35.234  -9.364 0.3000000119
43839  -32.361  -35.911  -8.788 0.3000000119
125962  -32.558  -32.947  -10.077 0.3000000119
124768  -31.755  -31.717  -10.246 0.3000000119
50130  -30.528  -28.320  -17.769 0.4000000060
48400  -31.740  -30.881  -10.613 0.3000000119
124637  -29.991  -30.603  -10.753 0.3000000119
48423  -30.399  -30.015  -10.981 0.3000000119
49324  -31.278  -29.019  -16.990 0.4000000060
113739  -31.793  -28.009  -17.451 0.3000000119
50983  -31.186  -27.817  -17.871 0.4000000060
51913  -30.668  -26.783  -18.737 0.4000000060
52789  -31.015  -25.436  -19.353 0.3000000119
48424  -32.906  -30.474  -11.294 0.3000000119
49240  -31.336  -30.080  -10.918 0.3000000119
49241  -32.234  -30.238  -11.090 0.3000000119
48430  -33.546  -30.281  -12.518 0.3000000119
49265  -31.911  -29.496  -11.315 0.3000000119
49266  -32.848  -29.711  -11.565 0.3000000119
50069  -33.133  -29.008  -11.955 0.3000000119
49275  -33.697  -29.545  -12.892 0.3000000119
48433  -33.629  -30.253  -13.305 0.3000000119
48436  -33.484  -30.220  -14.235 0.3000000119
134798  -30.714  -28.783  -11.550 0.3000000119
50067  -31.515  -28.787  -11.532 0.3000000119
47549  -33.130  -30.919  -14.785 0.3000000119
50934  -30.556  -27.738  -12.043 0.3000000119
114300  -30.478  -27.178  -12.417 0.3000000119
48446  -33.194  -30.104  -15.171 0.3000000119
51860  -29.738  -27.039  -12.795 0.3000000119
51882  -29.583  -26.280  -13.260 0.3000000119
48468  -32.469  -29.879  -15.950 0.3000000119
50117  -32.736  -29.015  -16.224 0.3000000119
129765  -32.895  -28.303  -16.528 0.3000000119
53593  -28.333  -24.316  -14.503 0.3000000119
127454  -32.354  -28.699  -16.698 0.3000000119
50132  -32.396  -28.152  -17.061 0.3000000119
54458  -28.730  -23.608  -14.742 0.3000000119
54472  -27.690  -23.132  -15.232 0.3000000119
49267  -33.396  -29.606  -12.191 0.3000000119
50068  -32.439  -28.867  -11.672 0.3000000119
50918  -31.029  -28.162  -11.734 0.3000000119
50919  -31.971  -28.101  -11.804 0.3000000119
50936  -32.344  -27.428  -12.283 0.3000000119
50084  -33.529  -28.775  -12.610 0.3000000119
116417  -33.779  -28.914  -13.280 0.3000000119
49277  -33.704  -29.480  -13.682 0.3000000119
49282  -33.530  -29.372  -14.602 0.3000000119
50935  -31.326  -27.425  -12.147 0.3000000119
51862  -31.804  -26.719  -12.510 0.3000000119
50937  -33.112  -27.428  -12.628 0.3000000119
49290  -33.186  -29.250  -15.489 0.3000000119
51861  -30.389  -26.512  -12.781 0.3000000119
120492  -31.039  -26.756  -12.497 0.3000000119
50118  -33.285  -28.458  -15.826 0.3000000119
122949  -33.390  -27.725  -16.192 0.3000000119
113690  -29.951  -25.428  -13.506 0.3000000119
50974  -32.976  -27.599  -16.924 0.3000000119
54459  -29.518  -23.459  -14.564 0.3000000119
50984  -32.373  -27.468  -17.452 0.3000000119
55311  -29.930  -22.763  -14.896 0.3000000119
51901  -32.188  -26.823  -17.930 0.3000000119
52790  -31.856  -25.008  -19.054 0.3000000119
53633  -31.355  -24.505  -19.574 0.3000000119
117573  -33.452  -28.015  -12.754 0.3000000119
50088  -33.717  -28.127  -13.371 0.3000000119
50089  -33.981  -27.773  -13.989 0.3000000119
50100  -33.848  -28.578  -14.014 0.3000000119
50955  -33.565  -27.517  -13.115 0.3000000119
50110  -33.598  -28.552  -14.977 0.3000000119
52745  -30.369  -25.895  -13.100 0.3000000119
52726  -31.208  -26.035  -12.820 0.3000000119
52727  -32.251  -26.004  -12.820 0.3000000119
50970  -33.722  -27.809  -15.389 0.3000000119
128609  -34.013  -26.548  -16.200 0.3000000119
51894  -33.900  -27.137  -15.825 0.3000000119
53576  -31.335  -24.566  -13.488 0.3000000119
54444  -30.842  -23.874  -13.837 0.3000000119
117940  -33.496  -26.993  -16.571 0.3000000119
54461  -31.301  -23.096  -14.077 0.3000000119
50985  -33.002  -26.725  -17.379 0.3000000119
55312  -30.772  -22.439  -14.678 0.3000000119
52769  -33.333  -25.771  -17.524 0.3000000119
51902  -32.643  -26.064  -18.040 0.3000000119
52778  -32.273  -25.491  -18.549 0.3000000119
53634  -32.147  -24.210  -19.252 0.3000000119
52747  -32.913  -25.319  -13.160 0.3000000119
52748  -33.608  -25.931  -13.295 0.3000000119
51884  -34.277  -26.501  -14.080 0.3000000119
50966  -33.931  -27.826  -14.574 0.3000000119
52746  -31.822  -25.274  -13.140 0.3000000119
125905  -34.411  -25.816  -14.441 0.3000000119
50967  -34.216  -27.158  -14.331 0.3000000119
53577  -32.368  -24.511  -13.388 0.3000000119
54445  -31.833  -23.790  -13.667 0.3000000119
55313  -31.815  -22.355  -14.329 0.3000000119
55314  -32.976  -22.290  -14.151 0.3000000119
52770  -33.956  -25.387  -16.931 0.3000000119
56175  -31.341  -21.748  -14.804 0.3000000119
52779  -32.949  -25.248  -18.127 0.3000000119
53616  -33.225  -24.454  -18.199 0.3000000119
53615  -32.562  -24.704  -18.674 0.3000000119
54501  -32.343  -23.426  -19.432 0.3000000119
51883  -33.971  -26.459  -13.594 0.3000000119
52749  -33.789  -25.211  -13.598 0.3000000119
51892  -34.414  -26.503  -14.745 0.3000000119
51895  -34.309  -26.504  -15.529 0.3000000119
54446  -32.837  -23.742  -13.579 0.3000000119
53579  -34.061  -24.638  -13.865 0.3000000119
55303  -32.357  -23.040  -13.873 0.3000000119
55304  -33.329  -23.118  -13.839 0.3000000119
134649  -34.308  -25.019  -16.360 0.3000000119
126226  -31.078  -20.588  -15.239 0.3000000119
55315  -33.827  -22.677  -14.226 0.3000000119
56176  -32.279  -21.624  -14.502 0.3000000119
122876  -33.128  -21.562  -14.435 0.3000000119
53609  -34.192  -24.500  -17.005 0.3000000119
53608  -33.548  -24.924  -17.570 0.3000000119
54484  -32.899  -23.812  -18.812 0.3000000119
52765  -34.470  -25.071  -14.819 0.3000000119
119481  -34.492  -25.794  -15.210 0.3000000119
53595  -34.299  -24.316  -14.423 0.3000000119
53602  -34.515  -24.288  -15.242 0.3000000119
54447  -34.122  -23.440  -14.196 0.3000000119
114471  -34.496  -23.464  -14.972 0.3000000119
53605  -34.491  -24.345  -16.090 0.3000000119
57209  -31.746  -20.891  -14.848 0.3000000119
57210  -32.764  -20.942  -14.621 0.3000000119
57211  -33.648  -21.119  -14.632 0.3000000119
56177  -33.928  -21.925  -14.534 0.3000000119
55316  -34.417  -22.687  -14.743 0.3000000119
133364  -33.730  -24.264  -17.683 0.3000000119
54479  -33.601  -23.737  -18.160 0.3000000119
56215  -32.493  -21.816  -19.791 0.3000000119
55356  -32.426  -22.658  -19.608 0.3000000119
57223  -32.475  -20.152  -14.855 0.3000000119
54474  -34.647  -23.524  -15.766 0.3000000119
115573  -34.528  -23.661  -16.653 0.3000000119
57224  -33.416  -20.386  -14.776 0.3000000119
56178  -34.381  -21.273  -14.859 0.3000000119
120950  -34.766  -22.582  -15.536 0.3000000119
54477  -34.799  -22.832  -16.361 0.3000000119
128474  -34.163  -23.722  -17.479 0.3000000119
54480  -34.561  -22.992  -17.220 0.3000000119
54486  -34.119  -23.072  -18.030 0.3000000119
55346  -33.984  -22.367  -18.529 0.3000000119
129336  -33.774  -21.001  -19.255 0.3000000119
56210  -33.807  -21.616  -18.931 0.3000000119
125549  -33.177  -22.273  -19.169 0.3000000119
56216  -33.197  -21.362  -19.485 0.3000000119
58193  -32.242  -19.243  -15.246 0.3000000119
58194  -33.248  -19.582  -15.009 0.3000000119
57225  -34.697  -20.726  -15.234 0.3000000119
56202  -35.159  -21.391  -16.071 0.3000000119
55340  -35.006  -22.019  -16.193 0.3000000119
55343  -34.880  -22.212  -16.971 0.3000000119
57240  -35.260  -20.751  -16.320 0.3000000119
56212  -34.812  -20.879  -18.132 0.3000000119
56211  -34.433  -21.649  -18.326 0.3000000119
55347  -34.535  -22.340  -17.815 0.3000000119
116374  -34.280  -20.990  -18.789 0.3000000119
57253  -32.571  -20.863  -20.063 0.3000000119
57255  -34.068  -20.389  -19.242 0.3000000119
114911  -31.746  -20.713  -20.584 0.3000000119
57260  -31.031  -20.485  -21.115 0.3000000119
126564  -33.120  -18.876  -15.237 0.3000000119
123807  -33.905  -19.022  -15.240 0.3000000119
58195  -34.207  -19.942  -15.121 0.3000000119
57226  -35.010  -20.108  -15.755 0.3000000119
121627  -35.342  -19.890  -16.584 0.3000000119
56207  -35.108  -21.430  -16.725 0.3000000119
56206  -34.875  -21.541  -17.560 0.3000000119
57254  -33.375  -20.558  -19.645 0.3000000119
57262  -32.270  -20.093  -20.453 0.3000000119
57261  -31.638  -19.934  -20.885 0.3000000119
58196  -34.631  -19.211  -15.577 0.3000000119
24570  -20.855  -58.353  -11.299 0.4000000060
30513  -18.616  -51.322  -3.639 0.3000000119
125406  -21.813  -50.959  -3.543 0.4000000060
118810  -20.174  -50.895  -3.480 0.4000000060
32905  -20.363  -48.188  -4.475 0.4000000060
32189  -19.650  -49.199  -4.205 0.4000000060
40309  -28.809  -39.066  -5.679 0.3000000119
47539  -33.533  -31.062  -12.172 0.3000000119
114013  -31.194  -28.474  -17.384 0.4000000060
55310  -29.174  -22.961  -15.093 0.3000000119
126007  -18.750  -52.126  -3.490 0.4000000060
116816  -19.352  -52.831  -3.453 0.4000000060
30514  -21.491  -51.693  -3.553 0.4000000060
31427  -17.525  -50.192  -4.426 0.3000000119
50083  -32.942  -28.207  -12.156 0.3000000119
51863  -32.678  -26.723  -12.656 0.3000000119
55329  -29.625  -22.317  -15.396 0.3000000119
50956  -33.933  -27.192  -13.676 0.3000000119
52728  -33.005  -26.104  -12.904 0.3000000119
51864  -33.463  -26.758  -13.083 0.3000000119
51898  -33.732  -26.219  -16.832 0.3000000119
52767  -34.304  -25.807  -16.134 0.3000000119
125089  -34.177  -25.852  -13.823 0.3000000119
50971  -34.227  -27.173  -15.048 0.3000000119
52763  -34.261  -25.154  -14.139 0.3000000119
53578  -33.405  -24.448  -13.553 0.3000000119
56189  -30.892  -21.274  -15.211 0.3000000119
132898  -33.580  -23.755  -13.767 0.3000000119
54448  -34.011  -24.102  -13.892 0.3000000119
112745  -34.468  -25.045  -15.625 0.3000000119
124084  -34.656  -21.921  -15.041 0.3000000119
54485  -33.491  -23.077  -18.692 0.3000000119
126521  -34.109  -20.677  -14.841 0.3000000119
56190  -34.824  -21.342  -15.305 0.3000000119
55331  -34.955  -21.713  -15.651 0.3000000119
57263  -32.931  -19.999  -20.080 0.3000000119
57249  -35.218  -20.616  -17.266 0.3000000119
58226  -35.396  -19.597  -17.358 0.3000000119
36052  -28.001  -44.633  -12.906 0.4000000060
22839  -17.220  -60.084  -7.817 0.3000000119
115643  -17.751  -60.917  -7.386 0.3000000119
23729  -17.514  -59.158  -7.873 0.3000000119
22825  -19.039  -60.067  -6.713 0.3000000119
32903  -18.802  -48.844  -4.714 0.3000000119
32917  -18.410  -48.278  -5.531 0.3000000119
27719  -21.059  -54.057  -4.100 0.3000000119
29579  -20.355  -52.761  -3.498 0.3000000119
29580  -21.313  -52.631  -3.680 0.3000000119
28636  -21.903  -53.141  -4.828 0.3000000119
28632  -21.466  -53.407  -4.144 0.3000000119
28630  -20.050  -53.686  -3.524 0.3000000119
28631  -20.918  -53.599  -3.731 0.3000000119
34555  -27.582  -46.295  -12.663 0.3000000119
19607  -24.828  -64.907  -6.457 0.4000000060
21174  -25.842  -62.087  -6.926 0.5000000000
21973  -22.974  -61.441  -5.391 0.3000000119
21990  -18.359  -61.787  -7.180 0.4000000060
22011  -22.294  -60.918  -10.147 0.4000000060
22827  -20.286  -60.956  -6.228 0.5000000000
22855  -26.263  -60.889  -8.526 0.5000000000
23694  -23.711  -59.620  -5.607 0.5000000000
23730  -18.134  -59.886  -7.249 0.5000000000
24558  -27.021  -58.176  -8.633 0.5000000000
25359  -19.325  -57.550  -7.499 0.5000000000
25386  -26.126  -57.541  -9.537 0.6999999881
26910  -25.421  -55.892  -5.568 0.6000000238
26956  -19.124  -54.002  -8.684 0.4000000060
27004  -20.493  -55.295  -12.281 0.6999999881
27801  -20.185  -54.053  -11.324 0.6999999881
27803  -22.488  -54.264  -10.903 0.6999999881
28638  -25.501  -52.583  -4.727 0.6000000238
28640  -27.234  -52.994  -4.841 0.6000000238
28668  -21.798  -53.269  -7.338 0.5000000000
28701  -27.197  -53.082  -9.129 0.8000000119
28730  -19.797  -53.627  -11.817 0.6999999881
29608  -28.810  -52.988  -6.239 0.6999999881
29612  -20.828  -52.301  -7.265 0.5000000000
29613  -21.491  -52.679  -7.141 0.4000000060
29655  -20.415  -52.314  -11.882 0.6999999881
30530  -27.946  -51.350  -4.620 0.6000000238
30571  -21.525  -51.401  -10.992 0.6999999881
30608  -23.471  -51.483  -13.419 0.6000000238
31467  -27.935  -50.174  -9.051 0.8000000119
31478  -25.207  -49.879  -10.101 0.6999999881
32179  -21.959  -49.700  -3.617 0.6000000238
32197  -28.267  -49.051  -4.558 0.8000000119
32243  -21.481  -49.309  -11.594 0.8000000119
32279  -24.416  -49.394  -13.581 0.5000000000
32919  -29.568  -47.963  -5.341 0.8000000119
32978  -21.335  -48.447  -12.365 0.8000000119
32994  -22.042  -48.592  -12.991 0.6999999881
33664  -28.975  -47.035  -4.627 0.6999999881
34531  -22.554  -45.931  -11.634 0.8000000119
34563  -23.362  -46.936  -13.462 0.8000000119
35237  -24.916  -45.972  -4.635 0.5000000000
35246  -22.231  -45.343  -5.635 0.4000000060
35295  -23.296  -45.719  -11.394 0.8000000119
35297  -24.590  -44.989  -11.097 0.8000000119
35971  -27.020  -44.584  -4.575 0.6000000238
36024  -30.280  -44.376  -9.318 0.6999999881
36059  -22.369  -44.243  -13.063 0.8000000119
36063  -26.633  -44.268  -13.681 0.6000000238
36791  -29.754  -43.732  -9.898 0.6999999881
36821  -22.048  -43.725  -12.316 0.8000000119
37612  -25.516  -42.772  -10.859 0.8000000119
37645  -23.040  -42.790  -13.057 0.8000000119
37650  -28.658  -42.411  -13.561 0.4000000060
38539  -27.003  -41.065  -10.900 0.6999999881
38569  -26.111  -41.206  -14.319 0.6999999881
39440  -23.590  -40.531  -11.763 0.8000000119
39454  -23.051  -40.260  -12.174 0.8000000119
39474  -22.694  -40.245  -13.319 0.8000000119
41193  -22.070  -38.838  -12.665 0.8000000119
41210  -26.352  -38.624  -12.499 0.8000000119
42017  -30.068  -37.157  -6.923 0.3000000119
42029  -32.013  -37.439  -8.242 0.5000000000
42040  -32.047  -37.900  -10.157 0.6000000238
42061  -20.983  -38.040  -13.558 0.8000000119
42065  -25.267  -37.709  -12.992 0.8000000119
42099  -28.008  -37.460  -15.465 0.6000000238
42959  -25.194  -36.570  -15.953 0.6999999881
43879  -23.118  -36.008  -14.709 0.8000000119
43886  -30.189  -35.132  -14.652 0.6999999881
43924  -26.279  -34.868  -17.258 0.6000000238
44886  -31.275  -34.259  -14.729 0.6999999881
45752  -29.560  -33.245  -9.205 0.3000000119
46646  -28.042  -32.167  -10.160 0.3000000119
46663  -33.350  -32.511  -13.162 0.4000000060
46717  -27.228  -32.543  -18.426 0.6000000238
47602  -24.629  -31.034  -18.016 0.6999999881
47604  -26.115  -31.475  -18.637 0.6000000238
48496  -24.413  -30.325  -17.880 0.6999999881
49323  -30.543  -28.957  -17.190 0.5000000000
50125  -24.477  -28.500  -17.685 0.5000000000
50129  -29.425  -28.768  -17.736 0.6000000238
50131  -31.821  -28.632  -17.044 0.4000000060
51002  -24.503  -27.520  -18.954 0.5000000000
52744  -29.081  -25.578  -13.727 0.4000000060
54502  -32.901  -23.068  -19.189 0.3000000119
56191  -35.064  -21.019  -15.701 0.3000000119
113318  -26.734  -41.993  -4.708 0.4000000060
114576  -24.725  -53.923  -10.526 0.6999999881
118594  -23.499  -41.790  -11.731 0.8000000119
118911  -22.674  -49.982  -10.752 0.6999999881
119278  -22.900  -39.130  -12.264 0.8000000119
120428  -21.859  -58.045  -6.525 0.6000000238
120677  -20.028  -53.006  -12.201 0.6999999881
120973  -24.708  -63.458  -9.097 0.5000000000
121003  -27.552  -28.009  -18.289 0.6000000238
121857  -24.519  -31.876  -17.107 0.6999999881
122410  -29.519  -50.797  -6.694 0.6999999881
123131  -23.785  -52.665  -10.692 0.6999999881
123196  -29.356  -32.633  -16.272 0.6000000238
123224  -24.149  -61.712  -5.432 0.5000000000
123488  -28.146  -52.166  -8.832 0.8000000119
124849  -28.933  -51.115  -8.535 0.8000000119
124932  -26.951  -43.804  -10.583 0.8000000119
125500  -26.960  -59.591  -7.969 0.5000000000
125654  -27.398  -56.846  -7.811 0.6000000238
125702  -21.541  -50.911  -12.432 0.6999999881
125950  -25.672  -40.105  -11.591 0.8000000119
127455  -23.882  -38.019  -12.618 0.8000000119
127655  -31.659  -25.678  -18.849 0.3000000119
128008  -28.981  -40.550  -14.228 0.4000000060
128511  -21.580  -47.388  -12.707 0.8000000119
128569  -21.784  -39.017  -13.192 0.8000000119
129964  -21.536  -37.708  -14.456 0.8000000119
130629  -23.150  -49.893  -13.309 0.6999999881
131005  -22.183  -56.829  -6.643 0.6000000238
132545  -28.587  -38.882  -12.215 0.8000000119
133011  -24.054  -47.670  -10.630 0.8000000119
133670  -29.372  -52.075  -7.279 0.6999999881
134476  -22.096  -44.007  -11.855 1.0000000000
134992  -29.999  -28.683  -17.566 0.5000000000
135520  -23.198  -44.329  -13.472 0.8000000119
