#!ascii label  , from subject bert vox2ras=TkReg
1871
5660  -10.432  -85.134  -11.879 0.5000000000
123448  -10.628  -87.624  -13.274 0.5000000000
4031  -11.343  -88.126  -12.977 0.5000000000
4571  -12.513  -87.697  -13.843 0.5000000000
6683  -12.381  -83.528  -11.432 0.5000000000
6193  -11.125  -84.268  -12.066 0.5000000000
6180  -12.529  -84.492  -11.087 0.5000000000
6179  -11.719  -84.940  -11.789 0.5000000000
5644  -12.107  -85.586  -11.077 0.6000000238
5643  -11.052  -85.987  -11.476 0.5000000000
4572  -13.131  -87.784  -14.271 0.5000000000
4547  -9.779  -87.241  -12.445 0.5000000000
4042  -13.699  -88.138  -14.347 0.5000000000
4021  -10.859  -88.089  -12.511 0.6000000238
4033  -13.160  -88.192  -13.519 0.6000000238
4010  -11.225  -88.296  -11.753 0.6000000238
120639  -12.726  -88.479  -12.702 0.6000000238
4034  -13.981  -88.710  -13.705 0.6999999881
3514  -12.826  -89.079  -10.938 0.6999999881
3547  -13.539  -88.745  -12.790 0.6999999881
3528  -13.620  -89.532  -11.300 0.6999999881
3542  -14.358  -89.885  -11.946 0.6999999881
3548  -14.341  -89.476  -12.963 0.6999999881
6684  -13.111  -83.547  -10.748 0.5000000000
6169  -13.375  -84.469  -10.267 0.6000000238
6675  -14.013  -83.717  -9.995 0.6000000238
115991  -14.289  -84.622  -9.858 0.6000000238
5117  -10.683  -86.982  -11.290 0.5000000000
4043  -14.277  -88.641  -14.627 0.5000000000
4052  -14.590  -88.191  -15.521 0.5000000000
3572  -16.043  -89.125  -16.318 0.6999999881
4044  -14.953  -89.114  -15.004 0.6999999881
3563  -15.677  -89.612  -15.395 0.6999999881
123723  -10.266  -87.332  -11.811 0.6000000238
4536  -11.502  -87.489  -10.781 0.6999999881
3555  -15.354  -89.965  -14.518 0.6999999881
3996  -12.229  -88.689  -10.631 0.6999999881
119946  -13.651  -89.498  -10.422 0.6999999881
3095  -16.095  -90.811  -13.407 0.6999999881
3515  -14.660  -89.849  -10.314 0.6999999881
3529  -14.453  -89.976  -11.075 0.6999999881
3543  -14.899  -90.203  -12.540 0.6999999881
3086  -16.571  -90.906  -12.445 0.6999999881
3516  -15.579  -89.910  -10.339 0.6999999881
3531  -16.896  -89.983  -10.778 0.6999999881
3072  -16.735  -90.777  -11.420 0.6999999881
3532  -17.487  -90.184  -11.369 0.6999999881
6676  -14.978  -83.933  -9.657 0.6000000238
6164  -15.698  -83.959  -9.862 0.6000000238
6170  -15.089  -84.758  -9.777 0.6000000238
6171  -15.625  -84.667  -10.215 0.6000000238
5625  -12.797  -85.291  -10.378 0.6000000238
116016  -12.375  -86.090  -10.435 0.6000000238
3564  -16.453  -90.055  -15.775 0.6999999881
5099  -12.278  -86.951  -10.044 0.6999999881
3112  -16.106  -90.376  -14.874 0.6999999881
3123  -17.281  -90.363  -16.135 0.6999999881
3124  -18.187  -90.304  -16.521 0.6999999881
3113  -16.928  -90.596  -15.117 0.6999999881
3125  -18.870  -90.266  -17.341 0.6999999881
4537  -12.118  -87.969  -10.292 0.6999999881
4519  -13.502  -87.485  -9.130 0.6999999881
3104  -15.817  -90.555  -14.137 0.6999999881
3106  -17.332  -90.673  -14.400 0.6999999881
3114  -17.671  -90.420  -15.346 0.6999999881
3116  -19.016  -90.068  -16.346 0.6999999881
3977  -13.400  -88.849  -9.776 0.6999999881
3978  -13.970  -88.283  -9.179 0.6999999881
3096  -16.986  -90.856  -13.511 0.6999999881
3115  -18.408  -90.183  -15.512 0.6999999881
3503  -16.071  -89.425  -9.680 0.6999999881
3087  -17.486  -90.691  -12.786 0.6999999881
3097  -17.760  -90.580  -13.695 0.6999999881
3504  -17.061  -89.321  -9.845 0.6999999881
3544  -17.922  -90.257  -12.124 0.6999999881
3550  -18.400  -89.992  -13.865 0.6999999881
3518  -17.812  -89.354  -10.569 0.6999999881
4024  -18.528  -89.526  -12.264 0.6999999881
3519  -18.479  -88.902  -10.891 0.6999999881
7189  -14.608  -82.906  -9.765 0.5000000000
6667  -15.747  -83.299  -9.534 0.6000000238
6668  -16.329  -83.291  -9.841 0.6000000238
7176  -16.568  -82.662  -9.660 0.5000000000
6697  -16.223  -83.232  -11.543 0.6000000238
7768  -14.452  -82.121  -9.502 0.5000000000
7174  -15.625  -82.592  -9.187 0.5000000000
6685  -16.356  -83.797  -11.100 0.6000000238
7223  -15.712  -82.985  -12.478 0.6000000238
126296  -15.843  -84.711  -11.454 0.6000000238
6696  -15.842  -83.925  -11.951 0.6000000238
5627  -14.408  -85.487  -9.770 0.6000000238
5100  -12.983  -86.076  -9.903 0.6999999881
5628  -15.243  -85.580  -9.895 0.6999999881
5084  -14.049  -86.774  -8.906 0.6999999881
5616  -14.584  -86.103  -9.277 0.6999999881
3126  -19.403  -90.085  -17.142 0.6999999881
5060  -14.785  -87.132  -8.536 0.6999999881
118124  -14.831  -86.573  -8.783 0.6999999881
3127  -20.121  -89.900  -17.382 0.6999999881
5061  -15.524  -86.749  -8.544 0.6999999881
3565  -18.975  -89.770  -15.467 0.6999999881
3575  -19.654  -89.545  -16.640 0.6999999881
3136  -20.380  -90.368  -18.338 0.6999999881
3965  -17.002  -88.088  -8.552 0.6000000238
3556  -18.678  -89.822  -14.735 0.6999999881
3567  -19.773  -88.633  -16.229 0.6999999881
3584  -20.785  -89.138  -17.327 0.6999999881
128800  -20.897  -90.022  -17.635 0.6999999881
3146  -20.890  -90.533  -19.117 0.6999999881
3980  -16.617  -88.785  -9.094 0.6999999881
3551  -18.914  -89.006  -14.029 0.6999999881
4045  -19.662  -88.365  -14.272 0.6000000238
4055  -20.179  -87.983  -16.323 0.6999999881
3576  -20.126  -88.737  -16.837 0.6999999881
3998  -18.703  -88.618  -10.038 0.6000000238
3533  -18.182  -89.539  -11.455 0.6999999881
4025  -19.126  -88.676  -12.312 0.6999999881
4035  -18.703  -89.208  -13.138 0.6999999881
4036  -19.471  -88.381  -13.195 0.6000000238
4054  -19.823  -88.197  -15.430 0.6000000238
4013  -19.920  -87.905  -10.625 0.6000000238
121666  -19.630  -88.341  -11.431 0.6000000238
4037  -20.291  -87.953  -13.527 0.5000000000
4046  -20.381  -87.932  -14.495 0.5000000000
4047  -21.251  -87.963  -14.393 0.5000000000
4014  -20.318  -87.739  -11.370 0.6000000238
4557  -20.739  -87.599  -12.078 0.5000000000
4573  -21.059  -87.640  -12.793 0.5000000000
7205  -16.600  -82.999  -10.811 0.6000000238
7190  -16.666  -82.485  -10.145 0.6000000238
119006  -15.779  -82.042  -12.524 0.5000000000
7806  -15.423  -81.219  -13.122 0.6999999881
7756  -16.316  -82.105  -9.080 0.5000000000
7757  -16.589  -81.971  -9.507 0.6000000238
7769  -16.522  -81.649  -10.239 0.6000000238
7745  -15.995  -81.267  -8.393 0.6000000238
7244  -15.292  -82.247  -13.314 0.4000000060
7746  -16.498  -81.294  -8.914 0.6000000238
130903  -15.102  -83.204  -13.439 0.5000000000
6195  -15.609  -84.867  -12.404 0.6000000238
5645  -15.697  -85.692  -11.731 0.6000000238
5101  -15.597  -86.009  -10.319 0.6999999881
120024  -15.575  -85.861  -10.881 0.6000000238
5085  -15.528  -86.207  -9.197 0.6999999881
5086  -16.942  -86.590  -8.626 0.6000000238
125881  -16.557  -86.246  -9.242 0.6000000238
3966  -17.977  -87.699  -8.621 0.6000000238
4595  -20.806  -87.788  -16.466 0.6000000238
4068  -21.453  -88.362  -17.338 0.6000000238
3585  -21.547  -89.451  -17.673 0.6999999881
3595  -22.237  -89.748  -18.178 0.6999999881
3147  -21.777  -90.515  -18.844 0.6999999881
4521  -18.737  -87.623  -8.960 0.6000000238
116059  -20.684  -87.814  -15.523 0.6000000238
3158  -22.003  -90.813  -19.613 0.6999999881
4539  -20.408  -87.206  -10.703 0.6000000238
4038  -21.211  -87.858  -13.588 0.4000000060
4056  -21.959  -88.146  -14.844 0.4000000060
4596  -21.532  -87.851  -16.140 0.5000000000
4063  -21.381  -87.875  -16.938 0.6000000238
3586  -22.533  -88.663  -17.792 0.6000000238
120455  -22.826  -90.702  -19.697 0.6000000238
5123  -21.284  -86.689  -11.761 0.5000000000
5137  -21.998  -86.727  -12.273 0.5000000000
4558  -21.611  -87.184  -12.219 0.5000000000
4574  -22.037  -87.591  -12.929 0.5000000000
4064  -22.460  -87.981  -16.842 0.4000000060
4069  -23.187  -88.073  -17.903 0.6000000238
8447  -15.584  -80.548  -12.493 0.6000000238
7777  -15.986  -81.418  -11.933 0.6000000238
8467  -14.036  -80.856  -14.685 0.6000000238
8408  -16.454  -81.081  -9.575 0.6000000238
9048  -15.934  -79.800  -10.760 0.5000000000
9047  -15.603  -79.212  -11.617 0.6000000238
9035  -15.771  -78.872  -10.809 0.6000000238
7805  -14.670  -81.599  -13.986 0.6000000238
131867  -16.338  -80.686  -8.405 0.6999999881
126075  -16.459  -79.365  -9.515 0.6000000238
9612  -15.777  -78.000  -9.708 0.6000000238
6707  -14.566  -83.481  -14.160 0.5000000000
7243  -14.568  -82.578  -14.052 0.6000000238
8391  -16.157  -80.672  -7.710 0.6000000238
9606  -16.543  -78.505  -8.446 0.6999999881
135310  -14.902  -84.011  -13.633 0.5000000000
8992  -16.770  -79.358  -7.330 0.6999999881
8983  -16.650  -79.441  -6.526 0.6000000238
5119  -15.817  -86.125  -11.370 0.6000000238
5133  -15.913  -86.177  -12.154 0.6000000238
5120  -15.992  -86.318  -11.413 0.6000000238
5103  -17.190  -86.110  -9.991 0.6000000238
5629  -18.001  -85.938  -10.649 0.6000000238
5664  -20.051  -85.428  -12.361 0.6000000238
5104  -19.433  -86.450  -9.748 0.6000000238
121456  -20.652  -85.444  -12.965 0.6000000238
5648  -20.944  -86.152  -11.427 0.6000000238
3596  -23.193  -89.021  -18.434 0.6000000238
3607  -23.606  -89.336  -18.957 0.6000000238
5649  -21.544  -86.202  -12.001 0.5000000000
5138  -22.585  -86.601  -12.708 0.5000000000
4575  -22.779  -87.449  -13.310 0.5000000000
3160  -24.394  -90.468  -19.650 0.6000000238
4618  -23.799  -87.984  -17.073 0.4000000060
4078  -23.491  -88.191  -18.571 0.6000000238
3597  -23.846  -88.407  -19.050 0.6000000238
9061  -14.658  -79.177  -13.367 0.6000000238
9667  -13.791  -78.686  -13.619 0.5000000000
117178  -13.628  -79.245  -14.358 0.6000000238
9070  -13.290  -79.194  -14.922 0.5000000000
9062  -15.389  -79.643  -12.494 0.6000000238
9649  -14.364  -78.393  -12.781 0.6000000238
9071  -14.391  -79.980  -14.188 0.5000000000
9082  -13.625  -79.938  -14.907 0.5000000000
8466  -13.604  -80.492  -15.286 0.5000000000
9636  -15.300  -78.321  -11.479 0.5000000000
9650  -15.124  -78.692  -12.353 0.6000000238
9622  -14.667  -77.737  -11.111 0.5000000000
7821  -13.663  -81.184  -15.276 0.6000000238
9590  -16.577  -78.587  -7.617 0.6999999881
9605  -16.146  -77.847  -8.897 0.6000000238
10224  -15.552  -77.616  -7.689 0.6000000238
6203  -15.302  -84.841  -13.433 0.5000000000
8330  -16.147  -80.189  -5.299 0.5000000000
9566  -16.301  -78.747  -6.279 0.6999999881
5661  -15.683  -85.691  -12.767 0.5000000000
5134  -16.255  -86.318  -12.331 0.5000000000
5121  -16.778  -86.267  -11.345 0.6000000238
129486  -18.253  -85.963  -13.454 0.6000000238
5663  -18.645  -85.657  -12.032 0.5000000000
5677  -19.788  -85.437  -13.355 0.6000000238
117669  -19.477  -85.546  -11.793 0.6000000238
5678  -21.979  -85.602  -12.999 0.5000000000
4619  -24.207  -87.705  -18.320 0.5000000000
133068  -24.305  -87.733  -19.084 0.5000000000
3609  -24.878  -88.873  -19.509 0.6000000238
132299  -24.937  -89.734  -19.713 0.6000000238
9666  -13.020  -78.395  -14.298 0.6000000238
9665  -12.225  -78.129  -13.605 0.6000000238
9081  -13.504  -79.796  -15.297 0.5000000000
112425  -14.039  -78.004  -12.121 0.6000000238
10283  -13.675  -77.768  -11.452 0.6999999881
8477  -13.552  -80.909  -15.818 0.6000000238
135239  -14.531  -77.402  -9.545 0.6000000238
10272  -15.162  -77.688  -10.189 0.6000000238
7283  -13.593  -81.721  -15.709 0.6000000238
10205  -15.281  -77.816  -6.772 0.6000000238
10243  -13.877  -77.420  -8.198 0.6000000238
6718  -14.426  -83.610  -14.795 0.5000000000
133707  -16.095  -86.208  -13.645 0.5000000000
8316  -15.683  -80.061  -4.566 0.5000000000
9565  -15.940  -78.785  -5.437 0.6000000238
5135  -17.009  -86.261  -12.536 0.5000000000
5165  -18.019  -86.246  -14.339 0.6000000238
117071  -17.983  -85.913  -12.702 0.5000000000
5709  -19.476  -85.688  -15.296 0.5000000000
122613  -20.376  -85.400  -13.823 0.5000000000
4638  -24.842  -87.906  -19.344 0.6000000238
4090  -24.821  -88.147  -19.448 0.6000000238
10301  -11.761  -77.638  -14.157 0.6000000238
9682  -12.368  -77.941  -14.360 0.5000000000
10329  -13.287  -77.740  -15.041 0.5000000000
9664  -11.325  -77.848  -13.471 0.6999999881
10330  -14.054  -77.891  -15.477 0.5000000000
9634  -12.305  -78.067  -11.752 0.6999999881
9635  -12.969  -78.094  -12.339 0.6000000238
133445  -14.747  -78.406  -15.635 0.5000000000
10271  -13.889  -77.537  -10.591 0.6000000238
9089  -13.999  -79.611  -16.095 0.5000000000
8487  -13.808  -80.925  -16.528 0.6000000238
117932  -13.003  -77.511  -8.986 0.6999999881
7294  -13.744  -82.258  -16.516 0.6000000238
10222  -13.534  -77.567  -7.337 0.6000000238
6729  -14.155  -83.341  -15.505 0.6000000238
9573  -14.274  -78.052  -5.490 0.6999999881
10204  -14.170  -77.798  -6.498 0.6999999881
120717  -15.247  -85.006  -14.114 0.5000000000
6215  -14.585  -84.049  -15.254 0.5000000000
9564  -15.199  -78.407  -5.050 0.6000000238
5691  -16.163  -86.032  -14.330 0.5000000000
9563  -14.315  -78.138  -4.512 0.5000000000
5163  -16.779  -86.258  -14.833 0.6000000238
5151  -16.645  -86.296  -14.011 0.5000000000
8955  -14.603  -79.106  -3.389 0.6000000238
5164  -17.223  -86.363  -14.387 0.5000000000
5692  -18.852  -85.930  -14.764 0.6000000238
116728  -19.920  -85.452  -16.198 0.5000000000
10312  -11.743  -77.078  -14.316 0.6999999881
10904  -12.352  -76.818  -14.596 0.5000000000
10905  -13.259  -76.781  -14.916 0.5000000000
10291  -10.039  -77.360  -13.005 0.8000000119
10292  -10.721  -77.492  -13.378 0.6999999881
10916  -13.928  -77.137  -15.248 0.5000000000
10331  -15.122  -77.625  -15.429 0.5000000000
10268  -10.800  -78.096  -10.559 0.6999999881
124616  -11.379  -78.189  -11.997 0.6999999881
9648  -11.751  -78.165  -12.711 0.8000000119
116294  -12.395  -77.842  -10.201 0.6999999881
125661  -15.951  -77.480  -15.138 0.5000000000
128221  -11.771  -77.726  -8.732 0.6999999881
10241  -12.095  -77.780  -9.517 0.6999999881
9100  -14.638  -80.078  -16.510 0.6000000238
9090  -15.023  -79.185  -15.958 0.5000000000
116902  -11.656  -77.688  -7.288 0.6000000238
10242  -12.232  -77.653  -8.032 0.6000000238
6732  -14.192  -83.010  -17.052 0.6000000238
125028  -12.701  -77.647  -5.780 0.6999999881
113053  -13.054  -77.712  -6.556 0.6999999881
5706  -15.567  -85.083  -15.367 0.6000000238
119247  -14.472  -83.775  -16.378 0.6000000238
10191  -13.430  -77.865  -5.091 0.6000000238
5722  -15.707  -85.072  -16.204 0.6000000238
5174  -17.478  -86.306  -15.083 0.6000000238
9537  -13.136  -78.878  -2.548 0.6000000238
116252  -17.867  -86.017  -15.976 0.6000000238
5708  -18.702  -85.904  -15.622 0.5000000000
11553  -10.538  -76.152  -13.517 0.6000000238
11554  -11.442  -75.774  -13.759 0.5000000000
10895  -12.858  -76.103  -14.517 0.5000000000
11574  -15.473  -76.293  -14.507 0.5000000000
10282  -9.567  -77.482  -12.195 0.8000000119
10315  -16.101  -76.868  -14.843 0.5000000000
10257  -10.026  -77.946  -10.055 0.6999999881
8489  -15.522  -80.464  -17.128 0.6000000238
134234  -12.567  -74.728  -2.147 0.6000000238
114417  -10.826  -77.806  -8.460 0.8000000119
11439  -12.702  -75.072  -2.660 0.6000000238
10201  -11.242  -77.424  -6.597 0.6999999881
10200  -10.584  -77.578  -7.444 0.8000000119
7851  -13.948  -81.546  -16.985 0.6000000238
132102  -11.740  -76.627  -2.429 0.6000000238
10189  -11.842  -77.326  -5.739 0.6000000238
6234  -15.085  -84.495  -16.923 0.6000000238
6235  -15.979  -84.812  -17.116 0.6000000238
123095  -12.298  -77.024  -3.211 0.6000000238
129490  -12.960  -77.559  -3.727 0.6000000238
10190  -12.625  -77.499  -4.785 0.6000000238
5723  -16.489  -85.504  -16.445 0.6000000238
5736  -16.812  -85.142  -17.410 0.6000000238
9562  -13.544  -77.786  -4.076 0.5000000000
125847  -17.985  -85.664  -16.908 0.5000000000
5726  -19.182  -85.515  -16.817 0.5000000000
6261  -18.407  -84.027  -19.060 0.5000000000
11543  -12.091  -74.831  -13.213 0.5000000000
12253  -13.240  -74.914  -13.378 0.5000000000
10888  -9.809  -76.459  -13.232 0.6000000238
11542  -10.869  -75.261  -13.223 0.5000000000
131536  -9.808  -77.819  -11.102 0.8000000119
10887  -8.965  -76.070  -12.791 0.6999999881
130848  -9.232  -77.669  -10.613 0.8000000119
10240  -10.068  -77.866  -9.066 0.8000000119
9711  -16.201  -79.062  -16.005 0.6000000238
10302  -16.800  -77.149  -14.516 0.5000000000
12105  -12.894  -73.756  -1.618 0.6000000238
10239  -9.306  -77.570  -8.626 0.8000000119
9700  -17.085  -78.992  -15.675 0.5000000000
132022  -13.219  -74.232  -2.850 0.6999999881
12120  -13.047  -74.392  -2.339 0.6000000238
128896  -9.785  -77.194  -7.121 0.8000000119
135394  -14.805  -82.330  -17.709 0.6000000238
8499  -15.186  -81.164  -17.490 0.6000000238
9091  -16.892  -79.447  -16.312 0.6000000238
12131  -13.060  -74.840  -3.050 0.6000000238
6737  -15.379  -83.347  -18.043 0.6000000238
6733  -14.815  -83.626  -17.405 0.6000000238
7862  -16.042  -81.103  -17.434 0.6000000238
10804  -12.304  -76.354  -3.013 0.6000000238
10181  -11.897  -77.248  -4.900 0.6000000238
10828  -11.037  -77.112  -5.996 0.5000000000
6738  -16.148  -83.772  -18.316 0.6000000238
10182  -12.325  -77.244  -3.979 0.6000000238
5737  -17.657  -85.248  -17.634 0.6000000238
129995  -17.218  -83.878  -19.026 0.6000000238
6746  -17.871  -83.809  -19.025 0.5000000000
6747  -18.757  -83.796  -18.657 0.5000000000
6262  -19.236  -83.908  -18.561 0.5000000000
7316  -19.868  -82.611  -18.091 0.5000000000
11537  -10.339  -75.062  -12.466 0.6000000238
10280  -8.270  -76.409  -11.887 0.6999999881
13524  -11.567  -72.394  0.029 0.6000000238
13525  -12.269  -72.805  -0.351 0.6000000238
10255  -7.918  -77.190  -10.132 0.8000000119
116804  -17.234  -77.974  -14.404 0.5000000000
13546  -12.639  -72.369  -1.952 0.6000000238
10238  -8.300  -77.321  -9.087 0.8000000119
9072  -17.691  -78.785  -14.267 0.5000000000
13554  -13.073  -73.000  -2.496 0.6999999881
126484  -9.012  -76.977  -7.324 0.8000000119
8491  -17.243  -80.212  -16.457 0.6000000238
9092  -17.457  -79.722  -15.821 0.6000000238
12840  -12.597  -73.608  -3.757 0.8000000119
10826  -9.507  -76.584  -6.792 0.6999999881
7304  -15.316  -82.766  -18.055 0.6000000238
7836  -17.336  -81.121  -16.033 0.6000000238
12137  -12.091  -74.451  -4.394 0.6999999881
11458  -11.996  -75.700  -4.516 0.6999999881
10816  -10.750  -76.543  -5.861 0.6000000238
7305  -15.865  -82.774  -18.177 0.6000000238
123657  -17.335  -81.939  -15.154 0.6000000238
10809  -12.276  -76.280  -3.735 0.6000000238
7296  -17.155  -82.486  -16.755 0.5000000000
7297  -17.598  -82.969  -17.566 0.5000000000
11535  -8.532  -75.871  -12.179 0.6000000238
12212  -10.349  -74.901  -11.374 0.5000000000
14248  -9.516  -71.985  0.267 0.6000000238
11527  -8.199  -75.746  -11.261 0.6999999881
14249  -10.616  -72.085  0.259 0.6000000238
10266  -7.874  -76.649  -11.135 0.6999999881
11526  -7.399  -75.930  -10.903 0.6000000238
14265  -11.906  -72.053  -0.805 0.6000000238
14264  -11.019  -71.623  -0.563 0.6000000238
10254  -7.222  -76.460  -10.419 0.6000000238
10854  -6.797  -76.425  -8.992 0.6999999881
13553  -12.273  -72.306  -2.849 0.8000000119
10842  -8.100  -76.671  -7.641 0.6999999881
11500  -6.652  -75.980  -8.605 0.6000000238
12828  -12.763  -73.041  -3.214 0.8000000119
11475  -9.180  -75.792  -6.518 0.8000000119
11473  -7.279  -74.923  -7.151 0.6999999881
12839  -10.971  -73.580  -4.565 0.6999999881
12144  -11.246  -75.256  -5.026 0.6999999881
113687  -10.447  -74.977  -5.432 0.6000000238
12152  -8.837  -75.113  -6.330 0.8000000119
126621  -9.182  -72.405  0.888 0.6000000238
14263  -9.974  -71.487  -0.466 0.6000000238
118004  -11.317  -71.385  -1.573 0.6999999881
12178  -6.677  -74.604  -8.883 0.6000000238
13545  -11.897  -71.716  -2.189 0.6999999881
14290  -11.458  -71.718  -2.791 0.6999999881
12167  -6.450  -74.583  -8.011 0.6999999881
131025  -6.580  -74.125  -7.228 0.6000000238
13552  -11.352  -72.119  -3.423 0.8000000119
123861  -10.182  -72.204  -4.200 0.6000000238
12852  -9.867  -73.608  -4.949 0.5000000000
12151  -7.978  -74.714  -6.301 0.6999999881
12867  -6.500  -73.401  -6.863 0.6999999881
12888  -5.994  -73.189  -8.091 0.6000000238
126999  -11.872  -73.403  -4.232 0.8000000119
120901  -8.865  -73.653  -5.404 0.6000000238
12142  -8.858  -74.469  -5.904 0.6000000238
13511  -7.349  -72.318  0.956 0.6000000238
14247  -8.296  -72.022  0.359 0.6000000238
14276  -9.390  -71.000  -1.198 0.6999999881
14262  -8.865  -71.502  -0.481 0.6000000238
14277  -10.358  -71.064  -1.290 0.6999999881
14996  -10.460  -70.790  -2.136 0.6999999881
14284  -11.018  -71.225  -2.450 0.6999999881
14289  -10.668  -71.389  -3.241 0.6000000238
113209  -6.250  -73.778  -8.405 0.6000000238
13566  -10.631  -71.985  -3.779 0.6000000238
12837  -8.889  -72.879  -4.812 0.6000000238
13614  -6.917  -72.668  -8.806 0.5000000000
14320  -6.233  -72.161  -7.437 0.6000000238
14341  -6.712  -71.935  -8.494 0.5000000000
131394  -7.887  -71.158  -8.841 0.5000000000
14321  -6.640  -71.518  -7.218 0.6000000238
15057  -7.011  -71.256  -8.418 0.5000000000
14245  -5.706  -71.611  0.188 0.6000000238
14246  -6.975  -71.873  0.148 0.6000000238
14261  -7.689  -71.491  -0.537 0.6999999881
14260  -6.479  -71.435  -0.648 0.6999999881
14980  -7.885  -70.598  -2.081 0.6999999881
14981  -8.960  -70.627  -1.943 0.6999999881
14994  -8.614  -70.277  -2.827 0.6000000238
15004  -10.185  -70.718  -2.951 0.5000000000
14288  -9.789  -70.752  -3.759 0.6999999881
15015  -9.091  -70.170  -4.525 0.6000000238
14301  -9.452  -70.907  -4.516 0.6000000238
14300  -8.809  -71.341  -5.050 0.6000000238
15025  -8.376  -69.902  -6.287 0.6000000238
14311  -7.428  -71.460  -6.379 0.6000000238
15033  -7.130  -70.792  -7.118 0.5000000000
15047  -8.009  -70.195  -7.618 0.5000000000
15783  -8.576  -70.101  -8.377 0.5000000000
15677  -5.232  -70.139  1.650 0.6999999881
15687  -5.267  -69.377  0.642 0.6999999881
16460  -6.475  -68.653  1.091 0.6999999881
135177  -4.818  -71.051  0.074 0.6000000238
15686  -4.465  -69.592  -0.281 0.6999999881
16470  -6.055  -68.585  0.174 0.6999999881
16461  -7.258  -68.339  0.591 0.6999999881
16462  -8.018  -68.065  -0.004 0.6000000238
14259  -5.400  -71.006  -0.622 0.6999999881
121007  -4.298  -70.042  -0.075 0.6999999881
15696  -4.528  -69.215  -1.268 0.6999999881
14966  -6.038  -71.022  -1.544 0.6999999881
14965  -5.081  -70.378  -1.446 0.6999999881
16477  -5.615  -68.095  -1.011 0.6999999881
15002  -8.189  -69.764  -3.706 0.6000000238
15003  -9.264  -70.140  -3.610 0.6000000238
15737  -8.279  -68.797  -5.965 0.6000000238
16514  -7.898  -68.105  -5.674 0.6000000238
15026  -8.810  -70.380  -5.271 0.6000000238
134646  -8.337  -69.296  -6.291 0.6000000238
123388  -8.454  -69.282  -6.687 0.5000000000
16527  -8.639  -68.708  -6.463 0.6000000238
16529  -9.455  -68.471  -7.031 0.6000000238
15034  -7.921  -70.124  -7.145 0.5000000000
15747  -8.463  -69.471  -7.126 0.5000000000
16538  -9.330  -68.885  -7.501 0.5000000000
15678  -6.069  -69.227  1.708 0.6999999881
16447  -7.158  -68.220  1.265 0.6999999881
17251  -7.735  -67.779  0.847 0.6000000238
17252  -8.313  -67.453  -0.052 0.6000000238
17256  -8.657  -67.468  -0.631 0.6000000238
17257  -9.327  -67.075  -1.314 0.4000000060
16478  -6.967  -67.948  -1.037 0.6000000238
17255  -8.006  -67.997  -0.754 0.5000000000
17262  -8.593  -67.487  -1.346 0.5000000000
18838  -9.316  -66.135  -2.866 0.4000000060
18849  -10.313  -65.138  -3.064 0.5000000000
14274  -7.157  -71.164  -1.430 0.6999999881
126144  -4.738  -70.111  -2.346 0.8000000119
16476  -4.666  -68.442  -1.623 0.6999999881
17260  -6.124  -67.425  -1.884 0.5000000000
18078  -7.748  -66.354  -2.652 0.4000000060
18085  -8.091  -65.787  -2.989 0.4000000060
131751  -9.642  -65.534  -3.149 0.4000000060
122899  -8.742  -63.579  -3.599 0.4000000060
14978  -5.564  -70.543  -2.427 0.8000000119
14991  -5.071  -70.151  -3.334 0.8000000119
14990  -4.532  -69.676  -2.727 0.8000000119
16483  -4.623  -68.233  -2.489 0.8000000119
17267  -5.529  -66.963  -2.747 0.6000000238
17268  -6.707  -66.618  -2.651 0.5000000000
18837  -7.186  -65.804  -3.183 0.4000000060
115382  -8.050  -64.657  -3.742 0.4000000060
14979  -6.646  -70.801  -2.350 0.6999999881
15001  -7.037  -69.678  -3.807 0.8000000119
134167  -5.854  -69.331  -4.249 0.6999999881
15729  -6.860  -68.527  -4.942 0.5000000000
18846  -7.322  -65.731  -3.542 0.5000000000
19576  -7.830  -64.866  -3.876 0.4000000060
19577  -8.206  -63.845  -3.933 0.4000000060
15718  -7.692  -69.351  -4.395 0.6000000238
15730  -7.753  -68.963  -5.186 0.5000000000
16513  -7.055  -68.095  -5.132 0.5000000000
17317  -8.457  -68.061  -5.986 0.6000000238
17318  -8.968  -67.994  -6.310 0.6000000238
16446  -6.649  -68.386  1.763 0.6000000238
17238  -7.036  -67.633  1.674 0.5000000000
18070  -7.835  -66.744  0.456 0.5000000000
18071  -8.579  -66.672  -0.236 0.4000000060
18074  -9.314  -66.764  -0.748 0.5000000000
18833  -9.852  -66.386  -1.440 0.5000000000
18834  -10.253  -66.098  -1.984 0.5000000000
116993  -10.626  -65.426  -2.300 0.5000000000
19580  -10.916  -63.650  -3.051 0.5000000000
20336  -10.903  -62.646  -2.831 0.5000000000
19579  -10.138  -64.051  -3.333 0.5000000000
113371  -10.442  -61.512  -2.848 0.5000000000
16488  -4.757  -68.376  -3.296 0.6999999881
17273  -5.544  -66.939  -3.453 0.6000000238
132927  -6.373  -66.662  -4.154 0.5000000000
18083  -5.866  -66.530  -3.200 0.5000000000
20334  -9.184  -63.071  -3.362 0.5000000000
21150  -9.365  -61.965  -3.101 0.5000000000
14992  -6.130  -70.402  -3.260 0.8000000119
14999  -5.345  -69.516  -3.991 0.6999999881
15728  -5.912  -68.829  -4.499 0.6000000238
18845  -6.892  -66.096  -3.604 0.5000000000
18856  -7.906  -64.884  -4.265 0.4000000060
19582  -8.156  -64.093  -4.100 0.5000000000
20333  -8.366  -62.946  -3.750 0.4000000060
111927  -8.697  -61.367  -3.301 0.5000000000
17301  -7.216  -67.577  -5.138 0.5000000000
121242  -7.323  -66.970  -5.049 0.5000000000
18110  -7.253  -66.323  -4.557 0.6000000238
18865  -7.714  -65.643  -4.567 0.5000000000
19588  -8.250  -64.391  -4.623 0.5000000000
20340  -8.740  -62.948  -4.463 0.5000000000
115283  -7.810  -67.451  -5.466 0.5000000000
18112  -8.675  -66.576  -5.424 0.5000000000
18866  -8.266  -65.756  -5.066 0.5000000000
127404  -8.707  -64.983  -5.155 0.5000000000
17302  -8.411  -67.367  -5.671 0.6000000238
18113  -9.620  -66.602  -5.485 0.6000000238
18058  -6.711  -66.701  1.612 0.5000000000
18069  -6.993  -66.159  0.917 0.5000000000
18826  -7.261  -65.558  0.284 0.5000000000
18828  -8.004  -65.571  -0.167 0.4000000060
118892  -9.081  -65.779  -0.427 0.4000000060
18813  -5.905  -65.767  1.082 0.5000000000
18829  -9.896  -65.845  -0.976 0.5000000000
18830  -10.354  -65.641  -1.626 0.6000000238
19566  -10.906  -64.678  -1.798 0.5000000000
19567  -11.297  -63.983  -2.018 0.5000000000
19572  -11.346  -63.459  -2.375 0.4000000060
21142  -11.430  -62.062  -2.669 0.4000000060
21143  -12.333  -62.222  -2.457 0.4000000060
19559  -6.708  -63.865  0.174 0.4000000060
19560  -7.298  -64.626  0.046 0.4000000060
19561  -8.253  -64.506  -0.253 0.4000000060
19562  -9.477  -64.828  -0.622 0.5000000000
19563  -10.336  -64.910  -1.131 0.5000000000
20312  -10.748  -63.895  -1.054 0.5000000000
122975  -8.859  -63.781  -0.345 0.4000000060
21117  -9.338  -63.177  -0.181 0.4000000060
126891  -11.042  -63.230  -0.464 0.5000000000
20313  -11.427  -63.272  -0.901 0.4000000060
20323  -11.683  -63.240  -1.505 0.4000000060
20328  -11.856  -62.777  -2.058 0.4000000060
21144  -13.090  -62.503  -2.263 0.4000000060
20300  -6.396  -63.180  0.210 0.4000000060
130332  -7.271  -63.133  -0.029 0.4000000060
20310  -7.867  -63.403  -0.175 0.4000000060
112169  -7.151  -62.136  0.234 0.4000000060
21091  -7.919  -62.093  0.142 0.4000000060
21116  -8.328  -62.871  -0.116 0.4000000060
21093  -9.883  -62.617  0.168 0.4000000060
21094  -10.825  -62.812  0.097 0.5000000000
21119  -11.731  -62.853  -0.094 0.5000000000
20314  -12.202  -62.945  -0.798 0.4000000060
20329  -12.455  -62.906  -1.366 0.4000000060
134739  -10.439  -62.159  0.440 0.4000000060
21915  -12.585  -61.551  0.351 0.4000000060
21097  -13.109  -61.728  -0.035 0.4000000060
20315  -12.996  -62.835  -0.903 0.4000000060
121256  -13.552  -62.483  -1.173 0.4000000060
21908  -6.115  -61.795  0.715 0.4000000060
22748  -7.453  -61.165  0.985 0.3000000119
21911  -8.425  -61.488  0.511 0.3000000119
21912  -9.604  -61.689  0.639 0.4000000060
23605  -8.348  -59.737  2.000 0.4000000060
22731  -7.893  -60.539  1.391 0.3000000119
22750  -9.083  -60.882  1.125 0.3000000119
133893  -11.216  -59.719  1.067 0.5000000000
22753  -12.402  -60.747  0.459 0.4000000060
22754  -13.076  -61.073  0.037 0.4000000060
22776  -13.565  -60.648  -0.596 0.4000000060
22790  -14.862  -60.744  -1.749 0.3000000119
24423  -10.534  -58.357  1.285 0.5000000000
23625  -11.553  -59.342  0.596 0.5000000000
23626  -12.182  -59.873  0.263 0.4000000060
22775  -12.883  -60.254  -0.120 0.4000000060
22789  -14.191  -60.109  -1.287 0.3000000119
22730  -7.159  -60.667  1.499 0.4000000060
23590  -7.931  -59.050  2.464 0.4000000060
125789  -8.602  -58.862  2.246 0.4000000060
23606  -9.220  -59.217  1.882 0.5000000000
23607  -10.211  -59.170  1.572 0.5000000000
24421  -8.911  -58.220  1.934 0.4000000060
24422  -9.725  -58.327  1.597 0.5000000000
25252  -10.552  -57.590  0.447 0.5000000000
24437  -11.144  -58.471  0.640 0.4000000060
24448  -12.185  -58.609  -0.590 0.4000000060
23658  -13.628  -59.214  -1.340 0.3000000119
25251  -9.708  -57.058  0.621 0.3000000119
26051  -10.236  -56.809  -0.148 0.3000000119
25268  -10.807  -57.181  -0.456 0.3000000119
23604  -7.583  -60.019  2.037 0.4000000060
25237  -8.380  -57.367  1.974 0.3000000119
116858  -8.450  -56.755  1.446 0.4000000060
25283  -12.450  -57.480  -1.437 0.3000000119
25220  -7.625  -57.296  2.381 0.3000000119
26825  -7.461  -55.282  1.393 0.3000000119
7778  -16.449  -82.070  -10.963 0.6000000238
8435  -15.822  -80.371  -11.533 0.5000000000
13590  -6.636  -72.461  -6.654 0.6000000238
12851  -7.918  -73.034  -5.248 0.6000000238
5149  -11.203  -87.086  -13.825 0.5000000000
4022  -11.714  -88.573  -12.281 0.6000000238
5118  -11.660  -86.565  -10.817 0.5000000000
4023  -12.903  -88.861  -11.876 0.6999999881
116386  -14.633  -89.421  -14.083 0.6999999881
3549  -15.198  -90.255  -13.482 0.6999999881
3501  -14.187  -89.286  -9.678 0.6999999881
3085  -15.584  -90.746  -12.527 0.6999999881
3071  -15.885  -90.812  -11.597 0.6999999881
113576  -15.584  -85.314  -10.831 0.5000000000
4502  -15.608  -87.561  -8.374 0.6999999881
3979  -15.719  -88.835  -9.115 0.6999999881
3981  -17.947  -88.847  -9.719 0.6999999881
7224  -16.191  -82.456  -11.693 0.6000000238
3557  -19.268  -89.074  -14.931 0.6999999881
5063  -17.802  -86.782  -8.573 0.6000000238
4538  -19.771  -87.333  -9.942 0.6000000238
4026  -19.964  -88.119  -12.155 0.5000000000
117041  -16.507  -80.267  -8.967 0.6999999881
4505  -18.851  -86.608  -9.131 0.6000000238
5632  -20.480  -86.117  -10.880 0.5000000000
5679  -22.595  -85.881  -12.999 0.5000000000
4070  -23.844  -87.850  -18.768 0.5000000000
129693  -16.121  -79.379  -10.213 0.6000000238
8392  -16.597  -79.958  -8.005 0.6999999881
7266  -14.188  -82.926  -14.808 0.6000000238
5662  -17.845  -85.918  -11.742 0.5000000000
5630  -18.964  -85.938  -10.293 0.5000000000
5665  -20.885  -85.683  -12.061 0.6000000238
135388  -19.706  -85.625  -11.166 0.5000000000
124170  -21.467  -85.650  -12.611 0.5000000000
3608  -24.304  -89.200  -19.396 0.6000000238
4089  -24.443  -88.157  -19.363 0.6000000238
4629  -24.834  -87.643  -18.980 0.5000000000
135434  -12.679  -77.688  -9.663 0.6000000238
10332  -16.449  -78.089  -15.151 0.5000000000
11438  -12.067  -75.214  -2.265 0.6000000238
9543  -12.966  -78.279  -2.693 0.6000000238
5724  -17.271  -85.682  -16.705 0.6000000238
11451  -12.601  -75.602  -3.149 0.6000000238
10219  -9.568  -77.400  -7.754 0.8000000119
11459  -12.623  -75.187  -3.738 0.6000000238
7295  -16.293  -82.118  -17.499 0.6000000238
10808  -11.787  -76.739  -4.619 0.6000000238
7306  -16.655  -82.910  -17.890 0.6000000238
11491  -7.636  -75.958  -7.342 0.8000000119
8468  -17.897  -80.116  -15.103 0.6000000238
11476  -9.981  -76.170  -6.177 0.6000000238
11466  -10.570  -75.728  -5.625 0.6999999881
115116  -9.790  -74.355  -5.493 0.6000000238
13565  -9.361  -72.027  -4.520 0.6000000238
12141  -7.904  -73.846  -5.843 0.6999999881
13564  -8.248  -72.325  -4.946 0.6000000238
15046  -7.010  -70.787  -7.692 0.5000000000
15719  -8.523  -69.596  -4.545 0.5000000000
14312  -8.370  -70.802  -5.883 0.6000000238
15766  -9.084  -69.422  -8.019 0.5000000000
126358  -4.645  -70.559  1.005 0.6999999881
14950  -4.516  -70.548  0.485 0.6000000238
16469  -4.844  -68.814  -0.550 0.6999999881
133192  -4.620  -69.997  -1.741 0.8000000119
17259  -5.054  -67.651  -2.158 0.6000000238
17269  -8.196  -67.058  -2.089 0.5000000000
17261  -7.503  -67.532  -1.617 0.5000000000
21148  -8.418  -62.438  -3.735 0.5000000000
18059  -7.427  -67.035  1.263 0.5000000000
20335  -10.176  -63.117  -3.200 0.5000000000
16501  -5.226  -67.741  -3.814 0.6000000238
17286  -6.729  -66.950  -4.627 0.6000000238
130585  -8.988  -65.937  -5.307 0.5000000000
18825  -6.364  -65.355  0.575 0.5000000000
20322  -11.195  -63.803  -1.527 0.5000000000
20311  -9.927  -64.017  -0.627 0.6000000238
21090  -6.352  -62.394  0.343 0.4000000060
128641  -6.916  -62.783  0.112 0.4000000060
129808  -7.514  -62.703  -0.008 0.4000000060
21910  -7.619  -61.506  0.484 0.3000000119
21092  -8.858  -62.308  0.199 0.4000000060
126905  -11.281  -62.093  0.494 0.5000000000
21120  -12.582  -62.609  -0.253 0.4000000060
21913  -10.611  -61.529  0.770 0.4000000060
134837  -11.195  -61.464  0.750 0.4000000060
21932  -13.959  -61.954  -1.073 0.4000000060
21942  -14.576  -61.589  -1.738 0.4000000060
22732  -8.706  -60.249  1.534 0.3000000119
22733  -9.714  -60.051  1.533 0.5000000000
22751  -10.720  -60.031  1.303 0.4000000060
22752  -11.570  -60.308  0.844 0.5000000000
123240  -11.025  -60.940  1.010 0.4000000060
22777  -14.190  -61.119  -1.107 0.4000000060
114573  -11.634  -58.060  -0.482 0.5000000000
23645  -12.015  -59.168  -0.050 0.4000000060
23646  -12.565  -59.436  -0.396 0.4000000060
25238  -9.155  -57.427  1.367 0.5000000000
25239  -10.008  -57.697  1.179 0.4000000060
25269  -11.318  -57.485  -0.698 0.4000000060
26038  -8.955  -56.569  0.914 0.4000000060
26025  -7.715  -56.460  1.940 0.3000000119
26037  -8.114  -56.001  1.282 0.3000000119
26049  -8.792  -55.971  0.747 0.3000000119
119519  -21.160  -94.498  -19.138 0.5000000000
1685  -21.405  -94.616  -18.881 0.5000000000
117532  -21.813  -95.518  -17.893 0.5000000000
1676  -22.127  -95.169  -18.302 0.5000000000
127568  -22.223  -95.462  -17.598 0.5000000000
1352  -22.531  -95.310  -17.743 0.5000000000
1333  -22.777  -95.186  -16.754 0.6000000238
1690  -20.780  -93.354  -20.746 0.5000000000
1991  -21.528  -93.674  -19.307 0.5000000000
1686  -22.360  -94.090  -18.638 0.5000000000
115093  -22.988  -94.955  -17.945 0.5000000000
1656  -22.675  -95.020  -16.494 0.6000000238
1677  -23.667  -94.948  -17.556 0.6000000238
1343  -23.257  -95.137  -17.390 0.6000000238
3155  -18.939  -89.789  -20.156 0.4000000060
3165  -19.532  -90.573  -20.867 0.4000000060
125085  -19.265  -91.319  -21.304 0.5000000000
2712  -19.968  -91.155  -21.333 0.5000000000
2718  -19.502  -92.155  -21.524 0.5000000000
2719  -20.287  -92.097  -21.430 0.5000000000
2713  -20.615  -91.387  -21.123 0.5000000000
2005  -19.785  -92.876  -21.489 0.5000000000
2337  -20.948  -92.229  -21.156 0.5000000000
1962  -22.898  -93.759  -15.930 0.6000000238
121304  -23.125  -92.876  -15.682 0.6000000238
119325  -21.178  -92.769  -20.923 0.5000000000
2001  -21.342  -93.127  -20.191 0.5000000000
2002  -21.995  -92.289  -20.216 0.5000000000
1646  -23.891  -94.824  -16.095 0.6000000238
1992  -22.086  -92.966  -19.433 0.5000000000
1982  -23.675  -94.223  -18.121 0.6000000238
1335  -23.868  -94.946  -17.011 0.6000000238
1963  -23.793  -94.109  -15.590 0.6000000238
124960  -25.057  -94.573  -16.454 0.6000000238
1647  -24.601  -94.571  -15.698 0.6000000238
1952  -25.213  -93.853  -14.545 0.6999999881
1659  -25.161  -94.494  -15.820 0.6000000238
1648  -25.792  -94.094  -15.393 0.6999999881
3133  -18.122  -89.412  -18.549 0.6000000238
3143  -18.763  -88.981  -19.520 0.6000000238
3134  -18.875  -90.105  -18.543 0.6000000238
3606  -18.761  -88.932  -19.885 0.5000000000
115108  -19.163  -89.700  -19.891 0.5000000000
3145  -20.030  -90.328  -19.585 0.6000000238
3156  -19.625  -90.287  -20.373 0.5000000000
3157  -20.490  -90.530  -20.163 0.5000000000
3167  -21.068  -91.022  -20.448 0.5000000000
2338  -21.497  -92.155  -20.708 0.5000000000
2678  -22.605  -91.710  -14.651 0.6999999881
2310  -23.265  -92.214  -15.150 0.6000000238
2679  -23.385  -91.771  -14.375 0.8000000119
2327  -22.807  -92.267  -19.742 0.5000000000
1993  -23.115  -92.966  -18.985 0.5000000000
1994  -24.218  -92.673  -18.684 0.6000000238
2311  -23.904  -92.943  -15.238 0.6999999881
2680  -24.185  -92.067  -14.035 0.6999999881
1678  -24.230  -94.700  -17.470 0.6000000238
115171  -26.450  -93.669  -14.379 0.6999999881
1667  -25.067  -94.306  -17.317 0.6000000238
1668  -25.779  -94.046  -16.771 0.6000000238
135472  -27.126  -93.461  -16.237 0.6999999881
1639  -26.476  -93.759  -14.896 0.6999999881
1947  -27.097  -93.393  -13.677 0.6000000238
3583  -17.304  -88.737  -17.965 0.5000000000
112981  -18.329  -90.246  -17.647 0.6000000238
3135  -19.514  -90.220  -17.946 0.6000000238
134968  -21.235  -90.696  -19.687 0.6000000238
2714  -21.374  -91.671  -20.713 0.5000000000
3168  -22.121  -91.274  -20.105 0.6000000238
2649  -22.205  -91.248  -13.407 0.6999999881
2715  -22.411  -91.707  -20.166 0.5000000000
3169  -23.238  -90.996  -19.899 0.5000000000
3098  -22.965  -91.069  -13.096 0.5000000000
3075  -22.373  -90.842  -11.725 0.6000000238
115887  -23.265  -91.828  -19.904 0.6000000238
2329  -24.801  -91.729  -19.372 0.5000000000
2666  -24.553  -91.705  -13.247 0.6000000238
1995  -25.088  -92.329  -18.589 0.5000000000
2304  -25.486  -93.442  -13.906 0.6999999881
2291  -25.005  -92.585  -13.536 0.6000000238
1985  -26.250  -92.815  -18.168 0.5000000000
1946  -26.366  -93.467  -13.783 0.6000000238
2281  -27.664  -92.591  -12.571 0.6000000238
1986  -26.990  -92.761  -18.052 0.5000000000
127747  -27.133  -93.160  -17.046 0.6000000238
1956  -28.082  -93.298  -14.229 0.5000000000
2316  -28.623  -92.128  -15.801 0.5000000000
2668  -28.646  -91.963  -13.206 0.5000000000
3573  -16.826  -89.610  -16.829 0.6000000238
3574  -17.657  -90.036  -17.296 0.6000000238
3159  -23.588  -90.156  -19.376 0.5000000000
3090  -23.191  -90.847  -12.255 0.6000000238
2716  -23.839  -91.369  -19.804 0.5000000000
2650  -23.936  -91.134  -12.783 0.5000000000
135332  -25.557  -91.728  -19.467 0.5000000000
2667  -25.592  -91.953  -12.932 0.5000000000
3092  -25.520  -90.767  -11.960 0.5000000000
3091  -24.327  -90.715  -11.965 0.5000000000
119025  -26.225  -91.398  -19.943 0.5000000000
2280  -26.785  -92.270  -12.538 0.5000000000
2653  -27.559  -91.954  -12.193 0.5000000000
2322  -27.179  -92.057  -18.591 0.6000000238
2323  -27.892  -91.555  -17.990 0.6000000238
2295  -28.253  -92.881  -13.428 0.5000000000
2655  -28.250  -92.002  -12.468 0.6000000238
2700  -28.755  -91.231  -17.341 0.6000000238
2696  -28.800  -91.545  -16.445 0.5000000000
4053  -15.315  -88.687  -15.870 0.4000000060
130925  -24.826  -91.078  -19.683 0.5000000000
3077  -25.073  -90.277  -11.429 0.5000000000
2341  -25.944  -91.227  -20.097 0.5000000000
2709  -26.196  -90.970  -20.195 0.5000000000
2640  -27.370  -91.224  -11.855 0.5000000000
3535  -26.635  -89.771  -10.973 0.5000000000
4001  -25.825  -88.671  -10.156 0.5000000000
3986  -25.890  -88.180  -9.748 0.5000000000
4510  -26.569  -86.500  -9.211 0.5000000000
3162  -26.455  -90.688  -19.909 0.6000000238
2705  -27.808  -90.910  -18.357 0.6000000238
3081  -28.214  -91.086  -12.017 0.5000000000
135545  -28.485  -90.931  -17.818 0.6000000238
3552  -28.845  -89.774  -13.065 0.5000000000
3151  -29.472  -89.915  -17.846 0.5000000000
3577  -30.302  -89.498  -17.108 0.5000000000
4091  -25.233  -88.525  -19.355 0.5000000000
3536  -27.287  -89.931  -11.166 0.5000000000
3523  -26.939  -89.302  -10.633 0.5000000000
3987  -26.409  -87.886  -10.034 0.5000000000
4524  -26.268  -87.278  -9.467 0.5000000000
3610  -25.606  -89.557  -19.593 0.5000000000
4082  -26.808  -88.971  -18.576 0.6000000238
3537  -27.859  -90.118  -11.521 0.5000000000
3524  -27.457  -89.335  -11.010 0.5000000000
4525  -26.757  -86.980  -10.011 0.5000000000
5089  -27.299  -86.149  -9.630 0.5000000000
5599  -28.023  -84.902  -8.553 0.5000000000
3600  -29.076  -89.574  -18.268 0.5000000000
3545  -28.446  -90.131  -12.197 0.5000000000
4027  -28.422  -89.113  -12.498 0.5000000000
4630  -25.482  -88.128  -18.771 0.5000000000
4541  -27.834  -87.399  -10.996 0.5000000000
5106  -27.537  -86.752  -10.427 0.5000000000
5619  -29.625  -85.024  -9.270 0.4000000060
5107  -28.289  -86.453  -10.735 0.4000000060
12119  -12.570  -74.259  -1.622 0.5000000000
13514  -11.077  -72.987  0.692 0.5000000000
12796  -11.493  -73.619  0.362 0.5000000000
116856  -9.466  -72.956  1.494 0.5000000000
13504  -10.288  -73.399  1.245 0.5000000000
12816  -12.388  -73.803  -0.883 0.5000000000
14941  -4.993  -70.837  1.710 0.5000000000
133375  -5.537  -70.025  2.497 0.5000000000
16432  -6.207  -68.623  2.397 0.5000000000
129435  -25.467  -89.847  -19.762 0.5000000000
3171  -25.878  -90.754  -20.135 0.5000000000
122775  -23.763  -94.894  -16.533 0.6000000238
1658  -24.343  -94.743  -16.348 0.6000000238
1983  -24.684  -93.717  -17.958 0.6000000238
1649  -26.230  -93.876  -15.400 0.6999999881
3144  -19.061  -89.342  -19.606 0.6000000238
2328  -23.780  -92.058  -19.603 0.5000000000
1977  -26.460  -93.372  -17.334 0.6000000238
125811  -27.574  -93.416  -15.578 0.6000000238
1972  -27.708  -92.942  -16.456 0.6000000238
3089  -22.295  -91.002  -12.581 0.6999999881
2339  -24.567  -91.471  -19.652 0.5000000000
1996  -25.953  -92.201  -19.062 0.5000000000
127357  -27.664  -92.366  -17.466 0.6000000238
2318  -28.286  -91.786  -17.181 0.6000000238
2312  -28.746  -92.455  -15.061 0.5000000000
3099  -28.567  -91.411  -12.666 0.5000000000
126164  -26.920  -91.596  -12.077 0.5000000000
3078  -26.101  -90.282  -11.417 0.5000000000
2710  -26.573  -91.209  -19.816 0.5000000000
3138  -29.178  -90.499  -17.543 0.5000000000
3161  -26.026  -90.374  -20.060 0.5000000000
3599  -28.010  -89.562  -18.525 0.5000000000
3611  -26.239  -90.024  -19.640 0.5000000000
4003  -27.055  -88.669  -10.504 0.5000000000
4015  -28.070  -89.244  -11.588 0.5000000000
4550  -27.654  -88.395  -11.068 0.5000000000
5618  -28.680  -85.235  -9.261 0.5000000000
111823  -28.031  -88.226  -11.948 0.4000000060
5633  -28.998  -85.584  -10.226 0.4000000060
3048  -22.104  -90.585  -6.999 0.5000000000
3047  -21.713  -90.317  -7.345 0.6000000238
3495  -22.229  -89.312  -8.529 0.6000000238
3054  -21.322  -90.776  -8.687 0.6000000238
128120  -21.265  -92.103  -9.261 0.4000000060
3968  -23.006  -88.547  -8.515 0.4000000060
123813  -24.157  -89.574  -10.318 0.4000000060
3507  -23.182  -89.211  -9.133 0.5000000000
3506  -22.408  -89.922  -9.413 0.6000000238
3520  -23.349  -89.704  -9.918 0.5000000000
3066  -24.612  -89.870  -10.873 0.4000000060
3058  -21.140  -90.929  -9.420 0.5000000000
3076  -23.363  -90.551  -11.488 0.5000000000
3063  -21.668  -91.029  -10.971 0.6000000238
2648  -21.736  -91.503  -12.878 0.6000000238
2663  -21.639  -91.597  -13.855 0.6000000238
2301  -21.140  -92.427  -15.114 0.6000000238
2689  -22.451  -92.205  -15.366 0.6000000238
2309  -21.279  -92.924  -15.741 0.6000000238
2315  -21.585  -93.437  -16.061 0.5000000000
1970  -22.162  -94.164  -16.296 0.5000000000
1655  -21.665  -95.160  -16.565 0.4000000060
1031  -22.054  -95.475  -17.003 0.5000000000
5600  -28.826  -84.881  -8.450 0.3000000119
1351  -20.959  -95.556  -18.119 0.4000000060
8469  -18.271  -79.752  -14.138 0.4000000060
8459  -18.560  -80.558  -13.569 0.4000000060
122236  -17.659  -81.053  -15.098 0.5000000000
17325  -10.155  -68.244  -7.482 0.5000000000
17319  -9.727  -67.942  -6.543 0.5000000000
17320  -10.866  -67.741  -6.848 0.5000000000
17305  -11.384  -67.168  -5.907 0.4000000060
18868  -10.894  -65.369  -5.425 0.4000000060
120312  -13.368  -65.661  -8.727 0.4000000060
19589  -9.650  -64.628  -5.448 0.4000000060
19590  -10.588  -64.273  -5.616 0.4000000060
18869  -12.047  -65.305  -5.549 0.4000000060
122953  -8.753  -64.008  -5.049 0.4000000060
20344  -10.721  -63.287  -5.772 0.4000000060
19603  -13.803  -64.380  -7.115 0.4000000060
20343  -9.619  -62.570  -5.292 0.4000000060
21159  -10.621  -62.020  -5.764 0.4000000060
21169  -13.507  -62.489  -6.911 0.4000000060
21157  -8.872  -61.843  -4.306 0.4000000060
21158  -9.587  -61.655  -5.100 0.4000000060
21155  -8.509  -61.664  -3.546 0.4000000060
21968  -9.187  -60.915  -4.366 0.4000000060
21151  -11.505  -61.429  -2.762 0.3000000119
21955  -10.558  -60.595  -2.936 0.4000000060
21153  -13.915  -62.067  -3.000 0.3000000119
21957  -13.510  -61.603  -3.486 0.3000000119
22798  -11.044  -59.845  -3.393 0.3000000119
21956  -12.493  -60.869  -3.572 0.3000000119
18132  -12.887  -66.329  -8.324 0.4000000060
18879  -13.389  -65.340  -6.801 0.4000000060
18870  -12.762  -65.932  -5.991 0.4000000060
18122  -12.308  -66.741  -6.366 0.4000000060
18871  -12.886  -65.108  -5.849 0.4000000060
19592  -12.225  -64.400  -5.678 0.4000000060
117427  -14.088  -64.103  -8.377 0.4000000060
122626  -13.412  -63.726  -6.436 0.4000000060
134645  -12.304  -62.421  -6.267 0.4000000060
20345  -11.766  -63.620  -5.782 0.4000000060
3002  -31.787  -91.363  -2.080 0.3000000119
3427  -31.674  -90.330  -1.939 0.3000000119
130546  -31.208  -92.205  -2.132 0.4000000060
3001  -31.232  -91.678  -2.559 0.3000000119
3000  -30.653  -91.193  -3.060 0.4000000060
2195  -29.433  -92.655  -3.637 0.3000000119
133939  -30.355  -91.649  -3.375 0.3000000119
3448  -29.800  -91.118  -3.519 0.4000000060
1852  -28.842  -93.124  -3.701 0.3000000119
3013  -29.174  -91.722  -4.002 0.3000000119
3023  -28.306  -91.306  -4.263 0.3000000119
2194  -28.775  -93.125  -4.125 0.3000000119
2593  -28.536  -92.231  -4.489 0.3000000119
2592  -27.796  -91.860  -4.776 0.3000000119
2205  -28.405  -92.989  -4.717 0.3000000119
2606  -28.031  -92.608  -4.966 0.3000000119
3030  -27.061  -91.443  -5.135 0.3000000119
1881  -27.381  -93.498  -5.617 0.3000000119
2216  -26.830  -92.764  -6.131 0.3000000119
2603  -25.841  -91.469  -6.126 0.3000000119
1547  -25.951  -94.542  -4.361 0.3000000119
1564  -26.872  -94.104  -5.476 0.3000000119
1880  -26.749  -93.586  -6.037 0.3000000119
2227  -26.476  -92.960  -6.763 0.3000000119
2614  -25.552  -91.802  -6.843 0.3000000119
1563  -26.104  -94.262  -5.707 0.4000000060
3437  -29.863  -90.146  -2.827 0.3000000119
2181  -30.509  -92.325  -2.442 0.4000000060
3447  -29.000  -89.803  -3.231 0.4000000060
124854  -29.290  -92.720  -3.059 0.3000000119
131858  -27.857  -90.479  -3.925 0.4000000060
1864  -28.302  -93.706  -3.950 0.3000000119
3021  -26.798  -90.489  -4.816 0.4000000060
3029  -26.327  -90.980  -5.470 0.4000000060
1863  -27.491  -94.106  -3.462 0.3000000119
3040  -25.233  -90.992  -6.410 0.4000000060
1531  -25.927  -94.374  -3.478 0.3000000119
1532  -26.445  -94.369  -3.316 0.4000000060
2613  -25.007  -91.343  -7.026 0.4000000060
2620  -24.628  -91.930  -7.500 0.3000000119
1522  -25.966  -94.292  -2.520 0.3000000119
3426  -30.887  -89.717  -2.166 0.3000000119
111926  -30.107  -89.273  -2.416 0.3000000119
3891  -31.350  -89.032  -1.816 0.3000000119
3899  -29.357  -88.888  -2.810 0.3000000119
3911  -28.517  -88.533  -3.135 0.3000000119
2992  -29.117  -91.281  -1.116 0.4000000060
3446  -27.781  -89.476  -3.493 0.3000000119
3910  -27.735  -88.135  -3.465 0.3000000119
2183  -28.131  -93.122  -2.677 0.3000000119
2179  -28.580  -92.509  -2.106 0.4000000060
3445  -26.972  -89.314  -4.012 0.4000000060
3923  -26.413  -88.816  -4.303 0.3000000119
3455  -26.522  -89.675  -4.486 0.4000000060
3936  -25.028  -88.880  -4.836 0.4000000060
1851  -28.219  -93.468  -3.358 0.3000000119
1833  -27.268  -93.777  -0.882 0.3000000119
3465  -25.322  -89.735  -5.252 0.4000000060
3464  -24.551  -89.321  -5.448 0.4000000060
1524  -26.656  -94.008  -2.495 0.3000000119
120504  -27.386  -94.374  -0.061 0.3000000119
3476  -23.137  -89.442  -6.121 0.4000000060
3945  -22.758  -88.355  -6.601 0.5000000000
1513  -26.671  -93.988  -1.529 0.3000000119
124068  -23.547  -90.312  -6.375 0.4000000060
3038  -22.549  -90.067  -6.484 0.4000000060
3957  -22.169  -88.650  -7.202 0.5000000000
1841  -25.676  -94.371  -1.621 0.3000000119
119646  -29.858  -88.021  -2.643 0.3000000119
3901  -31.109  -87.923  -1.961 0.3000000119
2982  -28.220  -91.277  -0.148 0.4000000060
4457  -25.627  -87.453  -4.631 0.4000000060
5027  -24.473  -86.789  -5.525 0.4000000060
2174  -27.608  -92.818  -0.799 0.4000000060
3934  -23.645  -88.104  -5.659 0.4000000060
5042  -23.725  -86.916  -6.690 0.5000000000
3969  -23.770  -88.027  -8.562 0.4000000060
132024  -27.637  -93.633  -0.116 0.3000000119
4485  -22.762  -88.018  -7.323 0.4000000060
1825  -27.938  -94.303  0.626 0.3000000119
3984  -23.754  -88.630  -8.961 0.4000000060
4000  -25.187  -88.488  -9.675 0.4000000060
1184  -26.637  -94.472  -0.246 0.3000000119
1196  -25.864  -94.488  -0.575 0.3000000119
1182  -25.937  -94.727  -0.006 0.3000000119
115654  -28.398  -87.503  -3.398 0.3000000119
4445  -27.214  -87.693  -3.907 0.3000000119
5007  -25.581  -86.768  -4.884 0.3000000119
133093  -28.137  -92.165  0.687 0.4000000060
130280  -24.625  -86.033  -6.395 0.5000000000
5065  -24.638  -86.728  -8.136 0.4000000060
121015  -28.367  -92.874  1.260 0.4000000060
4508  -24.590  -87.579  -8.578 0.4000000060
1463  -28.604  -94.232  2.911 0.3000000119
1815  -28.763  -94.243  2.170 0.3000000119
113044  -27.842  -94.870  1.391 0.3000000119
1168  -26.527  -94.857  0.703 0.3000000119
1484  -25.302  -94.855  0.548 0.3000000119
1167  -25.802  -95.063  0.986 0.3000000119
4458  -27.039  -87.022  -4.302 0.3000000119
134900  -25.406  -86.053  -5.714 0.4000000060
5053  -25.126  -86.025  -7.778 0.4000000060
1448  -28.172  -94.126  3.563 0.3000000119
123056  -27.809  -93.981  3.870 0.3000000119
1462  -27.709  -94.782  2.773 0.3000000119
1131  -26.748  -95.270  3.106 0.3000000119
124046  -26.206  -95.326  1.591 0.3000000119
1796  -26.423  -94.107  3.560 0.3000000119
1779  -25.927  -94.754  3.540 0.3000000119
1446  -26.333  -95.096  3.441 0.3000000119
1129  -25.252  -96.059  3.321 0.3000000119
1154  -25.699  -95.813  2.451 0.3000000119
5572  -27.034  -85.384  -6.673 0.3000000119
5581  -26.696  -85.121  -7.373 0.4000000060
1461  -24.894  -94.702  3.456 0.3000000119
1444  -24.360  -95.525  3.605 0.3000000119
5032  -28.563  -86.880  -5.825 0.3000000119
5045  -28.098  -86.318  -6.183 0.3000000119
6145  -28.051  -84.817  -7.657 0.3000000119
5046  -28.861  -86.958  -6.490 0.3000000119
5054  -28.579  -85.973  -6.823 0.3000000119
5584  -29.334  -85.451  -7.496 0.3000000119
17304  -10.278  -67.315  -5.840 0.5000000000
21954  -9.266  -60.719  -3.011 0.5000000000
22802  -9.029  -60.273  -3.689 0.4000000060
18114  -10.686  -66.462  -5.444 0.4000000060
2638  -21.577  -91.603  -11.938 0.6000000238
3064  -22.499  -90.342  -10.288 0.5000000000
3521  -25.111  -89.128  -10.377 0.4000000060
4509  -25.906  -87.044  -8.918 0.4000000060
5597  -25.734  -85.712  -8.067 0.4000000060
6158  -27.399  -84.780  -7.986 0.4000000060
6159  -28.211  -84.712  -8.070 0.3000000119
17326  -10.887  -67.976  -7.937 0.5000000000
17327  -11.765  -67.501  -7.878 0.4000000060
18886  -13.726  -65.033  -8.220 0.4000000060
2196  -30.229  -92.281  -3.089 0.3000000119
1549  -27.637  -94.099  -4.859 0.3000000119
1548  -26.503  -94.600  -4.106 0.3000000119
2565  -29.483  -92.158  -1.758 0.4000000060
3477  -24.077  -89.764  -5.968 0.4000000060
2564  -28.520  -91.834  -1.321 0.4000000060
2563  -27.971  -92.374  -1.300 0.3000000119
2182  -27.292  -93.714  -2.497 0.3000000119
3921  -24.928  -87.982  -4.782 0.4000000060
1485  -27.532  -94.663  0.667 0.3000000119
5051  -24.054  -86.793  -7.488 0.4000000060
1183  -26.332  -94.598  -0.103 0.3000000119
5571  -26.222  -85.505  -6.571 0.4000000060
1798  -29.613  -93.386  3.799 0.3000000119
1166  -24.856  -95.556  1.317 0.3000000119
5566  -26.663  -85.903  -5.774 0.3000000119
1128  -24.709  -96.144  3.449 0.3000000119
1961  -20.909  -93.977  -16.057 0.5000000000
1960  -20.011  -93.796  -15.344 0.5000000000
2299  -19.908  -93.126  -14.752 0.5000000000
2290  -21.210  -92.093  -13.564 0.5000000000
2269  -21.465  -92.489  -11.103 0.4000000060
4631  -26.659  -88.385  -18.231 0.4000000060
2625  -21.963  -91.669  -8.043 0.5000000000
2238  -22.865  -92.080  -8.053 0.3000000119
2255  -25.140  -93.063  -8.148 0.3000000119
2619  -23.563  -91.660  -7.467 0.4000000060
1890  -26.368  -93.491  -6.695 0.3000000119
2242  -26.014  -93.187  -7.272 0.3000000119
2134  -29.620  -93.199  3.221 0.3000000119
111636  -29.522  -91.437  3.280 0.3000000119
121028  -29.120  -92.411  2.419 0.3000000119
2567  -31.493  -91.955  -1.798 0.3000000119
111353  -30.254  -90.704  4.209 0.3000000119
2528  -28.621  -91.000  2.122 0.3000000119
2965  -28.278  -90.957  0.418 0.3000000119
2983  -28.630  -90.657  -0.354 0.3000000119
125156  -29.351  -90.610  -0.588 0.3000000119
3413  -29.078  -89.896  -0.213 0.3000000119
111703  -29.163  -90.285  2.998 0.3000000119
2956  -28.638  -89.854  1.570 0.3000000119
2966  -28.547  -90.093  0.402 0.3000000119
3394  -28.931  -89.275  0.555 0.3000000119
2984  -30.101  -91.252  -0.907 0.3000000119
2560  -31.768  -91.540  -1.146 0.3000000119
111691  -29.150  -89.271  2.657 0.3000000119
2985  -31.068  -91.177  -0.760 0.3000000119
3415  -31.149  -90.345  -0.292 0.3000000119
1046  -20.963  -95.779  -17.549 0.3000000119
115639  -21.034  -91.815  -10.207 0.5000000000
2268  -21.484  -92.270  -12.108 0.4000000060
2289  -20.675  -92.529  -14.054 0.5000000000
2239  -24.216  -92.584  -8.183 0.3000000119
21177  -14.354  -62.806  -8.668 0.3000000119
20361  -13.983  -63.330  -7.232 0.3000000119
21969  -9.888  -60.827  -5.244 0.3000000119
1654  -20.833  -95.223  -16.314 0.4000000060
1637  -19.212  -94.590  -14.317 0.4000000060
978  -21.353  -96.446  -9.400 0.4000000060
1599  -20.001  -95.014  -11.388 0.4000000060
1611  -20.704  -94.643  -12.293 0.4000000060
1624  -21.146  -94.225  -12.698 0.4000000060
2279  -21.250  -92.850  -13.113 0.4000000060
126379  -19.582  -94.391  -12.636 0.4000000060
1945  -20.193  -92.946  -13.710 0.4000000060
1941  -20.766  -93.369  -13.161 0.4000000060
512  -21.884  -97.929  -7.930 0.3000000119
990  -22.280  -96.446  -10.350 0.4000000060
1006  -22.728  -96.593  -12.012 0.4000000060
1943  -19.108  -93.914  -13.846 0.4000000060
1277  -21.357  -95.894  -10.340 0.4000000060
1610  -19.915  -94.517  -12.153 0.4000000060
737  -21.758  -97.050  -9.126 0.3000000119
1000  -22.560  -96.592  -11.694 0.4000000060
1284  -21.782  -96.048  -11.598 0.4000000060
1623  -20.100  -94.000  -12.659 0.4000000060
1612  -21.895  -95.112  -12.312 0.4000000060
1937  -22.385  -94.841  -12.221 0.4000000060
717  -22.162  -97.464  -7.756 0.3000000119
117674  -22.181  -97.141  -8.590 0.3000000119
117599  -22.842  -96.588  -11.385 0.3000000119
979  -22.650  -96.468  -9.399 0.3000000119
1600  -23.289  -95.193  -11.909 0.3000000119
1913  -22.716  -93.634  -10.458 0.3000000119
1613  -22.806  -95.828  -12.159 0.3000000119
2262  -23.070  -93.225  -9.458 0.3000000119
2252  -22.041  -92.356  -8.754 0.3000000119
2261  -21.736  -92.799  -9.693 0.3000000119
1927  -22.677  -94.164  -11.579 0.3000000119
1912  -21.766  -93.116  -10.714 0.3000000119
1926  -21.932  -93.641  -12.007 0.3000000119
2975  -18.426  -90.318  -0.305 0.3000000119
112145  -18.803  -89.661  -0.521 0.3000000119
111351  -27.253  -91.372  4.091 0.3000000119
117683  -20.990  -88.725  -1.362 0.3000000119
3424  -22.324  -89.183  -1.103 0.3000000119
3412  -23.872  -89.504  -0.489 0.3000000119
2963  -24.358  -90.107  -0.034 0.3000000119
3393  -25.152  -89.882  0.388 0.3000000119
3380  -25.854  -89.600  0.987 0.3000000119
124439  -26.549  -90.237  2.383 0.3000000119
111838  -27.003  -90.443  3.431 0.3000000119
3890  -22.479  -88.357  -0.916 0.3000000119
3425  -23.115  -88.797  -0.839 0.3000000119
3883  -23.924  -88.603  -0.566 0.3000000119
116046  -25.368  -88.962  0.356 0.3000000119
3871  -26.007  -88.695  1.016 0.3000000119
1285  -23.370  -96.180  -11.612 0.3000000119
2977  -19.915  -90.503  -0.688 0.3000000119
2980  -22.812  -90.544  -0.743 0.3000000119
2991  -21.689  -89.858  -1.179 0.3000000119
2990  -20.188  -89.712  -1.163 0.3000000119
2979  -21.937  -90.637  -0.918 0.3000000119
3411  -23.127  -89.642  -0.843 0.3000000119
4418  -24.161  -87.569  -0.382 0.3000000119
726  -21.780  -97.505  -8.495 0.3000000119
738  -22.165  -96.667  -9.386 0.3000000119
872  -24.921  -96.437  3.226 0.3000000119
890  -25.144  -96.378  2.923 0.3000000119
991  -22.951  -96.394  -10.409 0.3000000119
1001  -22.873  -96.689  -11.920 0.3000000119
1030  -21.132  -95.886  -17.121 0.3000000119
1038  -21.837  -95.565  -17.415 0.5000000000
1130  -25.843  -95.634  3.221 0.3000000119
1141  -25.455  -96.065  3.050 0.3000000119
1142  -26.166  -95.601  2.801 0.3000000119
1143  -27.015  -95.319  2.437 0.3000000119
1155  -26.937  -95.187  1.613 0.3000000119
1156  -27.651  -95.089  1.859 0.3000000119
1169  -27.299  -94.833  1.048 0.3000000119
1197  -26.137  -94.393  -0.666 0.3000000119
1198  -26.562  -94.239  -0.760 0.3000000119
1206  -25.775  -94.333  -1.451 0.3000000119
1283  -20.589  -95.455  -10.905 0.4000000060
1290  -21.281  -95.394  -11.898 0.4000000060
1291  -22.466  -96.331  -12.049 0.4000000060
1292  -22.879  -96.534  -12.044 0.4000000060
1293  -23.304  -95.896  -11.919 0.3000000119
1332  -21.344  -95.755  -16.857 0.5000000000
1334  -23.343  -95.116  -16.860 0.6000000238
1342  -22.620  -95.337  -17.244 0.5000000000
1357  -20.976  -95.051  -18.706 0.4000000060
1443  -23.490  -95.519  3.635 0.3000000119
1445  -25.312  -95.479  3.450 0.3000000119
1447  -27.286  -94.595  3.434 0.3000000119
1473  -28.226  -94.754  2.062 0.3000000119
1483  -24.308  -94.853  0.337 0.3000000119
1497  -25.149  -94.457  -0.171 0.3000000119
1498  -26.956  -94.292  -0.678 0.3000000119
1512  -25.728  -94.444  -0.998 0.3000000119
1523  -26.206  -94.156  -2.440 0.4000000060
1533  -27.209  -94.518  -3.973 0.3000000119
1534  -27.857  -94.156  -4.175 0.3000000119
1578  -26.009  -93.883  -6.746 0.3000000119
1632  -19.204  -94.375  -13.243 0.4000000060
1633  -19.650  -93.652  -13.285 0.4000000060
1638  -25.968  -93.920  -14.938 0.6999999881
1643  -19.714  -94.663  -15.046 0.4000000060
1645  -23.216  -94.673  -16.092 0.6000000238
1650  -26.946  -93.692  -15.157 0.6999999881
1657  -23.355  -94.981  -16.429 0.6000000238
1660  -25.845  -94.227  -15.917 0.6000000238
1661  -26.627  -93.759  -15.715 0.6999999881
1675  -21.539  -95.268  -18.360 0.4000000060
1691  -20.957  -93.685  -19.751 0.5000000000
1780  -26.917  -94.399  3.565 0.3000000119
1781  -28.527  -93.657  4.136 0.3000000119
1797  -29.234  -93.749  3.057 0.3000000119
1814  -28.173  -94.581  1.391 0.3000000119
1840  -24.995  -93.892  -1.771 0.3000000119
1842  -27.038  -93.837  -1.529 0.3000000119
1871  -28.188  -93.616  -4.512 0.3000000119
1882  -27.967  -93.455  -5.096 0.3000000119
1936  -21.430  -93.979  -12.573 0.4000000060
1944  -19.549  -93.233  -14.028 0.4000000060
1948  -27.651  -93.350  -13.792 0.6000000238
1951  -19.412  -93.806  -14.582 0.4000000060
1953  -25.828  -93.824  -14.490 0.6999999881
1954  -27.009  -93.572  -14.261 0.6000000238
1955  -27.300  -93.546  -14.524 0.6999999881
1964  -24.616  -93.933  -15.039 0.6999999881
1965  -25.371  -94.184  -15.187 0.6999999881
1966  -27.696  -93.505  -14.866 0.6000000238
1967  -28.336  -93.170  -14.944 0.5000000000
1971  -26.487  -93.723  -16.451 0.6999999881
1973  -28.293  -92.777  -15.738 0.6000000238
1976  -25.821  -93.534  -17.477 0.6000000238
1978  -28.243  -92.229  -16.530 0.6000000238
1984  -25.525  -93.102  -18.047 0.5000000000
2000  -20.469  -93.014  -21.317 0.5000000000
2004  -19.545  -93.427  -21.528 0.5000000000
2148  -28.543  -94.014  1.366 0.3000000119
2149  -29.159  -93.585  2.225 0.3000000119
2165  -27.836  -92.590  0.175 0.4000000060
2178  -27.541  -93.104  -1.773 0.3000000119
2180  -29.852  -92.479  -2.327 0.4000000060
2206  -29.099  -92.523  -4.066 0.3000000119
2217  -27.836  -93.060  -5.365 0.3000000119
2226  -25.911  -92.551  -7.143 0.3000000119
2228  -26.863  -93.217  -6.195 0.3000000119
2240  -24.994  -92.687  -7.923 0.3000000119
2241  -25.501  -92.834  -7.646 0.3000000119
2278  -20.864  -92.734  -13.586 0.4000000060
2282  -28.076  -92.581  -12.685 0.6000000238
2283  -28.385  -92.387  -13.021 0.6000000238
2288  -20.106  -92.821  -14.238 0.5000000000
2292  -26.071  -92.803  -13.291 0.6000000238
2293  -27.056  -93.086  -13.042 0.6000000238
2294  -27.732  -93.077  -13.064 0.6000000238
2300  -20.558  -92.654  -14.694 0.5000000000
2302  -23.872  -92.341  -14.695 0.6000000238
2303  -24.589  -93.028  -14.421 0.6999999881
2308  -20.533  -93.032  -15.389 0.6000000238
2321  -26.572  -92.194  -18.900 0.5000000000
2330  -25.944  -91.572  -19.788 0.5000000000
2331  -26.268  -91.780  -19.522 0.5000000000
2332  -26.646  -91.696  -19.427 0.6000000238
2340  -25.506  -91.341  -19.757 0.5000000000
2342  -19.093  -93.265  -21.733 0.5000000000
2527  -28.345  -91.650  1.176 0.3000000119
2542  -28.101  -91.717  0.272 0.4000000060
2556  -27.991  -91.919  -0.535 0.4000000060
2557  -28.452  -91.329  -0.684 0.4000000060
2558  -30.145  -91.929  -1.409 0.4000000060
2559  -30.960  -91.803  -1.347 0.3000000119
2566  -30.679  -92.334  -1.906 0.4000000060
2573  -31.034  -92.106  -2.521 0.3000000119
2574  -31.626  -91.904  -2.035 0.4000000060
2575  -32.056  -91.455  -1.617 0.3000000119
2583  -29.959  -92.056  -3.599 0.3000000119
2584  -30.653  -91.896  -3.088 0.3000000119
2604  -26.526  -91.991  -5.743 0.3000000119
2605  -27.348  -92.482  -5.420 0.3000000119
2612  -24.114  -91.123  -6.917 0.4000000060
2615  -26.204  -92.326  -6.529 0.3000000119
2617  -21.653  -90.973  -7.711 0.5000000000
2618  -22.451  -91.319  -7.453 0.5000000000
2621  -25.286  -92.178  -7.376 0.3000000119
2624  -21.375  -91.470  -8.563 0.5000000000
2630  -21.039  -91.510  -9.483 0.4000000060
2635  -21.314  -91.723  -10.955 0.6000000238
2639  -26.545  -90.923  -11.841 0.5000000000
2641  -27.885  -91.616  -12.071 0.5000000000
2651  -25.010  -91.256  -12.554 0.5000000000
2652  -26.076  -91.438  -12.320 0.5000000000
2654  -27.948  -92.200  -12.356 0.5000000000
2662  -21.171  -92.148  -14.360 0.6000000238
2664  -22.783  -91.380  -13.886 0.6999999881
2665  -23.616  -91.470  -13.579 0.8000000119
2677  -21.783  -91.847  -14.743 0.6999999881
2688  -21.732  -92.380  -15.423 0.6000000238
2701  -29.369  -90.747  -16.928 0.5000000000
2704  -27.136  -91.433  -18.999 0.5000000000
2717  -25.503  -91.159  -19.883 0.5000000000
2955  -28.375  -90.647  1.108 0.3000000119
2976  -19.154  -90.467  -0.407 0.3000000119
2978  -20.901  -90.447  -0.971 0.3000000119
3012  -28.645  -90.680  -3.668 0.4000000060
3022  -27.548  -90.885  -4.549 0.4000000060
3027  -24.905  -90.208  -5.867 0.4000000060
3028  -25.616  -90.565  -5.743 0.4000000060
3037  -21.868  -89.857  -6.862 0.4000000060
3039  -24.568  -90.634  -6.420 0.4000000060
3049  -22.997  -90.878  -6.836 0.5000000000
3059  -21.570  -90.651  -9.819 0.5000000000
3062  -16.104  -90.487  -10.862 0.6999999881
3065  -23.547  -90.171  -10.724 0.4000000060
3070  -15.062  -90.475  -11.737 0.6999999881
3073  -17.285  -90.735  -11.969 0.6999999881
3074  -21.865  -91.187  -12.011 0.6000000238
3079  -27.021  -90.461  -11.405 0.5000000000
3080  -27.633  -90.739  -11.688 0.5000000000
3088  -18.197  -90.164  -12.982 0.6999999881
3105  -16.548  -90.763  -14.251 0.6999999881
3107  -18.033  -90.375  -14.583 0.6999999881
3137  -21.340  -90.303  -18.146 0.6999999881
3139  -29.865  -89.892  -17.435 0.5000000000
3148  -22.840  -90.119  -18.872 0.6000000238
3149  -27.904  -90.197  -18.377 0.6000000238
3150  -28.691  -90.304  -17.964 0.6000000238
3163  -27.065  -90.874  -19.206 0.6000000238
3166  -20.190  -90.692  -20.908 0.5000000000
3170  -25.304  -90.527  -19.854 0.6000000238
3392  -24.609  -89.227  -0.147 0.3000000119
3410  -22.405  -89.998  -1.011 0.3000000119
3414  -30.007  -90.190  -0.482 0.3000000119
3423  -21.543  -89.162  -1.303 0.3000000119
3454  -25.820  -89.279  -4.709 0.4000000060
3456  -27.198  -90.059  -4.109 0.4000000060
3463  -23.722  -88.884  -5.690 0.4000000060
3466  -26.076  -90.097  -5.105 0.4000000060
3475  -22.352  -89.167  -6.553 0.4000000060
3488  -21.686  -89.795  -7.479 0.6000000238
3489  -21.878  -89.295  -7.118 0.5000000000
3494  -21.647  -89.933  -8.179 0.6000000238
3502  -15.104  -89.462  -9.658 0.6999999881
3505  -21.619  -90.266  -8.963 0.6000000238
3508  -24.188  -88.980  -9.636 0.4000000060
3517  -16.344  -89.831  -10.326 0.6999999881
3522  -26.225  -89.219  -10.498 0.5000000000
3530  -15.276  -90.439  -10.925 0.6999999881
3534  -25.659  -89.709  -10.956 0.5000000000
3541  -13.753  -89.319  -12.137 0.6999999881
3566  -19.431  -89.282  -15.812 0.6999999881
3598  -26.908  -89.577  -18.743 0.5000000000
3612  -26.958  -90.217  -18.914 0.5000000000
3882  -23.286  -88.028  -0.693 0.3000000119
3884  -24.818  -88.266  -0.177 0.3000000119
3900  -30.562  -88.486  -2.145 0.3000000119
3909  -27.070  -88.527  -3.854 0.3000000119
3912  -29.101  -87.718  -3.038 0.3000000119
3922  -25.700  -88.363  -4.538 0.4000000060
3935  -24.337  -88.445  -5.234 0.4000000060
3946  -23.067  -88.620  -6.068 0.5000000000
3956  -21.868  -89.153  -7.736 0.5000000000
3963  -14.772  -87.902  -8.657 0.6999999881
3964  -16.132  -88.276  -8.520 0.6999999881
3967  -22.384  -88.475  -7.947 0.5000000000
3976  -12.747  -88.389  -9.984 0.6999999881
3982  -18.455  -88.322  -9.181 0.6999999881
3983  -19.163  -87.910  -9.455 0.6000000238
3985  -24.549  -88.340  -8.982 0.4000000060
3995  -11.570  -88.343  -10.990 0.6999999881
3997  -12.969  -88.891  -10.365 0.6999999881
3999  -19.458  -88.131  -10.090 0.6000000238
4002  -26.447  -88.680  -10.275 0.5000000000
4009  -10.485  -87.752  -12.104 0.6000000238
4011  -11.880  -88.812  -11.287 0.6999999881
4012  -18.814  -88.848  -11.548 0.6999999881
4032  -12.128  -88.224  -13.137 0.6000000238
4062  -20.686  -88.092  -16.992 0.6000000238
4079  -24.098  -87.900  -19.105 0.6000000238
4080  -24.532  -87.820  -19.317 0.6000000238
4081  -25.727  -88.708  -18.757 0.5000000000
4092  -25.880  -89.321  -19.085 0.6000000238
4456  -24.956  -87.140  -4.950 0.3000000119
4469  -23.683  -87.288  -5.860 0.5000000000
4470  -24.315  -87.620  -5.293 0.4000000060
4486  -23.191  -87.626  -6.608 0.5000000000
4496  -23.449  -87.422  -7.416 0.4000000060
4503  -16.460  -87.637  -8.356 0.6000000238
4504  -18.579  -87.028  -8.753 0.6000000238
4506  -23.135  -87.924  -8.021 0.4000000060
4507  -23.886  -87.358  -8.108 0.4000000060
4518  -12.792  -87.621  -9.640 0.6999999881
4520  -14.195  -87.468  -8.811 0.6999999881
4522  -19.157  -87.166  -9.233 0.6000000238
4523  -25.496  -87.914  -8.938 0.4000000060
4540  -27.178  -87.720  -10.557 0.5000000000
4548  -10.958  -87.725  -11.469 0.6000000238
4549  -20.883  -87.139  -11.474 0.5000000000
4556  -10.191  -87.636  -12.705 0.6000000238
4559  -22.419  -87.117  -12.696 0.5000000000
4560  -23.064  -86.921  -13.084 0.5000000000
4569  -9.715  -87.254  -13.114 0.5000000000
4570  -11.621  -87.711  -13.536 0.5000000000
4582  -12.800  -87.197  -14.543 0.5000000000
5008  -26.253  -86.865  -4.639 0.3000000119
5028  -25.166  -86.475  -5.316 0.3000000119
5043  -24.285  -86.327  -6.840 0.5000000000
5052  -24.561  -86.304  -7.477 0.4000000060
5062  -16.327  -86.962  -8.360 0.6000000238
5064  -18.277  -86.486  -8.920 0.6000000238
5066  -25.445  -86.409  -8.382 0.4000000060
5067  -26.188  -86.003  -8.584 0.4000000060
5068  -27.127  -85.496  -8.701 0.5000000000
5083  -13.148  -86.793  -9.383 0.6999999881
5087  -17.547  -86.284  -9.061 0.6000000238
5088  -18.343  -86.162  -9.608 0.6000000238
5090  -28.162  -85.902  -9.964 0.5000000000
5102  -16.144  -86.235  -10.340 0.6000000238
5105  -20.186  -86.560  -10.418 0.5000000000
5122  -20.711  -86.610  -11.083 0.6000000238
5132  -9.308  -86.861  -12.870 0.5000000000
5136  -17.315  -86.229  -13.572 0.5000000000
5150  -15.926  -86.192  -12.988 0.5000000000
5152  -23.049  -86.306  -13.122 0.5000000000
5173  -16.967  -86.136  -15.796 0.6000000238
5564  -24.769  -86.140  -5.839 0.4000000060
5565  -25.919  -85.864  -5.935 0.4000000060
5570  -25.321  -85.768  -6.374 0.4000000060
5573  -27.843  -85.412  -6.893 0.3000000119
5579  -24.882  -85.889  -7.042 0.4000000060
5580  -25.725  -85.476  -7.339 0.4000000060
5582  -27.397  -84.987  -7.383 0.3000000119
5583  -28.544  -85.108  -7.371 0.3000000119
5598  -26.428  -85.229  -8.032 0.4000000060
5615  -13.773  -86.100  -9.473 0.6999999881
5617  -27.878  -85.460  -9.224 0.5000000000
5626  -13.595  -85.320  -9.900 0.6000000238
5631  -19.857  -85.865  -10.563 0.5000000000
5642  -10.054  -86.006  -11.895 0.5000000000
5646  -18.957  -85.653  -11.115 0.5000000000
5647  -20.295  -85.684  -11.368 0.5000000000
5666  -22.129  -86.117  -12.472 0.5000000000
5675  -15.657  -85.733  -13.686 0.5000000000
5676  -18.936  -85.766  -13.852 0.6000000238
5690  -15.677  -85.371  -14.603 0.5000000000
5693  -19.655  -85.590  -14.330 0.5000000000
5707  -16.246  -85.683  -15.373 0.6000000238
5725  -18.572  -85.712  -16.505 0.5000000000
5738  -18.583  -85.278  -17.568 0.5000000000
6146  -28.773  -84.820  -7.873 0.3000000119
6172  -16.122  -84.324  -10.686 0.6000000238
6194  -12.031  -84.240  -11.920 0.5000000000
6216  -15.132  -84.708  -14.875 0.5000000000
6225  -15.059  -84.565  -15.852 0.6000000238
6244  -15.566  -84.103  -17.697 0.6000000238
6245  -16.430  -84.391  -18.000 0.6000000238
6246  -17.254  -84.580  -18.318 0.6000000238
6247  -18.085  -84.597  -18.589 0.5000000000
6248  -18.932  -84.463  -18.412 0.5000000000
6259  -16.872  -84.060  -18.822 0.6000000238
6260  -17.602  -84.081  -19.086 0.5000000000
6669  -16.661  -83.028  -10.111 0.6000000238
6677  -16.114  -83.908  -10.211 0.6000000238
6678  -16.469  -83.536  -10.438 0.6000000238
6708  -15.377  -83.973  -12.883 0.5000000000
6719  -14.779  -84.269  -14.278 0.5000000000
6736  -14.733  -82.888  -17.698 0.6000000238
6744  -15.941  -83.245  -18.367 0.6000000238
6745  -16.616  -83.745  -18.556 0.6000000238
6748  -19.802  -83.419  -18.218 0.5000000000
7175  -16.256  -82.807  -9.450 0.5000000000
7284  -13.781  -82.564  -15.596 0.6000000238
7285  -16.968  -82.038  -16.232 0.6000000238
7303  -14.269  -82.288  -17.307 0.6000000238
7312  -16.380  -83.309  -18.368 0.6000000238
7313  -17.166  -83.525  -18.509 0.6000000238
7314  -18.165  -83.473  -18.471 0.5000000000
7315  -19.131  -83.190  -18.258 0.5000000000
7822  -13.965  -81.933  -14.842 0.6000000238
7823  -18.103  -80.787  -14.294 0.4000000060
7850  -13.636  -81.469  -16.318 0.6000000238
7852  -16.936  -81.013  -17.022 0.6000000238
7860  -14.609  -81.667  -17.474 0.6000000238
7861  -15.369  -81.998  -17.709 0.6000000238
8331  -16.354  -79.450  -5.735 0.5000000000
8347  -16.384  -80.162  -6.130 0.6000000238
8365  -16.539  -80.226  -6.993 0.6999999881
8422  -16.223  -80.730  -10.489 0.6000000238
8457  -14.833  -80.730  -13.912 0.6999999881
8458  -15.160  -80.161  -13.332 0.6000000238
8478  -13.763  -80.272  -16.151 0.6000000238
8479  -17.581  -80.333  -15.780 0.6000000238
8488  -14.465  -80.865  -17.084 0.6000000238
8490  -16.626  -80.223  -17.028 0.6000000238
8954  -13.753  -78.806  -2.895 0.6000000238
8973  -16.094  -79.498  -5.029 0.5000000000
9012  -16.729  -79.145  -8.031 0.6999999881
9023  -16.659  -79.269  -8.718 0.6999999881
9036  -16.343  -80.126  -9.906 0.6000000238
9083  -17.561  -79.344  -15.016 0.6000000238
9088  -13.588  -79.684  -15.694 0.5000000000
9101  -15.923  -79.648  -16.626 0.6000000238
9550  -13.425  -78.051  -3.216 0.6000000238
9551  -14.190  -78.334  -3.596 0.5000000000
9552  -14.972  -78.635  -4.097 0.5000000000
9553  -15.649  -79.093  -4.602 0.5000000000
9574  -15.077  -78.115  -5.924 0.6999999881
9575  -16.145  -78.138  -7.040 0.6999999881
9576  -16.629  -78.765  -6.916 0.6999999881
9589  -16.200  -77.930  -8.034 0.6999999881
9613  -16.434  -78.538  -9.238 0.6999999881
9623  -16.019  -78.704  -10.003 0.6000000238
9632  -10.218  -77.793  -12.434 0.8000000119
9633  -10.561  -78.077  -11.733 0.6999999881
9647  -10.780  -77.998  -12.722 0.8000000119
9683  -13.087  -78.346  -14.720 0.5000000000
9684  -17.140  -78.542  -15.016 0.5000000000
9696  -13.436  -78.481  -15.273 0.5000000000
9697  -13.869  -78.937  -15.679 0.5000000000
9698  -15.811  -78.379  -15.491 0.5000000000
9699  -16.670  -78.758  -15.640 0.5000000000
10176  -12.762  -77.612  -2.996 0.6000000238
10202  -12.126  -77.600  -6.541 0.6999999881
10203  -13.477  -77.861  -5.884 0.6999999881
10220  -11.404  -77.761  -7.968 0.8000000119
10221  -12.579  -77.643  -7.288 0.6999999881
10223  -14.576  -77.516  -7.468 0.6000000238
10244  -14.888  -77.401  -8.366 0.6000000238
10245  -15.685  -77.579  -8.481 0.6000000238
10256  -9.050  -77.664  -9.730 0.8000000119
10258  -11.047  -77.974  -9.475 0.6999999881
10259  -13.159  -77.641  -10.014 0.6000000238
10260  -13.922  -77.438  -9.715 0.6000000238
10261  -15.211  -77.479  -9.315 0.6000000238
10267  -8.758  -77.194  -11.510 0.6999999881
10269  -11.721  -78.032  -11.031 0.6999999881
10270  -12.920  -77.789  -10.939 0.6999999881
10281  -8.811  -76.621  -12.344 0.6999999881
10290  -9.380  -76.760  -12.796 0.8000000119
10299  -10.460  -76.902  -13.627 0.6999999881
10300  -11.136  -77.277  -13.899 0.6999999881
10313  -12.393  -77.531  -14.592 0.5000000000
10314  -15.370  -76.851  -15.139 0.5000000000
10316  -16.762  -77.892  -14.967 0.5000000000
10333  -16.753  -78.466  -15.353 0.5000000000
10817  -11.402  -76.906  -5.400 0.6000000238
10825  -8.568  -76.336  -6.959 0.8000000119
10827  -10.364  -77.029  -6.532 0.8000000119
10841  -7.194  -76.297  -8.121 0.6000000238
10853  -6.552  -75.922  -9.254 0.6999999881
10855  -7.716  -76.841  -8.542 0.6999999881
10856  -8.653  -77.218  -8.078 0.8000000119
10867  -6.730  -76.209  -9.822 0.6999999881
10868  -7.287  -76.851  -9.519 0.6000000238
10874  -7.381  -76.068  -10.955 0.6999999881
10880  -7.970  -76.057  -11.593 0.6999999881
10881  -8.447  -76.074  -12.248 0.6999999881
10893  -11.146  -76.629  -13.967 0.6999999881
10894  -11.961  -76.372  -14.244 0.5000000000
10917  -14.603  -77.113  -15.315 0.5000000000
11427  -11.910  -74.682  -1.789 0.6000000238
11465  -9.695  -75.207  -5.962 0.6000000238
11467  -11.284  -76.206  -5.217 0.6000000238
11474  -8.219  -75.534  -6.687 0.6999999881
11489  -6.659  -75.374  -8.682 0.6000000238
11490  -6.844  -75.579  -7.955 0.6999999881
11516  -7.842  -75.549  -10.415 0.6000000238
11525  -6.928  -75.952  -10.486 0.6000000238
11528  -9.197  -75.345  -11.534 0.6000000238
11536  -9.325  -75.563  -12.487 0.6000000238
11541  -9.901  -75.760  -13.030 0.6000000238
11555  -12.480  -75.532  -13.927 0.5000000000
12071  -11.781  -73.987  -0.197 0.5000000000
12104  -11.912  -74.233  -1.033 0.5000000000
12138  -12.971  -74.360  -3.497 0.6000000238
12143  -10.769  -74.393  -4.958 0.6000000238
12149  -6.164  -73.649  -7.686 0.6000000238
12150  -7.127  -74.060  -6.467 0.6999999881
12213  -11.392  -74.591  -10.947 0.5000000000
12225  -11.438  -74.660  -12.540 0.5000000000
12792  -10.830  -73.820  0.932 0.5000000000
12805  -12.145  -73.429  -0.221 0.6000000238
12806  -12.638  -73.264  -0.919 0.6000000238
12822  -13.217  -73.718  -2.323 0.6999999881
12829  -13.166  -73.672  -3.035 0.6999999881
12838  -10.001  -72.840  -4.512 0.6000000238
12850  -7.103  -73.217  -5.990 0.6999999881
12903  -6.371  -73.125  -8.535 0.5000000000
13513  -10.071  -72.608  0.870 0.6000000238
13515  -11.842  -73.048  0.213 0.6000000238
13526  -12.575  -72.571  -1.144 0.6000000238
13567  -12.070  -72.802  -3.710 0.8000000119
13576  -7.548  -72.453  -5.744 0.6000000238
13589  -6.101  -72.888  -7.439 0.6000000238
13603  -6.205  -72.461  -8.189 0.6000000238
14275  -8.329  -70.961  -1.234 0.6999999881
14278  -12.155  -71.939  -1.535 0.6999999881
14302  -10.084  -71.502  -4.019 0.6000000238
14331  -6.461  -71.625  -7.917 0.6000000238
14342  -7.410  -71.832  -8.776 0.5000000000
14951  -4.678  -70.414  -0.370 0.6999999881
14964  -4.580  -69.851  -1.007 0.8000000119
14982  -9.815  -70.711  -1.843 0.6999999881
14993  -7.438  -70.269  -3.018 0.8000000119
14995  -9.611  -70.536  -2.580 0.6999999881
15000  -5.843  -69.826  -3.949 0.6999999881
15014  -8.457  -69.577  -5.526 0.6000000238
15024  -7.848  -70.532  -6.653 0.6000000238
15071  -8.846  -71.002  -9.164 0.5000000000
15702  -4.486  -69.667  -1.926 0.8000000119
15715  -4.570  -68.978  -2.834 0.8000000119
15716  -4.786  -69.376  -3.464 0.6999999881
15717  -6.659  -69.161  -4.519 0.6999999881
15736  -7.538  -68.399  -5.455 0.5000000000
15765  -8.561  -69.618  -7.617 0.5000000000
16433  -6.498  -67.930  2.214 0.5000000000
16471  -7.179  -68.286  -0.254 0.5000000000
16482  -4.436  -69.055  -2.156 0.8000000119
16489  -5.201  -68.741  -4.024 0.6999999881
16502  -5.749  -68.111  -4.485 0.6000000238
16503  -6.378  -68.268  -4.798 0.6000000238
16512  -6.479  -67.731  -4.786 0.6000000238
16528  -8.982  -68.569  -6.717 0.6000000238
16537  -8.864  -69.069  -7.225 0.5000000000
17263  -9.080  -67.133  -1.878 0.5000000000
17285  -5.929  -67.160  -4.234 0.5000000000
17303  -9.203  -67.332  -5.853 0.5000000000
18076  -9.709  -66.650  -2.074 0.4000000060
18079  -8.830  -66.691  -2.470 0.5000000000
18084  -6.619  -66.127  -3.325 0.5000000000
18096  -6.247  -66.473  -3.651 0.5000000000
18097  -6.776  -66.302  -4.045 0.5000000000
18111  -7.818  -66.567  -5.162 0.5000000000
18115  -11.748  -66.243  -5.561 0.4000000060
18123  -12.990  -66.246  -7.034 0.4000000060
18131  -12.455  -66.905  -7.396 0.4000000060
18839  -10.115  -65.933  -2.604 0.5000000000
18847  -7.670  -65.268  -3.544 0.4000000060
18848  -8.552  -65.293  -3.374 0.4000000060
18855  -7.329  -65.631  -3.984 0.5000000000
18867  -9.770  -65.683  -5.377 0.4000000060
19553  -6.458  -64.689  0.320 0.4000000060
19571  -10.944  -64.429  -2.670 0.5000000000
19578  -9.019  -64.568  -3.516 0.4000000060
19591  -11.336  -64.046  -5.699 0.4000000060
19593  -13.211  -64.441  -6.157 0.4000000060
20309  -7.351  -63.741  -0.038 0.4000000060
20339  -8.234  -63.261  -3.936 0.5000000000
20342  -8.354  -63.738  -4.393 0.5000000000
20346  -12.597  -63.639  -5.969 0.4000000060
20354  -11.838  -62.829  -5.976 0.4000000060
20355  -12.959  -62.892  -6.377 0.4000000060
20362  -14.258  -63.311  -8.596 0.3000000119
21095  -12.192  -62.192  0.361 0.4000000060
21096  -12.790  -62.122  0.082 0.4000000060
21118  -10.326  -63.347  -0.343 0.5000000000
21121  -13.289  -62.269  -0.492 0.4000000060
21131  -13.260  -62.646  -1.666 0.4000000060
21132  -14.006  -62.273  -1.768 0.4000000060
21145  -13.694  -62.295  -2.370 0.3000000119
21149  -8.542  -62.133  -3.462 0.4000000060
21152  -12.495  -61.588  -2.978 0.4000000060
21909  -6.801  -61.626  0.648 0.4000000060
21914  -11.802  -61.359  0.719 0.4000000060
21931  -13.566  -61.485  -0.507 0.4000000060
21953  -8.769  -60.794  -3.383 0.5000000000
21962  -8.695  -61.045  -3.696 0.4000000060
22749  -8.105  -60.982  0.924 0.3000000119
22796  -9.163  -59.956  -3.452 0.5000000000
22812  -10.059  -59.680  -5.150 0.3000000119
23624  -10.984  -59.164  1.251 0.5000000000
23647  -13.317  -59.769  -0.763 0.4000000060
24447  -11.640  -58.579  -0.031 0.5000000000
24449  -12.885  -58.998  -1.013 0.3000000119
25253  -11.143  -57.918  -0.209 0.5000000000
25270  -12.007  -57.792  -0.867 0.4000000060
26836  -8.290  -55.333  0.952 0.3000000119
111354  -26.877  -89.644  2.982 0.3000000119
111943  -19.230  -88.491  -10.738 0.6000000238
112148  -13.910  -83.038  -16.279 0.6000000238
112220  -21.075  -91.282  -10.082 0.5000000000
112746  -25.167  -88.919  -19.416 0.6000000238
112927  -8.505  -77.361  -10.663 0.8000000119
113497  -26.941  -94.681  0.287 0.3000000119
113668  -19.550  -90.180  -19.043 0.6000000238
113787  -24.418  -94.753  -16.885 0.6000000238
113842  -11.013  -72.682  -4.113 0.6000000238
113869  -21.397  -92.014  -12.754 0.4000000060
113875  -11.632  -60.808  -2.944 0.3000000119
113878  -30.563  -90.276  -2.556 0.3000000119
114597  -19.011  -85.574  -12.798 0.6000000238
114997  -22.132  -91.460  -14.125 0.6999999881
115021  -26.311  -93.895  -6.185 0.4000000060
115944  -13.243  -88.182  -9.458 0.6999999881
116138  -25.217  -87.126  -8.602 0.4000000060
117001  -26.354  -94.525  -4.924 0.3000000119
117024  -25.980  -87.754  -9.297 0.5000000000
117444  -20.285  -87.889  -12.742 0.6000000238
117536  -25.772  -94.310  -1.825 0.3000000119
117569  -22.143  -88.168  -17.286 0.6000000238
117744  -10.125  -60.877  1.177 0.4000000060
118231  -31.232  -90.857  -2.487 0.3000000119
118868  -16.486  -86.269  -13.213 0.5000000000
119016  -11.435  -64.691  -5.548 0.4000000060
119576  -21.519  -90.426  -7.917 0.6000000238
119843  -13.352  -79.150  -15.279 0.5000000000
119910  -24.149  -86.450  -6.098 0.5000000000
120154  -13.548  -80.241  -15.623 0.5000000000
120187  -13.289  -65.739  -7.764 0.4000000060
120572  -9.600  -63.599  -5.435 0.4000000060
120675  -13.008  -73.122  -1.683 0.6999999881
121370  -14.245  -77.357  -9.028 0.6000000238
121764  -14.839  -88.679  -9.132 0.6999999881
122194  -26.160  -90.109  1.594 0.3000000119
122296  -8.029  -71.823  -5.434 0.6000000238
122348  -15.770  -78.295  -6.163 0.6000000238
122679  -4.977  -67.375  -3.018 0.6000000238
122681  -27.391  -93.841  3.868 0.3000000119
122889  -12.338  -77.967  -2.464 0.6000000238
123370  -14.616  -77.493  -10.106 0.6000000238
123646  -29.529  -89.414  -0.038 0.3000000119
124186  -10.081  -77.664  -8.241 0.8000000119
124390  -26.788  -94.264  -3.201 0.4000000060
124783  -26.466  -87.782  -4.279 0.4000000060
125251  -21.185  -92.274  -9.976 0.5000000000
125495  -17.554  -88.576  -9.076 0.6999999881
125497  -15.480  -78.122  -10.586 0.5000000000
125726  -21.552  -93.110  -12.415 0.3000000119
125902  -4.463  -70.103  0.511 0.6999999881
126272  -20.394  -89.021  -1.337 0.3000000119
126390  -17.128  -87.263  -8.345 0.6000000238
126545  -22.182  -92.964  -15.936 0.5000000000
126663  -23.194  -87.971  -6.054 0.5000000000
126824  -21.568  -98.327  -8.090 0.3000000119
127481  -26.990  -94.481  -4.681 0.3000000119
127771  -11.825  -67.305  -6.785 0.4000000060
128030  -12.428  -67.045  -8.371 0.4000000060
128050  -27.320  -93.051  -5.817 0.3000000119
129002  -14.739  -78.135  -11.979 0.5000000000
129436  -16.172  -86.508  -8.731 0.6999999881
129824  -13.246  -62.145  -2.784 0.3000000119
129933  -16.238  -81.250  -11.041 0.6000000238
130407  -15.401  -88.288  -8.638 0.6999999881
130952  -24.192  -90.347  -11.284 0.5000000000
131034  -28.745  -90.667  -12.892 0.5000000000
131154  -26.454  -95.487  2.207 0.3000000119
131372  -13.380  -78.297  -13.134 0.6000000238
131595  -7.674  -70.639  -8.334 0.5000000000
131679  -25.533  -95.611  1.747 0.3000000119
131683  -12.140  -75.898  -2.751 0.6000000238
131823  -20.944  -89.501  -1.327 0.3000000119
132160  -11.629  -78.008  -10.133 0.6999999881
132537  -28.032  -93.543  0.639 0.3000000119
132605  -5.368  -65.767  1.424 0.5000000000
132716  -23.511  -89.121  -0.703 0.3000000119
132863  -7.886  -66.136  -0.051 0.4000000060
132881  -28.523  -90.889  -12.332 0.5000000000
132938  -27.846  -87.823  -11.422 0.5000000000
133117  -8.125  -65.061  -4.697 0.5000000000
133240  -22.616  -90.567  -11.028 0.5000000000
133254  -8.790  -67.183  -0.418 0.6000000238
133407  -13.035  -77.504  -7.986 0.6000000238
133728  -19.179  -85.700  -16.082 0.5000000000
133780  -16.442  -77.450  -14.949 0.5000000000
134224  -5.439  -66.894  -3.141 0.6000000238
134250  -9.761  -75.155  -12.059 0.6000000238
134421  -18.188  -86.144  -15.153 0.6000000238
134470  -8.442  -62.081  -3.945 0.5000000000
134487  -15.551  -78.380  -5.625 0.6000000238
134587  -12.568  -77.820  -2.680 0.6000000238
134602  -22.220  -95.314  -16.790 0.4000000060
134859  -13.002  -77.930  -11.598 0.6999999881
134953  -21.372  -90.887  -8.199 0.6000000238
135017  -14.086  -80.539  -16.588 0.6000000238
135340  -6.924  -63.277  0.084 0.4000000060
135361  -27.087  -94.559  0.007 0.3000000119
135369  -12.603  -62.726  -1.933 0.4000000060
