#!ascii label  , from subject bert vox2ras=TkReg
1296
3553  -28.968  -90.410  -13.754 0.5000000000
2682  -28.927  -91.799  -14.106 0.6000000238
5601  -29.582  -85.039  -8.303 0.3000000119
2306  -28.890  -92.119  -14.548 0.5000000000
5650  -29.200  -85.530  -10.821 0.4000000060
5634  -29.787  -85.113  -10.288 0.4000000060
5635  -30.396  -85.069  -9.849 0.4000000060
5620  -30.437  -85.229  -8.927 0.3000000119
6173  -30.338  -84.770  -10.791 0.4000000060
4057  -30.475  -88.250  -16.679 0.5000000000
119352  -29.965  -89.179  -16.072 0.5000000000
133854  -29.132  -90.084  -14.530 0.5000000000
3578  -30.516  -88.881  -17.525 0.6000000238
3568  -29.925  -89.682  -16.382 0.5000000000
3117  -29.356  -90.530  -15.744 0.6000000238
5055  -29.121  -86.827  -7.002 0.3000000119
2697  -29.194  -91.022  -16.022 0.5000000000
120296  -28.313  -85.581  -12.211 0.5000000000
112472  -28.715  -86.219  -10.937 0.5000000000
5056  -29.939  -86.438  -7.478 0.3000000119
3128  -29.714  -90.159  -16.641 0.6000000238
2690  -29.025  -91.441  -15.041 0.5000000000
6181  -28.972  -84.954  -11.620 0.5000000000
133299  -30.815  -85.018  -10.230 0.4000000060
5091  -31.805  -86.583  -9.483 0.3000000119
5603  -31.111  -85.931  -8.734 0.3000000119
6197  -29.283  -84.190  -12.210 0.4000000060
6182  -29.699  -84.496  -11.527 0.4000000060
6174  -31.056  -84.584  -11.280 0.4000000060
6686  -29.901  -83.848  -12.009 0.4000000060
5742  -31.146  -85.804  -17.976 0.6999999881
116167  -31.508  -86.574  -17.671 0.6999999881
5187  -31.443  -86.856  -17.350 0.6999999881
3558  -28.947  -89.676  -13.915 0.5000000000
6275  -30.718  -85.648  -18.912 0.6999999881
5746  -31.124  -86.238  -18.442 0.6999999881
5195  -31.531  -87.070  -17.863 0.8000000119
4611  -30.986  -87.446  -17.432 0.5000000000
4071  -30.614  -88.327  -17.919 0.6999999881
129862  -28.170  -88.325  -12.846 0.5000000000
4635  -31.061  -87.319  -18.509 0.6999999881
4578  -28.000  -86.805  -13.369 0.4000000060
5139  -28.003  -86.565  -12.435 0.5000000000
4498  -30.086  -88.229  -7.458 0.3000000119
117291  -30.440  -88.099  -18.431 0.6000000238
5154  -28.080  -85.979  -13.025 0.5000000000
124826  -30.183  -87.387  -7.623 0.3000000119
3588  -30.328  -88.852  -18.126 0.5000000000
6204  -28.738  -84.397  -13.359 0.5000000000
7256  -30.001  -82.770  -13.355 0.4000000060
6699  -29.619  -83.467  -12.553 0.4000000060
5652  -31.953  -85.284  -11.350 0.4000000060
5108  -32.140  -86.111  -10.521 0.4000000060
7235  -30.712  -82.589  -12.594 0.3000000119
6700  -30.242  -83.209  -12.314 0.4000000060
6768  -29.312  -83.237  -20.193 0.5000000000
6762  -29.875  -83.703  -19.845 0.6000000238
6763  -30.559  -83.137  -19.430 0.6000000238
6269  -30.883  -85.095  -18.556 0.6000000238
7328  -27.288  -82.143  -20.340 0.5000000000
6766  -27.674  -83.032  -20.361 0.5000000000
6760  -28.106  -83.849  -20.370 0.6000000238
113678  -29.804  -84.406  -19.751 0.6000000238
6274  -30.182  -85.107  -19.449 0.6999999881
4600  -30.013  -87.617  -16.072 0.6000000238
130636  -31.467  -86.532  -4.184 0.3000000119
7324  -25.852  -82.396  -20.191 0.6999999881
6765  -26.713  -82.806  -20.273 0.6000000238
115037  -27.347  -83.584  -20.239 0.6000000238
6761  -29.068  -84.007  -20.246 0.6000000238
6273  -29.358  -84.691  -19.771 0.6999999881
5748  -30.435  -85.832  -19.153 0.6999999881
5177  -29.814  -86.205  -15.861 0.6000000238
4590  -29.120  -87.470  -15.268 0.6000000238
116969  -28.131  -87.828  -13.606 0.5000000000
7323  -25.246  -82.322  -19.853 0.6999999881
112235  -25.998  -83.222  -19.958 0.6000000238
6271  -26.823  -83.795  -19.621 0.6000000238
6272  -27.653  -84.167  -20.055 0.6000000238
6268  -28.671  -84.932  -19.439 0.6999999881
5199  -29.793  -86.913  -18.984 0.6999999881
4589  -28.458  -87.117  -14.332 0.5000000000
4471  -29.320  -87.619  -6.405 0.3000000119
6757  -24.698  -82.793  -19.755 0.6999999881
6754  -25.164  -83.092  -19.828 0.6000000238
6267  -27.679  -84.573  -18.864 0.6000000238
5743  -28.344  -85.396  -18.590 0.6000000238
4634  -30.322  -87.559  -18.853 0.6999999881
5699  -29.136  -85.627  -14.866 0.5000000000
125664  -29.171  -84.899  -14.795 0.5000000000
6755  -25.974  -83.480  -19.233 0.6000000238
6256  -27.373  -84.731  -17.808 0.6000000238
4633  -29.521  -87.860  -18.712 0.6000000238
119888  -29.830  -88.327  -18.700 0.6000000238
6230  -29.552  -84.424  -15.015 0.5000000000
5070  -31.401  -87.135  -8.702 0.3000000119
131847  -25.175  -83.409  -19.042 0.6999999881
6742  -25.858  -83.776  -18.144 0.6000000238
6266  -26.792  -84.048  -18.409 0.6000000238
132954  -27.821  -85.039  -18.175 0.6000000238
5741  -27.788  -85.645  -17.786 0.5000000000
5194  -28.674  -86.283  -18.427 0.5000000000
131778  -29.129  -88.583  -18.679 0.5000000000
4085  -29.878  -88.871  -18.520 0.5000000000
130586  -29.518  -83.947  -14.391 0.5000000000
7796  -32.559  -81.871  -12.826 0.3000000119
7236  -31.642  -82.361  -12.543 0.3000000119
6701  -31.090  -83.264  -12.152 0.3000000119
6198  -32.459  -84.757  -12.186 0.4000000060
4084  -29.119  -88.940  -18.680 0.5000000000
7812  -31.180  -81.899  -13.523 0.3000000119
7794  -31.093  -81.993  -12.901 0.3000000119
6184  -31.011  -84.038  -11.737 0.4000000060
7890  -28.098  -80.904  -20.175 0.5000000000
7329  -28.172  -82.038  -20.314 0.5000000000
7891  -28.959  -81.299  -20.142 0.5000000000
7331  -29.834  -81.493  -20.154 0.5000000000
7878  -26.631  -80.494  -19.498 0.5000000000
8514  -27.037  -80.364  -19.784 0.5000000000
7884  -27.246  -80.566  -20.022 0.5000000000
7330  -29.143  -82.344  -20.253 0.5000000000
7325  -29.898  -82.636  -19.949 0.5000000000
118307  -30.771  -83.979  -18.869 0.6000000238
6270  -30.956  -83.918  -18.426 0.6000000238
7883  -26.395  -80.753  -19.835 0.5000000000
6258  -30.975  -84.712  -18.108 0.6000000238
115889  -31.125  -85.629  -17.160 0.8000000119
4978  -32.270  -86.675  -2.497 0.3000000119
7877  -25.354  -81.357  -19.233 0.6000000238
124031  -25.258  -81.698  -19.496 0.6000000238
7889  -26.579  -81.533  -20.223 0.6000000238
6734  -31.102  -83.660  -16.929 0.4000000060
4994  -33.018  -86.717  -3.328 0.3000000119
7876  -24.448  -81.667  -19.062 0.6999999881
5716  -30.536  -85.075  -16.392 0.5000000000
5733  -30.656  -85.816  -16.544 0.6000000238
4472  -31.071  -87.778  -5.476 0.3000000119
3937  -30.322  -88.248  -6.411 0.3000000119
7882  -23.651  -81.852  -19.160 0.6999999881
6731  -30.559  -83.568  -15.869 0.4000000060
3947  -30.867  -89.029  -7.059 0.3000000119
7321  -23.868  -82.516  -19.437 0.6000000238
6753  -24.298  -83.108  -19.381 0.6999999881
6231  -30.085  -84.378  -15.827 0.4000000060
4526  -31.891  -87.962  -9.456 0.3000000119
6752  -23.277  -82.883  -19.240 0.6000000238
6740  -23.785  -83.470  -18.458 0.6999999881
5740  -27.026  -85.323  -17.119 0.5000000000
5732  -27.248  -86.215  -17.107 0.5000000000
4632  -28.180  -88.286  -18.451 0.6000000238
7292  -30.923  -82.754  -15.225 0.4000000060
6721  -30.342  -83.207  -14.876 0.4000000060
135397  -33.456  -80.881  -14.000 0.3000000119
7813  -32.779  -81.317  -13.540 0.3000000119
116429  -34.178  -81.642  -13.260 0.3000000119
7238  -33.435  -82.391  -12.820 0.3000000119
118616  -32.458  -84.015  -12.261 0.4000000060
5109  -32.343  -87.691  -10.395 0.3000000119
6254  -25.603  -84.203  -17.050 0.6000000238
6242  -26.326  -84.990  -16.779 0.5000000000
5731  -26.522  -85.969  -16.450 0.5000000000
5193  -27.881  -86.621  -17.886 0.5000000000
4082  -26.808  -88.971  -18.576 0.6000000238
4083  -28.109  -89.039  -18.607 0.5000000000
7277  -31.360  -82.071  -14.553 0.3000000119
118415  -31.914  -81.439  -13.926 0.3000000119
5184  -26.739  -86.740  -16.774 0.5000000000
4621  -26.653  -87.916  -17.870 0.5000000000
4620  -25.769  -87.989  -17.925 0.5000000000
134767  -27.730  -80.521  -18.246 0.5000000000
8500  -27.909  -80.117  -18.894 0.5000000000
8521  -28.782  -80.622  -19.949 0.5000000000
8516  -30.059  -80.101  -19.954 0.5000000000
7886  -30.623  -80.693  -20.165 0.5000000000
7326  -30.606  -81.840  -19.901 0.5000000000
116825  -26.024  -80.813  -18.798 0.5000000000
122777  -27.549  -80.194  -19.789 0.5000000000
7327  -31.073  -82.222  -19.503 0.4000000060
121805  -26.060  -80.805  -19.533 0.5000000000
7320  -31.667  -82.078  -19.149 0.4000000060
4971  -33.092  -86.909  -1.610 0.3000000119
4979  -33.509  -86.637  -2.468 0.3000000119
7867  -25.149  -81.493  -18.476 0.6000000238
6756  -31.415  -82.968  -18.467 0.4000000060
6743  -31.300  -83.624  -17.869 0.4000000060
7866  -24.229  -81.417  -18.207 0.6000000238
129495  -24.438  -81.507  -18.890 0.6000000238
5014  -32.503  -86.831  -4.081 0.3000000119
4473  -32.313  -88.426  -5.246 0.3000000119
113981  -23.591  -81.416  -18.799 0.6000000238
7875  -22.934  -81.690  -18.946 0.6000000238
7301  -32.129  -82.309  -16.721 0.4000000060
7300  -31.273  -82.876  -16.246 0.4000000060
3970  -30.612  -88.916  -8.121 0.3000000119
7319  -23.075  -82.293  -19.189 0.6999999881
7829  -32.149  -81.676  -14.922 0.3000000119
7846  -33.043  -81.297  -15.329 0.3000000119
8501  -28.786  -79.889  -18.910 0.5000000000
8515  -29.069  -80.275  -19.701 0.5000000000
8510  -29.404  -79.867  -19.524 0.5000000000
116066  -30.895  -80.106  -19.952 0.4000000060
7869  -27.067  -80.497  -18.663 0.5000000000
112474  -31.718  -80.466  -20.010 0.4000000060
112033  -31.399  -81.349  -20.019 0.4000000060
7868  -26.601  -81.172  -17.680 0.6000000238
7311  -32.447  -81.801  -18.783 0.4000000060
5015  -33.780  -87.538  -4.033 0.3000000119
4995  -34.289  -87.077  -3.407 0.3000000119
114533  -23.442  -81.354  -17.888 0.6000000238
7310  -31.952  -82.548  -17.990 0.4000000060
6735  -31.530  -82.921  -17.164 0.4000000060
7858  -32.989  -81.686  -16.422 0.4000000060
7845  -32.380  -81.900  -15.780 0.3000000119
7847  -33.801  -81.064  -15.991 0.3000000119
6751  -22.514  -82.765  -18.935 0.6000000238
119273  -29.205  -80.306  -18.080 0.5000000000
8502  -29.748  -79.811  -18.848 0.5000000000
8511  -30.542  -79.764  -19.616 0.4000000060
112951  -27.577  -81.002  -17.443 0.5000000000
8492  -29.004  -80.701  -17.061 0.5000000000
8518  -32.574  -80.052  -19.898 0.4000000060
130328  -25.778  -81.365  -17.812 0.6000000238
113300  -27.012  -81.489  -16.525 0.6000000238
114446  -27.867  -81.451  -16.263 0.6000000238
133174  -32.434  -80.502  -19.969 0.4000000060
112701  -25.138  -81.618  -17.224 0.6000000238
113317  -26.109  -81.558  -16.781 0.6000000238
7880  -33.089  -81.138  -19.289 0.4000000060
7871  -33.094  -81.674  -18.227 0.4000000060
7856  -24.214  -81.568  -17.042 0.6000000238
7302  -32.530  -82.141  -17.748 0.4000000060
133901  -32.871  -81.899  -17.268 0.4000000060
7859  -33.841  -81.492  -17.454 0.4000000060
3924  -33.316  -88.680  -5.314 0.3000000119
3496  -31.497  -89.679  -8.559 0.3000000119
3938  -31.863  -89.140  -6.637 0.3000000119
7865  -22.816  -81.443  -18.386 0.6000000238
7318  -22.442  -82.295  -18.747 0.6000000238
7854  -21.922  -81.619  -16.948 0.6999999881
126562  -23.171  -82.086  -15.117 0.6999999881
7873  -21.722  -81.884  -18.090 0.6000000238
117273  -21.569  -82.072  -15.109 0.6999999881
7863  -21.392  -81.714  -17.535 0.6000000238
7272  -22.734  -82.214  -14.326 0.6999999881
7251  -23.115  -82.339  -13.510 0.6000000238
7299  -21.053  -81.629  -16.626 0.6999999881
7271  -21.847  -82.260  -14.393 0.6999999881
8503  -30.728  -79.787  -18.542 0.5000000000
125834  -28.306  -80.979  -16.894 0.5000000000
7857  -29.551  -80.865  -16.275 0.5000000000
8493  -29.977  -80.392  -17.473 0.5000000000
8504  -31.634  -79.692  -18.128 0.5000000000
8512  -31.541  -79.583  -19.295 0.4000000060
8517  -31.607  -79.929  -19.750 0.4000000060
7842  -27.330  -81.714  -15.523 0.6000000238
7843  -28.112  -81.658  -15.299 0.6000000238
119307  -28.731  -81.245  -15.985 0.6000000238
8480  -29.924  -80.872  -15.569 0.6000000238
7840  -25.581  -81.729  -15.977 0.6000000238
7827  -28.161  -81.822  -14.450 0.6000000238
7844  -28.916  -81.510  -14.828 0.6000000238
7887  -32.953  -80.495  -19.853 0.4000000060
112520  -24.827  -81.729  -16.245 0.6000000238
7824  -25.902  -81.798  -14.957 0.6000000238
7808  -26.791  -82.069  -13.794 0.6000000238
121930  -28.075  -81.926  -13.762 0.6000000238
7872  -33.979  -81.218  -18.708 0.4000000060
8506  -35.361  -80.025  -18.515 0.4000000060
7291  -24.929  -81.803  -15.219 0.6000000238
7274  -25.355  -81.969  -14.156 0.6000000238
7275  -26.190  -81.955  -14.212 0.6000000238
7809  -27.512  -82.003  -13.225 0.6000000238
7791  -27.971  -81.804  -12.548 0.6000000238
119675  -34.677  -80.815  -18.098 0.4000000060
8497  -35.462  -80.266  -17.383 0.4000000060
122995  -23.472  -81.646  -16.714 0.6000000238
7273  -24.531  -81.974  -14.443 0.5000000000
7255  -26.643  -82.208  -12.968 0.6000000238
7233  -27.239  -81.990  -12.166 0.6000000238
7772  -28.238  -81.198  -10.950 0.6999999881
7855  -22.711  -81.501  -17.415 0.6999999881
126701  -23.526  -81.956  -15.808 0.6000000238
7252  -24.557  -82.192  -13.683 0.6000000238
7253  -25.292  -82.237  -13.230 0.6000000238
7214  -27.523  -81.750  -11.091 0.6000000238
8424  -28.144  -80.554  -10.411 0.6000000238
9039  -27.815  -79.761  -10.111 0.6000000238
7212  -25.726  -82.373  -11.545 0.6000000238
7213  -26.657  -82.160  -11.296 0.6000000238
7771  -27.668  -81.307  -10.314 0.6000000238
8412  -27.568  -80.543  -9.861 0.6000000238
129403  -23.891  -82.352  -13.380 0.6000000238
7231  -24.469  -82.432  -12.746 0.6000000238
124666  -26.083  -82.442  -10.627 0.5000000000
129134  -26.214  -82.447  -9.849 0.6000000238
8411  -26.944  -80.491  -9.377 0.6000000238
7211  -24.795  -82.531  -11.780 0.5000000000
7288  -20.868  -81.916  -15.593 0.6999999881
115064  -21.806  -82.510  -12.989 0.6999999881
122239  -22.909  -82.504  -12.059 0.5000000000
118704  -24.226  -82.699  -11.071 0.6000000238
7195  -24.686  -82.781  -10.237 0.5000000000
7181  -25.744  -82.592  -9.163 0.5000000000
7194  -23.771  -82.804  -10.305 0.6000000238
11544  -16.308  -75.534  -12.514 0.6000000238
127289  -16.839  -76.232  -12.788 0.6000000238
10897  -16.921  -76.656  -13.670 0.6000000238
8494  -30.946  -80.193  -17.255 0.5000000000
112171  -30.422  -80.569  -16.250 0.5000000000
8495  -31.717  -79.953  -16.862 0.5000000000
9113  -32.450  -79.367  -18.866 0.5000000000
9118  -32.456  -79.602  -19.615 0.4000000060
7828  -28.756  -81.696  -13.864 0.5000000000
118100  -29.777  -80.994  -14.704 0.5000000000
8471  -30.557  -80.436  -14.229 0.5000000000
9120  -33.843  -79.532  -19.552 0.4000000060
9116  -34.779  -79.137  -19.436 0.4000000060
8470  -29.954  -80.799  -13.637 0.5000000000
8461  -30.555  -80.139  -13.297 0.5000000000
7881  -33.758  -80.566  -19.504 0.4000000060
8513  -35.147  -79.618  -19.214 0.4000000060
8507  -36.054  -79.273  -18.723 0.4000000060
7792  -28.644  -81.383  -12.388 0.5000000000
7793  -29.278  -80.725  -12.198 0.5000000000
8460  -29.981  -80.512  -12.731 0.5000000000
8505  -34.583  -80.464  -19.058 0.4000000060
7782  -28.706  -80.949  -11.609 0.6000000238
8438  -29.147  -80.263  -11.541 0.6000000238
9040  -28.459  -79.824  -10.661 0.6000000238
9052  -28.754  -79.235  -11.158 0.5000000000
118770  -26.793  -78.524  -10.736 0.4000000060
9630  -27.872  -78.939  -10.767 0.4000000060
9642  -27.346  -78.369  -11.806 0.4000000060
9026  -26.646  -79.631  -9.380 0.6000000238
9629  -27.052  -78.987  -9.927 0.6000000238
131643  -25.966  -78.366  -10.674 0.5000000000
9641  -26.263  -78.474  -11.558 0.4000000060
9656  -25.664  -78.897  -12.432 0.4000000060
7287  -20.071  -82.083  -16.440 0.6999999881
7760  -26.577  -81.264  -9.005 0.6000000238
9619  -26.304  -78.988  -9.558 0.5000000000
9640  -25.209  -78.768  -11.360 0.4000000060
7208  -21.942  -82.511  -12.185 0.6000000238
116212  -25.068  -82.816  -9.533 0.5000000000
7167  -26.060  -81.916  -8.694 0.5000000000
9016  -25.934  -79.382  -9.010 0.5000000000
9626  -24.326  -78.146  -10.299 0.5000000000
118315  -24.579  -78.442  -10.976 0.4000000060
9639  -24.272  -78.993  -11.634 0.4000000060
7210  -23.180  -82.698  -11.159 0.6000000238
8394  -25.642  -80.578  -8.079 0.5000000000
12228  -15.695  -74.227  -11.725 0.6999999881
12243  -16.590  -74.948  -11.789 0.6000000238
12230  -16.804  -74.480  -11.086 0.6999999881
10889  -16.964  -75.692  -12.067 0.6000000238
12201  -17.534  -74.338  -9.737 0.6000000238
10293  -17.627  -76.975  -12.831 0.6000000238
10875  -17.596  -75.852  -10.508 0.6000000238
11530  -17.888  -75.085  -9.847 0.6000000238
12183  -18.434  -74.279  -8.728 0.6000000238
12184  -19.019  -74.643  -8.233 0.6000000238
10303  -17.428  -77.432  -13.739 0.5000000000
10284  -17.777  -76.910  -11.836 0.6000000238
10876  -18.054  -76.784  -10.083 0.6000000238
10869  -18.162  -75.953  -9.660 0.6000000238
11501  -18.670  -74.999  -8.838 0.6000000238
9668  -17.724  -78.204  -13.753 0.5000000000
10285  -18.199  -77.756  -12.071 0.5000000000
125926  -18.586  -76.776  -9.290 0.5000000000
11502  -19.112  -75.557  -8.295 0.5000000000
131983  -30.473  -80.588  -15.188 0.4000000060
8481  -30.951  -80.304  -15.628 0.5000000000
9109  -33.376  -79.089  -18.142 0.5000000000
9114  -33.396  -79.301  -19.361 0.4000000060
9652  -18.502  -78.581  -12.458 0.5000000000
9637  -18.479  -78.051  -11.189 0.5000000000
10246  -18.909  -77.665  -8.870 0.5000000000
10857  -19.102  -76.709  -8.336 0.5000000000
8472  -31.088  -80.035  -14.842 0.5000000000
9716  -34.809  -78.553  -19.201 0.4000000060
9717  -35.461  -77.986  -18.683 0.4000000060
10353  -36.426  -77.820  -18.330 0.4000000060
9669  -18.288  -78.919  -13.334 0.5000000000
9037  -18.887  -78.907  -11.044 0.5000000000
9624  -18.671  -78.260  -10.348 0.6000000238
9607  -19.269  -78.579  -8.543 0.6000000238
9117  -35.699  -78.927  -19.187 0.4000000060
8436  -19.297  -79.970  -12.195 0.6000000238
9038  -19.260  -79.785  -10.572 0.6000000238
9024  -18.993  -79.069  -10.046 0.6999999881
9076  -30.343  -79.737  -12.578 0.4000000060
9066  -29.841  -79.099  -12.107 0.5000000000
116038  -17.589  -82.406  -15.607 0.6000000238
9644  -29.168  -78.844  -11.661 0.5000000000
116962  -28.189  -78.208  -12.525 0.4000000060
118279  -18.378  -82.813  -15.254 0.6000000238
9643  -28.440  -78.589  -11.668 0.4000000060
7268  -19.046  -83.069  -14.823 0.6000000238
130878  -20.331  -82.640  -14.048 0.6000000238
9673  -25.998  -78.965  -13.598 0.4000000060
7207  -20.979  -82.497  -11.807 0.6000000238
7270  -20.969  -82.278  -14.587 0.6999999881
7193  -22.829  -82.770  -10.206 0.6000000238
7178  -22.593  -82.610  -9.314 0.6000000238
7179  -23.944  -82.648  -8.821 0.5000000000
7156  -25.062  -81.883  -7.830 0.5000000000
12945  -16.215  -73.629  -10.697 0.6999999881
134088  -17.038  -73.972  -9.795 0.6999999881
113321  -17.034  -73.364  -9.164 0.6000000238
130203  -17.861  -73.655  -8.598 0.6000000238
12896  -18.271  -73.515  -7.597 0.6000000238
12168  -18.745  -74.004  -8.045 0.6000000238
12897  -19.120  -73.759  -7.153 0.6999999881
12169  -19.427  -74.337  -7.544 0.6000000238
11492  -19.579  -75.088  -7.729 0.6000000238
9096  -31.685  -79.821  -15.671 0.5000000000
9102  -32.369  -79.562  -16.362 0.5000000000
9108  -32.485  -79.516  -17.470 0.5000000000
9103  -33.133  -79.036  -16.732 0.5000000000
10843  -19.574  -76.105  -7.656 0.6000000238
12170  -20.235  -74.749  -7.181 0.5000000000
9110  -34.142  -78.694  -18.890 0.5000000000
118383  -34.731  -78.135  -18.536 0.4000000060
10225  -19.871  -77.947  -7.284 0.6000000238
118205  -19.665  -77.103  -7.441 0.6000000238
11493  -20.541  -75.734  -6.911 0.5000000000
8462  -31.003  -79.581  -13.948 0.5000000000
7245  -17.719  -81.810  -14.340 0.6000000238
7807  -18.366  -81.491  -13.619 0.4000000060
128169  -18.987  -81.000  -12.759 0.6000000238
9025  -19.330  -79.707  -9.767 0.6000000238
10226  -20.357  -77.468  -6.786 0.6000000238
129948  -30.417  -79.036  -12.676 0.4000000060
121924  -31.024  -78.946  -13.598 0.4000000060
7225  -18.891  -82.007  -13.075 0.5000000000
8448  -19.365  -80.991  -11.747 0.6000000238
117238  -19.485  -80.255  -9.921 0.6999999881
122740  -19.675  -80.156  -9.117 0.6000000238
9013  -19.693  -79.437  -8.378 0.6000000238
122862  -19.825  -78.756  -7.628 0.6000000238
9660  -30.056  -78.435  -12.721 0.5000000000
7246  -18.267  -82.236  -13.877 0.6000000238
7779  -19.827  -81.713  -11.270 0.6000000238
8409  -19.765  -80.930  -9.693 0.6000000238
8366  -20.156  -80.215  -8.230 0.6000000238
8994  -20.492  -79.291  -7.087 0.6000000238
9577  -20.937  -78.109  -6.368 0.6000000238
9659  -29.146  -78.261  -12.356 0.4000000060
7226  -19.639  -82.426  -12.715 0.5000000000
7790  -19.401  -81.837  -12.181 0.6000000238
7759  -20.285  -81.616  -9.707 0.6000000238
7731  -21.076  -80.802  -7.646 0.6000000238
8348  -21.173  -79.699  -6.809 0.6000000238
125037  -19.546  -82.775  -14.162 0.6000000238
7248  -20.158  -82.701  -13.282 0.6000000238
7206  -20.085  -82.290  -11.908 0.6000000238
7177  -20.989  -82.166  -9.917 0.6000000238
128886  -20.989  -81.886  -9.054 0.6000000238
7192  -21.837  -82.625  -9.931 0.6000000238
117898  -22.212  -82.625  -10.862 0.6000000238
7154  -23.797  -82.051  -7.838 0.5000000000
8372  -25.083  -81.100  -7.600 0.5000000000
12944  -15.707  -73.505  -11.004 0.6999999881
12927  -16.364  -73.187  -9.520 0.6999999881
114504  -13.803  -73.378  -10.240 0.6999999881
112940  -15.178  -73.127  -9.135 0.6999999881
12926  -15.627  -73.087  -9.740 0.6999999881
12913  -16.553  -73.127  -8.710 0.6999999881
12895  -17.512  -73.236  -7.765 0.6000000238
12874  -18.091  -73.247  -6.221 0.6000000238
115759  -19.268  -73.662  -5.282 0.5000000000
124184  -18.431  -73.398  -6.853 0.6999999881
123371  -19.751  -73.777  -6.284 0.5000000000
12875  -20.804  -73.853  -6.172 0.5000000000
9097  -32.563  -78.858  -15.565 0.4000000060
9098  -33.410  -78.346  -16.331 0.5000000000
9708  -33.904  -77.615  -17.058 0.5000000000
9712  -34.855  -77.412  -18.017 0.5000000000
121166  -31.376  -78.878  -14.089 0.4000000060
9692  -33.104  -77.861  -15.774 0.4000000060
115598  -21.310  -75.841  -6.559 0.6000000238
10829  -20.798  -76.643  -6.601 0.6000000238
8984  -21.627  -79.278  -6.489 0.6000000238
123512  -21.500  -77.732  -6.268 0.6000000238
7732  -21.752  -81.279  -7.549 0.6000000238
8369  -22.310  -80.657  -6.953 0.6000000238
10207  -22.245  -77.659  -6.322 0.6000000238
7163  -21.822  -82.357  -9.083 0.6000000238
8985  -22.358  -79.242  -6.467 0.5000000000
7153  -23.075  -81.973  -7.860 0.6000000238
8370  -23.234  -80.706  -7.000 0.5000000000
7734  -23.557  -81.464  -7.448 0.5000000000
12942  -12.965  -73.845  -9.709 0.6999999881
12911  -14.372  -73.441  -8.772 0.6999999881
113299  -15.131  -73.196  -8.262 0.6999999881
113298  -16.003  -73.080  -8.146 0.6999999881
128716  -16.040  -73.124  -7.380 0.6000000238
12894  -16.720  -73.068  -7.759 0.6999999881
12873  -17.324  -73.121  -6.369 0.4000000060
12923  -12.468  -74.129  -8.844 0.6999999881
12910  -13.166  -73.709  -8.298 0.6999999881
118572  -14.735  -73.333  -7.279 0.6000000238
12871  -15.402  -73.331  -6.711 0.6000000238
12857  -18.386  -73.590  -5.267 0.5000000000
118328  -10.630  -74.823  -9.508 0.6999999881
130331  -11.419  -74.459  -8.864 0.6999999881
12844  -18.712  -73.540  -4.458 0.5000000000
12182  -10.240  -74.530  -8.769 0.6999999881
116039  -20.288  -73.447  -4.613 0.5000000000
12181  -9.119  -74.577  -8.947 0.6000000238
12906  -8.595  -73.904  -8.756 0.6000000238
112844  -8.442  -73.084  -8.723 0.6000000238
14353  -8.372  -71.649  -8.950 0.5000000000
15072  -9.744  -70.731  -9.421 0.5000000000
10343  -33.578  -77.093  -16.910 0.4000000060
10350  -34.244  -76.659  -17.258 0.4000000060
9579  -22.671  -78.439  -6.481 0.6000000238
12854  -15.724  -73.432  -5.763 0.5000000000
12855  -16.641  -73.426  -5.603 0.5000000000
12869  -13.771  -73.119  -6.739 0.6000000238
12870  -14.567  -73.299  -6.510 0.6000000238
13580  -15.156  -73.248  -5.044 0.6000000238
12842  -16.920  -73.542  -4.681 0.5000000000
12843  -17.826  -73.569  -4.508 0.5000000000
12831  -18.187  -73.270  -3.844 0.5000000000
12908  -10.780  -73.822  -8.138 0.6999999881
133968  -12.217  -73.366  -7.495 0.6000000238
12868  -12.864  -72.685  -6.579 0.6000000238
116760  -13.777  -72.365  -5.561 0.6000000238
14314  -14.013  -71.955  -5.028 0.6000000238
13558  -19.329  -72.781  -3.634 0.5000000000
114285  -11.292  -73.180  -7.494 0.6000000238
13591  -11.701  -71.906  -6.791 0.6000000238
14313  -13.030  -71.057  -5.771 0.6000000238
130572  -13.578  -71.330  -5.316 0.6000000238
12907  -9.649  -73.812  -8.438 0.6000000238
13605  -11.054  -72.463  -7.315 0.6000000238
14322  -11.674  -71.264  -6.954 0.6000000238
15748  -12.470  -70.730  -6.491 0.6000000238
12889  -9.388  -72.963  -8.377 0.6000000238
130499  -10.271  -71.649  -8.130 0.6000000238
15035  -11.799  -70.714  -7.324 0.6000000238
15749  -13.247  -70.021  -6.595 0.6000000238
13617  -9.594  -71.741  -8.768 0.5000000000
14343  -9.929  -70.986  -9.350 0.5000000000
14332  -10.261  -71.034  -9.164 0.5000000000
15049  -11.826  -70.461  -8.514 0.6000000238
15767  -12.529  -70.209  -7.480 0.6000000238
10349  -33.302  -76.252  -17.252 0.4000000060
15058  -8.405  -70.659  -8.870 0.5000000000
15073  -10.570  -70.463  -9.747 0.5000000000
15061  -12.181  -70.238  -9.902 0.6000000238
15786  -12.811  -70.008  -8.859 0.6000000238
15785  -10.150  -69.670  -9.484 0.5000000000
15798  -10.994  -69.830  -9.930 0.5000000000
15074  -11.702  -70.098  -10.270 0.4000000060
15075  -12.377  -70.114  -10.360 0.5000000000
120212  -13.117  -69.863  -10.083 0.6000000238
13570  -16.422  -73.141  -4.163 0.6000000238
13555  -16.781  -72.743  -3.685 0.5000000000
12830  -17.284  -73.256  -3.943 0.5000000000
14305  -15.321  -72.197  -4.011 0.6000000238
126624  -16.662  -72.019  -3.392 0.5000000000
13557  -18.646  -72.715  -3.515 0.5000000000
15017  -14.767  -70.588  -4.448 0.6999999881
117657  -15.593  -70.328  -3.973 0.6999999881
15028  -13.615  -70.714  -5.359 0.6000000238
15016  -14.145  -70.389  -4.999 0.6999999881
15738  -13.925  -69.904  -5.712 0.6999999881
15750  -14.188  -69.376  -6.839 0.6000000238
15769  -14.377  -69.130  -8.157 0.6000000238
16530  -14.964  -68.838  -7.140 0.6999999881
16539  -10.552  -68.530  -8.496 0.5000000000
16552  -10.663  -69.164  -9.493 0.5000000000
15799  -12.156  -69.668  -10.435 0.4000000060
15800  -13.177  -69.397  -10.682 0.6000000238
15787  -13.835  -69.597  -9.249 0.6000000238
16553  -11.166  -68.570  -9.407 0.5000000000
15814  -12.638  -68.730  -10.714 0.4000000060
16581  -13.676  -68.567  -11.045 0.5000000000
130633  -18.408  -72.031  -3.270 0.5000000000
14293  -17.802  -71.594  -3.201 0.5000000000
115302  -16.224  -71.039  -3.523 0.6000000238
16490  -16.768  -69.555  -3.527 0.5000000000
15721  -18.066  -69.339  -3.292 0.5000000000
15731  -15.224  -69.787  -4.458 0.6999999881
15740  -15.203  -69.091  -4.884 0.6999999881
16516  -15.336  -68.570  -5.517 0.6000000238
16540  -14.921  -68.627  -8.259 0.6999999881
121947  -15.319  -68.533  -6.415 0.6000000238
15801  -13.929  -69.371  -10.353 0.6000000238
16555  -15.056  -68.360  -9.184 0.6000000238
17337  -12.138  -67.515  -9.130 0.5000000000
16580  -13.089  -68.482  -10.859 0.4000000060
16569  -14.334  -68.357  -10.985 0.6000000238
18139  -12.738  -66.885  -9.498 0.4000000060
17351  -12.717  -67.717  -10.387 0.4000000060
18148  -14.222  -66.796  -10.914 0.5000000000
17353  -14.523  -67.512  -11.036 0.5000000000
132015  -16.717  -68.754  -3.748 0.6000000238
133274  -17.363  -68.440  -3.593 0.5000000000
114144  -16.182  -68.350  -4.298 0.6000000238
17274  -16.901  -67.996  -3.911 0.5000000000
17287  -15.687  -67.960  -5.034 0.6000000238
17306  -15.748  -67.645  -5.768 0.6000000238
18098  -16.754  -66.770  -4.869 0.5000000000
18124  -15.755  -67.375  -6.375 0.6000000238
16541  -15.289  -68.005  -8.296 0.6999999881
18125  -15.921  -66.586  -6.739 0.5000000000
16554  -14.858  -68.175  -10.329 0.6000000238
17354  -15.199  -67.052  -10.521 0.5000000000
18140  -13.501  -66.196  -9.893 0.4000000060
18149  -14.967  -66.465  -11.000 0.5000000000
127458  -9.763  -59.780  -3.325 0.4000000060
22805  -11.081  -58.834  -4.124 0.3000000119
22804  -10.471  -58.620  -4.540 0.4000000060
18086  -18.290  -66.963  -3.715 0.5000000000
23684  -9.717  -59.117  -4.320 0.3000000119
23685  -10.306  -58.651  -4.827 0.4000000060
18117  -16.839  -66.249  -5.679 0.5000000000
18099  -17.636  -66.414  -4.392 0.5000000000
21970  -10.951  -60.819  -5.935 0.3000000119
22812  -10.059  -59.680  -5.150 0.4000000060
134986  -16.405  -66.372  -6.140 0.5000000000
21167  -11.704  -61.944  -6.228 0.3000000119
18133  -15.733  -66.646  -7.983 0.6000000238
18141  -15.662  -66.658  -9.429 0.6999999881
18887  -15.861  -66.014  -8.621 0.6000000238
18900  -14.495  -65.879  -10.522 0.5000000000
18150  -15.451  -66.099  -10.444 0.5000000000
18901  -15.147  -65.541  -10.616 0.4000000060
18895  -16.188  -64.931  -9.474 0.4000000060
21964  -13.467  -60.937  -4.265 0.3000000119
21963  -12.369  -59.931  -4.099 0.3000000119
23675  -12.195  -58.686  -4.526 0.3000000119
23674  -11.191  -57.975  -4.739 0.4000000060
18857  -17.942  -65.668  -4.873 0.5000000000
22823  -10.849  -59.423  -5.795 0.4000000060
23706  -10.965  -58.222  -5.676 0.4000000060
18872  -17.519  -65.503  -5.785 0.5000000000
21979  -11.924  -61.317  -6.460 0.4000000060
22824  -11.644  -59.271  -6.496 0.4000000060
18880  -16.707  -65.807  -6.551 0.5000000000
19594  -18.171  -64.721  -6.344 0.5000000000
21168  -12.650  -62.027  -6.584 0.4000000060
18881  -16.662  -65.095  -7.513 0.5000000000
18894  -15.877  -65.699  -9.584 0.5000000000
19612  -16.689  -64.478  -8.450 0.5000000000
19618  -13.981  -64.549  -9.366 0.3000000119
19626  -14.905  -63.989  -10.036 0.4000000060
19627  -15.956  -64.486  -10.014 0.4000000060
19620  -16.831  -63.978  -8.594 0.4000000060
21958  -14.387  -61.677  -3.423 0.3000000119
22806  -13.459  -60.071  -4.796 0.3000000119
116233  -13.110  -57.813  -5.348 0.4000000060
23687  -12.099  -57.725  -5.173 0.4000000060
18859  -20.123  -65.506  -4.086 0.4000000060
24494  -11.855  -57.095  -5.808 0.4000000060
19583  -19.678  -64.814  -4.756 0.4000000060
23707  -11.830  -58.119  -6.472 0.4000000060
18873  -18.251  -65.118  -5.471 0.4000000060
117353  -17.432  -64.977  -6.801 0.5000000000
22837  -12.461  -60.284  -7.048 0.4000000060
21185  -14.126  -62.004  -8.162 0.3000000119
134533  -17.293  -64.476  -7.541 0.5000000000
20376  -15.148  -63.514  -9.817 0.3000000119
22807  -14.570  -60.836  -4.635 0.3000000119
22814  -14.555  -59.953  -5.215 0.3000000119
22813  -13.352  -58.869  -5.090 0.3000000119
23688  -14.326  -58.643  -5.578 0.4000000060
24496  -13.391  -57.181  -5.779 0.4000000060
24514  -14.146  -56.732  -6.177 0.3000000119
25320  -12.491  -56.678  -6.008 0.4000000060
19585  -21.891  -65.111  -4.476 0.4000000060
18874  -22.800  -65.352  -4.860 0.4000000060
25319  -12.181  -56.712  -6.268 0.4000000060
19595  -18.927  -64.516  -5.735 0.4000000060
23727  -12.448  -59.306  -7.194 0.3000000119
19605  -18.696  -64.094  -6.838 0.4000000060
21988  -13.330  -61.135  -7.457 0.3000000119
22838  -13.297  -60.274  -7.608 0.3000000119
116715  -14.408  -61.900  -8.788 0.3000000119
20369  -16.246  -63.839  -9.579 0.4000000060
22800  -16.242  -60.341  -3.829 0.3000000119
23689  -15.556  -59.710  -5.500 0.4000000060
24515  -15.269  -57.618  -6.176 0.4000000060
23708  -14.534  -57.796  -5.931 0.4000000060
18875  -23.672  -65.292  -5.444 0.4000000060
114218  -23.246  -64.506  -5.180 0.4000000060
26137  -13.229  -56.044  -6.791 0.4000000060
19598  -21.387  -64.304  -4.831 0.4000000060
24530  -12.215  -57.483  -6.827 0.4000000060
19596  -19.666  -64.138  -5.557 0.4000000060
20348  -20.933  -63.647  -5.475 0.4000000060
23728  -12.627  -58.413  -7.292 0.3000000119
19606  -19.318  -63.820  -6.340 0.4000000060
22850  -14.076  -60.266  -8.152 0.3000000119
20356  -18.827  -63.636  -6.973 0.5000000000
21994  -14.006  -61.144  -8.162 0.3000000119
21995  -14.669  -61.227  -8.746 0.3000000119
19614  -18.294  -63.864  -7.453 0.5000000000
21194  -15.752  -62.542  -9.499 0.3000000119
21178  -17.629  -63.185  -7.932 0.4000000060
124622  -15.541  -63.952  -10.085 0.4000000060
23676  -16.643  -59.994  -4.540 0.3000000119
25337  -15.075  -56.400  -6.392 0.3000000119
26138  -14.102  -55.919  -6.736 0.3000000119
19599  -24.124  -64.509  -5.563 0.4000000060
116785  -13.359  -56.056  -7.127 0.3000000119
114943  -22.347  -64.404  -4.861 0.4000000060
125253  -23.649  -63.782  -5.342 0.3000000119
25355  -13.332  -56.778  -7.363 0.3000000119
20347  -20.046  -63.611  -5.813 0.4000000060
126501  -21.836  -63.661  -5.206 0.4000000060
23740  -14.418  -58.853  -8.332 0.3000000119
114491  -15.311  -59.092  -8.623 0.3000000119
134803  -15.020  -61.653  -9.191 0.3000000119
21997  -16.538  -61.503  -8.582 0.3000000119
21189  -16.815  -62.608  -8.562 0.3000000119
26158  -14.032  -55.711  -7.192 0.3000000119
126656  -15.359  -54.711  -7.302 0.3000000119
26175  -14.533  -55.792  -7.757 0.3000000119
132613  -23.294  -63.317  -5.306 0.3000000119
123149  -22.196  -62.946  -5.366 0.4000000060
20350  -23.005  -62.870  -5.308 0.4000000060
24545  -15.773  -58.375  -8.722 0.3000000119
20358  -20.505  -63.102  -5.949 0.4000000060
21161  -21.703  -62.278  -5.575 0.4000000060
23741  -15.707  -60.002  -8.726 0.3000000119
22853  -16.077  -60.733  -8.811 0.3000000119
21170  -18.924  -63.166  -7.016 0.3000000119
21989  -17.462  -61.992  -7.796 0.3000000119
122514  -16.130  -57.798  -8.783 0.3000000119
118536  -16.091  -59.225  -8.690 0.3000000119
21160  -20.952  -62.440  -5.927 0.3000000119
21973  -22.974  -61.441  -5.391 0.3000000119
23743  -16.739  -59.375  -8.385 0.3000000119
21983  -19.845  -61.723  -6.385 0.3000000119
118534  -17.059  -60.960  -7.966 0.3000000119
21982  -19.067  -61.696  -6.691 0.3000000119
25376  -17.764  -56.538  -8.615 0.3000000119
26179  -17.988  -55.416  -8.805 0.3000000119
24547  -17.136  -58.408  -8.421 0.3000000119
21984  -20.626  -61.736  -6.089 0.3000000119
25358  -18.257  -57.472  -8.009 0.3000000119
26159  -18.656  -56.487  -8.239 0.3000000119
21188  -16.281  -63.011  -9.313 0.4000000060
21187  -14.815  -62.265  -9.267 0.3000000119
21996  -15.332  -62.017  -9.363 0.3000000119
4610  -30.736  -87.323  -16.842 0.6000000238
4049  -29.553  -88.412  -15.680 0.5000000000
3559  -29.436  -89.974  -15.421 0.5000000000
113988  -29.129  -89.263  -14.867 0.5000000000
118043  -27.995  -87.249  -11.741 0.5000000000
5201  -31.404  -86.772  -18.413 0.6999999881
6257  -31.042  -84.668  -17.524 0.6999999881
5202  -30.908  -86.403  -18.878 0.6999999881
4561  -27.940  -87.485  -12.667 0.4000000060
5698  -28.683  -85.012  -14.075 0.5000000000
3971  -31.089  -89.376  -8.763 0.3000000119
6205  -29.257  -83.819  -13.614 0.5000000000
7276  -30.560  -82.587  -14.099 0.3000000119
6764  -31.043  -83.011  -18.947 0.6000000238
116416  -30.471  -84.489  -19.287 0.6000000238
5747  -29.785  -85.443  -19.428 0.6999999881
5013  -30.572  -86.769  -4.770 0.3000000119
5744  -29.332  -85.869  -19.011 0.6999999881
5715  -29.739  -85.166  -15.696 0.5000000000
5168  -29.086  -86.530  -14.947 0.6000000238
4048  -28.702  -88.210  -14.609 0.5000000000
6255  -26.596  -84.380  -17.401 0.5000000000
5198  -28.707  -87.245  -18.423 0.5000000000
3988  -31.750  -89.209  -9.508 0.3000000119
6741  -24.859  -83.590  -18.144 0.6000000238
4622  -27.625  -87.558  -18.083 0.5000000000
6703  -32.932  -83.364  -12.491 0.3000000119
6243  -30.747  -84.469  -16.647 0.5000000000
4527  -32.175  -88.714  -10.097 0.3000000119
5185  -27.173  -87.068  -17.401 0.5000000000
7879  -32.307  -81.090  -19.855 0.4000000060
4460  -33.091  -88.013  -4.579 0.3000000119
7841  -26.477  -81.728  -15.705 0.6000000238
7838  -22.703  -81.935  -16.172 0.6999999881
122178  -23.733  -82.145  -14.205 0.6000000238
7230  -23.479  -82.459  -12.746 0.6000000238
7825  -26.831  -81.862  -14.707 0.6000000238
8520  -34.236  -79.862  -19.523 0.4000000060
7810  -28.419  -81.781  -13.145 0.6000000238
7811  -29.285  -81.274  -13.100 0.5000000000
7232  -26.248  -82.190  -12.208 0.6000000238
7269  -19.965  -82.519  -14.991 0.6000000238
7228  -21.058  -82.586  -12.697 0.6999999881
10882  -17.357  -76.172  -11.456 0.6000000238
114275  -31.134  -80.251  -16.337 0.4000000060
9077  -30.722  -79.350  -13.159 0.4000000060
9658  -27.387  -78.257  -13.018 0.4000000060
8395  -26.226  -80.287  -8.785 0.4000000060
7298  -19.252  -82.554  -16.894 0.6000000238
11529  -17.304  -74.815  -10.467 0.6000000238
10274  -18.262  -77.488  -10.589 0.6000000238
9104  -34.045  -78.358  -17.522 0.5000000000
9049  -18.931  -79.128  -11.931 0.5000000000
10844  -20.107  -76.469  -7.058 0.6000000238
125745  -18.802  -79.883  -13.096 0.4000000060
7191  -21.257  -82.420  -10.806 0.5000000000
10297  -30.210  -78.063  -13.333 0.5000000000
8410  -20.213  -81.109  -8.796 0.6000000238
7780  -20.523  -82.212  -11.250 0.5000000000
12180  -8.010  -74.446  -9.305 0.6000000238
15797  -10.028  -70.185  -9.605 0.5000000000
13579  -14.402  -72.769  -5.284 0.5000000000
13592  -12.547  -72.096  -6.358 0.6000000238
13578  -13.227  -71.774  -5.739 0.6000000238
14304  -14.657  -71.661  -4.405 0.6000000238
13604  -10.247  -72.369  -7.842 0.6000000238
16551  -9.857  -69.173  -8.545 0.5000000000
15006  -16.927  -70.414  -3.312 0.5000000000
16531  -15.297  -68.359  -7.276 0.6000000238
17350  -11.857  -68.190  -9.787 0.5000000000
113114  -15.567  -67.325  -8.504 0.6000000238
22797  -9.569  -59.378  -3.759 0.3000000119
17288  -16.446  -67.581  -4.501 0.5000000000
18892  -13.810  -65.281  -9.645 0.3000000119
18101  -19.344  -65.654  -4.142 0.4000000060
18858  -18.745  -65.261  -4.821 0.4000000060
126576  -15.326  -64.637  -10.323 0.4000000060
19611  -14.293  -63.865  -9.528 0.3000000119
20363  -17.624  -63.768  -7.871 0.5000000000
19584  -20.831  -65.050  -4.357 0.4000000060
22815  -15.558  -60.492  -5.021 0.3000000119
23739  -13.544  -58.639  -7.834 0.3000000119
20357  -19.593  -63.229  -6.440 0.4000000060
20370  -16.849  -63.515  -8.602 0.3000000119
24543  -13.852  -57.833  -7.979 0.3000000119
21179  -18.345  -62.792  -7.450 0.4000000060
23668  -17.094  -59.312  -4.450 0.3000000119
127570  -15.544  -57.557  -8.670 0.3000000119
21172  -20.173  -62.504  -6.230 0.4000000060
124241  -16.701  -57.597  -8.777 0.3000000119
4597  -22.761  -88.214  -15.491 0.5000000000
4618  -23.799  -87.984  -17.073 0.5000000000
4607  -24.831  -87.878  -16.953 0.5000000000
119037  -25.062  -87.718  -17.913 0.4000000060
4056  -21.959  -88.146  -14.844 0.5000000000
4587  -23.834  -88.081  -15.058 0.5000000000
114945  -24.537  -88.074  -15.787 0.5000000000
4608  -25.689  -87.730  -16.905 0.5000000000
4609  -26.461  -87.464  -17.092 0.4000000060
4575  -22.779  -87.449  -13.310 0.4000000060
4586  -23.073  -87.908  -14.269 0.5000000000
4598  -25.001  -87.460  -15.298 0.5000000000
5183  -26.049  -86.981  -16.256 0.4000000060
4576  -23.542  -87.245  -13.611 0.5000000000
4588  -24.453  -87.101  -14.307 0.5000000000
116422  -24.531  -87.612  -14.843 0.5000000000
5166  -24.268  -86.465  -14.153 0.5000000000
5175  -24.842  -86.774  -14.756 0.5000000000
5714  -25.027  -85.963  -15.281 0.5000000000
5730  -25.697  -86.035  -15.844 0.4000000060
5153  -23.662  -86.458  -13.546 0.5000000000
5713  -24.411  -85.693  -14.658 0.5000000000
6228  -24.631  -85.159  -15.328 0.5000000000
6241  -25.748  -85.115  -16.321 0.5000000000
5694  -20.528  -85.423  -14.858 0.5000000000
5697  -23.159  -85.641  -13.633 0.5000000000
5696  -22.241  -85.394  -13.625 0.5000000000
5712  -23.504  -85.283  -14.503 0.5000000000
6226  -22.814  -85.025  -15.330 0.5000000000
6227  -23.769  -84.841  -15.429 0.5000000000
6238  -22.848  -84.710  -16.240 0.5000000000
6240  -24.497  -84.618  -16.018 0.5000000000
122837  -25.121  -84.523  -16.355 0.5000000000
5711  -21.263  -85.256  -15.354 0.5000000000
5710  -20.754  -85.321  -15.893 0.5000000000
5739  -19.647  -85.064  -17.584 0.5000000000
5729  -22.224  -84.989  -16.051 0.5000000000
6236  -21.218  -84.590  -17.385 0.5000000000
6249  -20.384  -84.387  -17.878 0.5000000000
6237  -22.066  -84.790  -16.921 0.5000000000
6250  -21.804  -84.056  -17.900 0.5000000000
6239  -23.594  -84.475  -16.640 0.5000000000
6251  -22.705  -84.399  -17.275 0.5000000000
6253  -24.404  -84.197  -17.206 0.5000000000
116884  -18.530  -83.029  -17.965 0.5000000000
7307  -19.406  -82.508  -17.910 0.6000000238
6263  -20.253  -83.755  -18.381 0.5000000000
129533  -20.965  -84.040  -18.242 0.5000000000
118142  -20.687  -82.625  -18.117 0.5000000000
6750  -21.646  -82.852  -18.482 0.5000000000
6252  -23.294  -83.972  -17.745 0.5000000000
6739  -22.807  -83.300  -18.637 0.5000000000
7286  -17.898  -82.673  -16.252 0.5000000000
133304  -18.566  -82.777  -16.179 0.5000000000
7308  -20.142  -82.003  -18.111 0.6000000238
11573  -14.766  -75.794  -14.238 0.5000000000
11558  -15.377  -75.714  -13.653 0.6000000238
11572  -13.863  -75.868  -14.613 0.5000000000
11557  -14.813  -75.270  -13.463 0.5000000000
12256  -15.243  -75.097  -12.784 0.6000000238
12255  -14.764  -74.640  -12.650 0.6000000238
12254  -14.158  -75.031  -13.415 0.5000000000
127758  -13.967  -74.580  -12.883 0.6000000238
12240  -13.178  -74.355  -12.661 0.5000000000
12960  -15.219  -73.879  -11.754 0.6000000238
12959  -14.399  -73.532  -11.486 0.6000000238
119140  -12.352  -74.304  -12.384 0.5000000000
12215  -13.194  -73.860  -11.643 0.6000000238
12943  -14.519  -73.212  -10.761 0.6000000238
128357  -11.113  -74.693  -11.829 0.5000000000
133614  -13.214  -73.661  -10.642 0.5000000000
12199  -9.951  -75.087  -10.348 0.5000000000
11517  -8.894  -75.344  -10.412 0.6000000238
12196  -6.935  -75.203  -9.539 0.6000000238
11515  -7.025  -75.669  -10.268 0.5000000000
12200  -11.493  -74.645  -9.885 0.6000000238
12214  -12.345  -74.130  -10.567 0.5000000000
12198  -8.525  -75.116  -9.671 0.5000000000
12904  -6.782  -73.619  -8.865 0.6000000238
12179  -7.264  -74.432  -9.169 0.6000000238
13615  -7.870  -72.444  -8.844 0.6000000238
4551  -32.728  -88.317  -11.347 0.3000000119
4562  -33.384  -88.213  -12.401 0.3000000119
5653  -32.652  -85.483  -11.881 0.3000000119
5143  -35.420  -87.021  -13.249 0.3000000119
5667  -33.212  -85.549  -12.524 0.3000000119
5637  -32.696  -86.371  -11.481 0.3000000119
122394  -32.613  -87.213  -11.143 0.3000000119
6265  -22.009  -83.283  -18.536 0.5000000000
7309  -21.035  -82.159  -17.970 0.5000000000
10896  -16.216  -76.506  -14.212 0.5000000000
4599  -25.348  -87.618  -15.992 0.4000000060
5176  -25.364  -86.870  -15.502 0.5000000000
131100  -23.872  -85.846  -14.023 0.5000000000
121425  -21.266  -85.364  -13.603 0.5000000000
5695  -21.625  -85.228  -14.515 0.5000000000
116728  -19.920  -85.452  -16.198 0.5000000000
5727  -20.591  -85.060  -16.900 0.5000000000
5728  -21.449  -85.069  -16.278 0.5000000000
6749  -20.740  -83.295  -18.246 0.5000000000
5125  -32.896  -87.671  -11.968 0.3000000119
5681  -34.353  -85.674  -13.629 0.3000000119
5141  -33.774  -87.522  -12.812 0.3000000119
5140  -33.260  -86.657  -12.221 0.3000000119
120561  -33.733  -86.449  -13.038 0.3000000119
5155  -34.486  -86.595  -13.424 0.3000000119
21162  -22.547  -62.167  -5.398 0.3000000119
2305  -28.589  -92.709  -14.267 0.5000000000
2313  -28.901  -91.788  -15.404 0.5000000000
2681  -28.660  -92.327  -13.720 0.5000000000
3100  -28.833  -91.277  -13.548 0.5000000000
3108  -29.061  -90.898  -14.635 0.6000000238
3478  -31.839  -89.740  -7.974 0.3000000119
3497  -32.068  -89.731  -8.596 0.3000000119
3569  -30.510  -88.991  -16.822 0.6000000238
3587  -30.269  -89.311  -17.706 0.5000000000
3601  -29.981  -89.426  -18.076 0.5000000000
3958  -30.478  -88.857  -7.552 0.3000000119
3959  -31.027  -89.470  -7.976 0.3000000119
4065  -30.625  -88.181  -17.383 0.6999999881
4459  -31.843  -87.203  -4.681 0.3000000119
4487  -29.931  -88.393  -7.057 0.3000000119
4497  -29.369  -87.744  -6.978 0.3000000119
4511  -30.678  -87.995  -8.191 0.3000000119
4512  -31.265  -88.460  -8.871 0.3000000119
4542  -32.566  -88.733  -10.648 0.3000000119
4577  -24.078  -86.961  -13.883 0.5000000000
4585  -22.157  -87.959  -13.776 0.4000000060
4606  -23.558  -88.281  -15.996 0.5000000000
4623  -30.972  -87.662  -17.948 0.6999999881
4980  -34.648  -86.743  -2.599 0.3000000119
5069  -30.686  -86.630  -8.078 0.3000000119
5124  -28.298  -86.409  -11.592 0.5000000000
5126  -33.232  -87.820  -12.459 0.3000000119
5156  -35.144  -86.447  -13.725 0.3000000119
5167  -28.471  -86.002  -13.956 0.5000000000
5186  -30.784  -86.577  -16.746 0.6000000238
5200  -30.787  -86.933  -19.037 0.6999999881
5602  -30.295  -85.585  -8.086 0.3000000119
5621  -31.241  -85.403  -9.692 0.4000000060
5636  -31.268  -85.092  -10.637 0.4000000060
5651  -29.623  -84.949  -10.966 0.4000000060
5668  -33.671  -85.399  -13.168 0.3000000119
5680  -28.349  -85.173  -13.163 0.5000000000
5745  -30.297  -86.286  -19.179 0.6999999881
6183  -30.342  -84.247  -11.559 0.4000000060
6185  -31.773  -84.664  -11.727 0.4000000060
6196  -28.680  -84.607  -12.541 0.5000000000
6217  -29.130  -84.403  -14.202 0.5000000000
6229  -25.163  -85.124  -15.755 0.5000000000
6264  -21.173  -83.488  -18.375 0.5000000000
6687  -30.476  -83.701  -11.966 0.4000000060
6698  -29.067  -83.864  -12.864 0.4000000060
6702  -32.056  -83.236  -12.200 0.3000000119
6709  -29.522  -83.218  -13.126 0.4000000060
6720  -29.823  -83.297  -14.058 0.5000000000
6730  -29.919  -83.791  -15.047 0.4000000060
6758  -25.405  -82.888  -20.059 0.6999999881
6759  -26.729  -83.466  -20.064 0.6000000238
6767  -28.575  -83.183  -20.374 0.6000000238
7155  -24.447  -82.349  -8.171 0.5000000000
7164  -22.602  -82.310  -8.470 0.6000000238
7165  -23.518  -82.381  -8.294 0.5000000000
7166  -25.355  -82.275  -8.402 0.5000000000
7180  -24.856  -82.725  -8.873 0.5000000000
7182  -26.539  -82.057  -9.368 0.6000000238
7183  -27.136  -81.353  -9.631 0.6000000238
7196  -25.533  -82.702  -10.033 0.5000000000
7197  -26.932  -82.070  -10.252 0.6000000238
7209  -22.410  -82.548  -11.538 0.6000000238
7227  -20.368  -82.535  -12.477 0.6000000238
7229  -22.592  -82.468  -12.845 0.5000000000
7234  -29.995  -82.813  -12.803 0.3000000119
7237  -32.528  -82.605  -12.498 0.3000000119
7247  -19.138  -82.549  -13.541 0.5000000000
7249  -21.201  -82.541  -13.630 0.6999999881
7250  -22.221  -82.375  -13.612 0.6999999881
7254  -26.038  -82.135  -13.535 0.6000000238
7257  -30.529  -82.349  -13.141 0.3000000119
7267  -17.838  -82.452  -14.660 0.6000000238
7289  -22.305  -82.117  -15.168 0.6999999881
7290  -24.021  -81.895  -15.092 0.6000000238
7293  -31.661  -82.267  -15.572 0.3000000119
7317  -21.695  -82.321  -18.318 0.5000000000
7322  -24.494  -82.194  -19.410 0.6999999881
7733  -22.692  -81.373  -7.411 0.5000000000
7735  -24.373  -81.679  -7.605 0.5000000000
7747  -21.026  -81.304  -8.220 0.6000000238
7748  -21.750  -81.896  -8.340 0.6000000238
7749  -22.356  -81.823  -7.895 0.6000000238
7750  -25.597  -81.511  -8.135 0.5000000000
7758  -19.847  -81.344  -10.446 0.6000000238
7770  -20.428  -81.954  -10.554 0.5000000000
7781  -28.101  -81.565  -11.764 0.6000000238
7795  -31.776  -81.668  -13.146 0.3000000119
7814  -33.372  -81.590  -13.097 0.3000000119
7826  -27.589  -81.817  -14.803 0.6000000238
7830  -32.785  -81.130  -14.352 0.3000000119
7837  -21.752  -81.852  -15.913 0.6999999881
7839  -24.194  -81.791  -15.988 0.6000000238
7853  -20.564  -81.803  -17.490 0.6000000238
7864  -22.135  -81.588  -17.867 0.6000000238
7870  -28.370  -80.525  -17.942 0.5000000000
7874  -22.303  -81.829  -18.468 0.6000000238
7885  -28.110  -80.336  -19.838 0.5000000000
7888  -25.780  -81.499  -19.987 0.6999999881
7892  -29.608  -80.640  -20.099 0.5000000000
8349  -21.976  -79.928  -6.574 0.5000000000
8367  -20.701  -80.140  -7.473 0.6000000238
8368  -21.458  -80.458  -7.090 0.6000000238
8371  -24.223  -80.665  -7.270 0.5000000000
8393  -20.616  -80.724  -8.058 0.6000000238
8423  -19.501  -80.635  -10.480 0.6000000238
8425  -28.643  -80.469  -11.010 0.6000000238
8426  -28.893  -79.873  -11.143 0.5000000000
8437  -19.390  -80.325  -11.260 0.6000000238
8449  -29.795  -80.043  -11.990 0.5000000000
8508  -27.378  -80.186  -19.521 0.5000000000
8509  -28.281  -80.008  -19.537 0.5000000000
8519  -33.422  -79.988  -19.826 0.4000000060
8993  -20.159  -79.581  -7.730 0.6000000238
9027  -27.271  -79.845  -9.685 0.6000000238
9050  -19.203  -79.608  -11.432 0.6000000238
9051  -24.769  -79.227  -12.314 0.4000000060
9053  -29.308  -79.574  -11.556 0.6000000238
9063  -18.806  -79.293  -12.607 0.5000000000
9115  -34.220  -79.027  -19.442 0.4000000060
9119  -33.140  -79.700  -19.732 0.4000000060
9578  -21.736  -78.500  -6.316 0.6000000238
9591  -20.381  -78.445  -6.873 0.6000000238
9614  -18.899  -78.413  -9.447 0.6999999881
9615  -19.265  -79.242  -9.193 0.6000000238
9618  -25.585  -78.815  -9.425 0.5000000000
9627  -25.178  -78.505  -10.217 0.5000000000
9628  -26.192  -78.520  -10.026 0.5000000000
9651  -18.056  -77.925  -13.056 0.5000000000
9657  -26.565  -78.509  -12.670 0.4000000060
9677  -30.636  -78.607  -13.276 0.5000000000
9718  -35.379  -78.597  -19.194 0.4000000060
9719  -35.934  -78.355  -18.893 0.4000000060
10206  -21.029  -77.398  -6.381 0.6000000238
10208  -22.990  -77.561  -6.609 0.6000000238
10247  -19.378  -77.813  -7.967 0.6000000238
10262  -18.538  -77.583  -9.762 0.6000000238
10273  -17.793  -76.796  -10.929 0.6000000238
10830  -21.678  -76.878  -6.344 0.6000000238
10906  -14.508  -76.440  -14.989 0.5000000000
11513  -6.687  -75.443  -9.264 0.6000000238
11514  -6.717  -75.781  -9.859 0.5000000000
11538  -17.093  -75.267  -11.269 0.6000000238
11556  -13.488  -75.416  -14.064 0.5000000000
11559  -16.120  -76.058  -13.408 0.5000000000
12153  -20.056  -74.078  -6.905 0.6000000238
12197  -7.567  -75.158  -9.718 0.6000000238
12202  -18.169  -74.619  -9.285 0.6000000238
12216  -16.469  -73.917  -10.816 0.6999999881
12226  -11.957  -74.223  -11.722 0.5000000000
12227  -14.194  -74.096  -12.224 0.6000000238
12229  -16.244  -74.321  -11.470 0.6999999881
12241  -15.345  -74.512  -12.151 0.6000000238
12242  -15.850  -74.867  -12.136 0.6000000238
12257  -15.680  -75.464  -12.895 0.6000000238
12832  -19.059  -73.256  -3.898 0.5000000000
12841  -16.023  -73.434  -4.882 0.5000000000
12845  -19.568  -73.515  -4.504 0.5000000000
12853  -14.855  -73.336  -5.852 0.6000000238
12856  -17.526  -73.515  -5.428 0.5000000000
12872  -16.485  -73.128  -6.686 0.6000000238
12890  -10.358  -73.096  -7.815 0.6000000238
12891  -13.010  -73.249  -7.235 0.6000000238
12892  -14.067  -73.396  -7.785 0.6000000238
12893  -15.473  -73.221  -7.568 0.6999999881
12905  -7.569  -73.469  -8.962 0.6000000238
12909  -11.884  -73.867  -8.082 0.6999999881
12912  -15.864  -73.003  -8.956 0.6999999881
12914  -17.159  -73.259  -8.440 0.6000000238
12924  -13.720  -73.637  -9.296 0.6999999881
12925  -14.655  -73.184  -9.817 0.6999999881
12928  -17.336  -73.801  -9.390 0.6999999881
12929  -17.904  -74.110  -9.159 0.6000000238
12946  -16.657  -73.608  -9.999 0.6999999881
12958  -13.833  -73.410  -10.998 0.6000000238
12961  -15.940  -73.864  -11.246 0.6999999881
13556  -17.621  -72.503  -3.424 0.5000000000
13559  -19.824  -72.475  -3.642 0.5000000000
13568  -14.801  -72.517  -4.616 0.5000000000
13569  -15.598  -72.911  -4.373 0.6000000238
13577  -12.434  -71.457  -6.334 0.6000000238
13593  -13.309  -72.499  -6.054 0.6000000238
13594  -14.068  -72.958  -5.956 0.6000000238
13606  -11.989  -72.654  -6.916 0.6000000238
13616  -8.797  -72.182  -8.845 0.6000000238
14291  -16.068  -72.530  -3.796 0.6000000238
14292  -17.093  -71.280  -3.230 0.5000000000
14295  -19.248  -72.038  -3.382 0.5000000000
14303  -14.057  -71.136  -4.840 0.6000000238
14333  -10.944  -71.793  -7.384 0.6000000238
14354  -9.278  -71.338  -9.117 0.5000000000
15005  -16.266  -70.105  -3.655 0.5000000000
15007  -17.755  -70.709  -3.185 0.5000000000
15018  -15.354  -71.294  -3.927 0.6000000238
15027  -13.208  -70.498  -5.904 0.6000000238
15048  -10.956  -71.030  -7.972 0.6000000238
15059  -9.194  -70.445  -9.208 0.5000000000
15060  -11.155  -70.489  -9.548 0.6000000238
15084  -12.671  -69.564  -10.604 0.4000000060
15720  -17.566  -69.838  -3.290 0.5000000000
15732  -15.892  -69.282  -4.092 0.6000000238
15739  -14.607  -69.702  -4.983 0.6999999881
15768  -13.472  -69.638  -7.797 0.6000000238
15784  -9.432  -69.832  -9.045 0.5000000000
15788  -14.616  -69.037  -9.557 0.6000000238
15802  -14.374  -68.839  -10.619 0.6000000238
15815  -13.181  -69.106  -10.926 0.5000000000
16491  -17.421  -69.072  -3.443 0.5000000000
16504  -15.593  -68.621  -4.715 0.6999999881
16515  -14.842  -69.087  -5.914 0.6000000238
16566  -11.625  -68.988  -10.125 0.4000000060
16567  -12.356  -68.476  -10.424 0.4000000060
16568  -13.862  -68.868  -11.026 0.6000000238
16582  -14.076  -68.249  -11.105 0.5000000000
17289  -17.231  -67.201  -4.051 0.5000000000
17307  -16.090  -67.317  -5.128 0.6000000238
17321  -15.559  -68.060  -6.516 0.6000000238
17328  -15.571  -67.553  -7.346 0.6999999881
17336  -11.385  -68.015  -8.788 0.5000000000
17338  -15.321  -67.614  -9.423 0.6000000238
17352  -13.782  -67.778  -11.012 0.5000000000
18100  -18.504  -66.023  -4.202 0.4000000060
18116  -16.142  -66.850  -5.747 0.5000000000
18134  -16.045  -65.848  -7.577 0.6000000238
18147  -13.424  -67.036  -10.567 0.5000000000
18888  -16.216  -65.313  -8.565 0.6000000238
18893  -14.564  -64.774  -10.106 0.4000000060
18902  -15.698  -65.234  -10.236 0.4000000060
19597  -20.407  -64.190  -5.099 0.4000000060
19604  -18.053  -64.303  -7.232 0.5000000000
19613  -17.571  -64.001  -7.871 0.5000000000
19619  -16.426  -64.353  -9.360 0.4000000060
20349  -22.803  -63.646  -5.179 0.3000000119
20364  -18.340  -63.562  -7.452 0.5000000000
20368  -14.430  -63.284  -9.201 0.3000000119
20375  -14.668  -63.475  -9.568 0.3000000119
20377  -15.660  -63.326  -9.762 0.3000000119
21171  -19.430  -62.506  -6.616 0.3000000119
21176  -14.049  -62.577  -7.769 0.3000000119
21186  -14.522  -62.738  -9.102 0.3000000119
21193  -15.229  -62.879  -9.589 0.3000000119
21965  -14.212  -61.358  -4.031 0.3000000119
21980  -12.586  -61.197  -6.863 0.4000000060
21981  -13.411  -61.870  -7.228 0.3000000119
22803  -9.441  -59.465  -3.822 0.3000000119
22808  -15.420  -60.907  -4.412 0.3000000119
22809  -16.090  -60.581  -4.509 0.3000000119
22811  -9.494  -59.966  -4.374 0.3000000119
22851  -14.835  -60.000  -8.537 0.3000000119
22852  -15.390  -61.077  -8.925 0.3000000119
23666  -10.071  -59.034  -3.793 0.4000000060
23673  -9.756  -58.885  -4.098 0.3000000119
23686  -11.369  -57.662  -5.371 0.4000000060
23690  -16.408  -59.996  -5.179 0.3000000119
23709  -15.421  -58.718  -5.902 0.4000000060
23742  -16.255  -59.944  -8.613 0.3000000119
24495  -12.483  -57.179  -5.594 0.4000000060
24512  -11.406  -57.579  -5.680 0.4000000060
24513  -11.891  -57.092  -6.264 0.4000000060
24531  -12.960  -57.638  -7.339 0.4000000060
24544  -14.832  -57.937  -8.491 0.3000000119
24546  -16.472  -58.476  -8.643 0.3000000119
25334  -12.446  -56.793  -6.753 0.4000000060
25335  -12.674  -56.451  -6.513 0.4000000060
25336  -13.212  -56.415  -6.323 0.4000000060
25356  -13.947  -56.203  -7.624 0.3000000119
25357  -17.441  -57.490  -8.524 0.3000000119
25373  -14.111  -57.036  -8.041 0.3000000119
26919  -14.709  -55.316  -7.106 0.3000000119
111874  -19.871  -81.928  -17.680 0.6000000238
111881  -17.319  -66.098  -5.062 0.5000000000
112127  -22.584  -85.209  -14.413 0.5000000000
112662  -10.796  -74.863  -10.341 0.6000000238
112772  -9.613  -74.987  -9.494 0.6999999881
112964  -18.456  -82.786  -17.124 0.5000000000
113014  -23.203  -82.573  -8.847 0.6000000238
113235  -28.227  -86.799  -11.174 0.5000000000
113304  -23.417  -82.729  -9.481 0.5000000000
113548  -24.299  -82.794  -9.532 0.5000000000
114225  -25.810  -81.109  -19.698 0.6000000238
114264  -31.504  -88.684  -6.128 0.3000000119
114341  -19.658  -84.199  -18.294 0.5000000000
115372  -18.836  -62.431  -6.967 0.3000000119
116306  -18.600  -78.486  -11.740 0.5000000000
116707  -27.450  -81.336  -20.258 0.5000000000
116793  -15.318  -73.178  -10.524 0.6000000238
117064  -29.572  -87.515  -7.213 0.3000000119
117193  -19.527  -81.021  -11.029 0.6000000238
117816  -16.065  -73.307  -10.308 0.6999999881
117827  -18.662  -75.879  -8.959 0.5000000000
117897  -17.810  -73.102  -6.986 0.6000000238
117955  -29.568  -86.932  -15.695 0.6000000238
118588  -15.655  -54.545  -6.963 0.3000000119
119084  -31.375  -86.365  -17.157 0.6999999881
119287  -25.169  -82.528  -10.900 0.5000000000
119611  -23.732  -63.036  -5.361 0.3000000119
119687  -14.255  -75.405  -14.030 0.5000000000
119826  -20.985  -78.927  -6.493 0.6000000238
120009  -21.983  -85.127  -15.315 0.5000000000
120841  -25.920  -82.267  -12.878 0.6000000238
121221  -25.396  -82.378  -12.409 0.6000000238
121241  -15.901  -61.662  -9.184 0.3000000119
121434  -23.837  -82.522  -11.925 0.6000000238
122575  -27.496  -81.973  -14.123 0.6000000238
122836  -30.166  -86.923  -16.245 0.6000000238
125635  -13.354  -59.419  -7.708 0.3000000119
125762  -11.688  -60.404  -6.505 0.4000000060
125886  -23.952  -87.496  -14.313 0.5000000000
126002  -21.347  -63.042  -5.613 0.4000000060
126108  -28.527  -84.345  -20.110 0.6000000238
126527  -18.652  -82.749  -14.365 0.6000000238
127298  -16.914  -74.167  -10.308 0.6999999881
127303  -21.771  -82.509  -11.433 0.6000000238
128107  -17.215  -72.932  -7.109 0.6000000238
128333  -19.122  -82.845  -15.661 0.6000000238
128490  -15.088  -73.367  -11.176 0.6999999881
129089  -16.251  -62.244  -9.132 0.3000000119
129230  -14.072  -59.457  -8.150 0.3000000119
129323  -20.952  -75.054  -6.854 0.5000000000
129341  -30.797  -88.853  -8.524 0.3000000119
129423  -18.869  -73.524  -6.220 0.5000000000
129434  -12.903  -56.311  -6.897 0.3000000119
129641  -21.276  -61.755  -5.785 0.3000000119
129698  -28.719  -85.821  -11.351 0.4000000060
129953  -18.114  -77.411  -11.325 0.6000000238
130154  -18.339  -75.274  -9.335 0.6000000238
130304  -31.739  -84.025  -11.954 0.4000000060
130467  -15.514  -68.201  -5.909 0.6000000238
130472  -10.849  -57.912  -5.109 0.4000000060
130560  -22.490  -83.748  -18.013 0.5000000000
130783  -26.068  -81.120  -8.501 0.4000000060
131373  -20.005  -75.631  -7.303 0.6000000238
131817  -14.861  -63.057  -9.501 0.3000000119
132060  -29.393  -81.376  -14.001 0.5000000000
132187  -28.643  -88.937  -13.569 0.5000000000
132193  -26.032  -83.011  -20.155 0.6000000238
132292  -12.262  -69.832  -10.457 0.4000000060
132314  -31.434  -86.519  -18.149 0.6999999881
132399  -29.370  -81.166  -15.472 0.6000000238
132704  -15.746  -76.178  -13.967 0.5000000000
132924  -17.280  -71.862  -3.264 0.5000000000
133878  -15.875  -71.867  -3.631 0.6000000238
133923  -33.524  -87.212  -12.642 0.3000000119
134795  -17.325  -76.398  -12.211 0.6000000238
135156  -21.360  -82.285  -9.495 0.6000000238
135194  -12.742  -69.422  -10.675 0.4000000060
135236  -13.113  -73.923  -8.998 0.6999999881
135302  -9.011  -73.503  -8.557 0.6000000238
135406  -9.837  -68.651  -7.781 0.5000000000
135461  -12.182  -74.352  -9.516 0.6999999881
