#!ascii label  , from subject bert vox2ras=TkReg
527
12812  -44.761  -73.813  0.280 0.0000000000
12166  -44.227  -74.270  -6.731 0.0000000000
16485  -41.711  -67.817  -3.098 0.0000000000
131066  -44.362  -71.654  -2.928 0.0000000000
16534  -43.362  -68.445  -6.076 0.0000000000
15661  -41.051  -70.339  4.252 0.0000000000
18827  -37.415  -65.158  0.574 0.0000000000
20262  -33.434  -63.277  4.656 0.0000000000
18092  -39.808  -65.200  -3.464 0.0000000000
17298  -42.925  -66.666  -4.857 0.0000000000
16507  -38.523  -68.006  -4.616 0.0000000000
16458  -38.853  -67.960  1.887 0.0000000000
18801  -37.269  -65.652  3.826 0.0000000000
112002  -33.073  -60.161  4.017 0.0000000000
21875  -33.905  -61.646  1.880 0.0000000000
130236  -43.719  -77.898  -0.774 0.0000000000
14308  -43.468  -71.615  -4.761 0.0000000000
12121  -39.172  -74.800  -3.408 0.0000000000
116770  -39.099  -75.639  -5.350 0.0000000000
14975  -44.554  -70.563  -0.004 0.0000000000
12821  -46.083  -74.095  -0.903 0.0000000000
15746  -47.140  -69.177  -4.683 0.0000000000
15056  -45.551  -70.158  -7.464 0.0000000000
15700  -40.677  -69.513  -0.091 0.0000000000
17264  -39.064  -65.935  -1.405 0.0000000000
19575  -38.048  -63.793  -1.876 0.0000000000
19496  -35.695  -64.608  5.387 0.0000000000
20288  -35.521  -63.613  1.997 0.0000000000
21123  -36.240  -62.721  -0.117 0.0000000000
20330  -34.545  -63.049  -2.791 0.0000000000
10784  -41.624  -76.743  -1.838 0.0000000000
128179  -43.873  -71.891  -12.927 0.0000000000
12194  -42.932  -75.189  -8.435 0.0000000000
10236  -41.333  -78.303  -7.623 0.0000000000
18090  -37.851  -65.911  -3.349 0.0000000000
17294  -38.788  -67.097  -4.289 0.0000000000
11423  -45.271  -75.918  -0.796 0.0000000000
12865  -43.808  -73.096  -5.942 0.0000000000
12862  -40.871  -73.351  -5.234 0.0000000000
11472  -41.481  -74.719  -5.962 0.0000000000
10821  -40.995  -77.134  -5.797 0.0000000000
11487  -42.684  -75.802  -6.315 0.0000000000
15705  -42.791  -69.959  -1.698 0.0000000000
15711  -44.401  -69.107  -2.775 0.0000000000
16522  -42.926  -67.530  -5.485 0.0000000000
17300  -44.836  -67.353  -4.807 0.0000000000
16536  -44.667  -68.339  -6.147 0.0000000000
15045  -46.433  -69.879  -5.867 0.0000000000
16535  -44.188  -69.042  -6.830 0.0000000000
14959  -42.565  -70.446  1.939 0.0000000000
15685  -41.186  -69.716  2.330 0.0000000000
17253  -37.695  -66.814  0.733 0.0000000000
17254  -38.166  -67.443  0.228 0.0000000000
18075  -38.266  -65.461  -0.582 0.0000000000
18835  -39.092  -64.184  -1.682 0.0000000000
126529  -38.168  -64.067  -0.772 0.0000000000
20263  -34.014  -63.875  5.169 0.0000000000
19524  -35.649  -64.477  3.455 0.0000000000
20276  -34.149  -63.572  3.148 0.0000000000
21924  -34.609  -61.371  0.260 0.0000000000
21895  -34.924  -62.008  0.506 0.0000000000
21946  -34.981  -62.035  -0.663 0.0000000000
20324  -35.863  -62.980  -1.310 0.0000000000
13549  -45.727  -72.861  -1.703 0.0000000000
11446  -44.358  -75.648  -1.722 0.0000000000
12124  -42.754  -74.739  -2.342 0.0000000000
10155  -37.594  -77.055  -1.883 0.0000000000
13673  -43.017  -72.263  -13.519 0.0000000000
129347  -43.149  -73.320  -10.521 0.0000000000
11510  -41.305  -76.074  -8.733 0.0000000000
18082  -40.967  -65.683  -3.548 0.0000000000
16495  -42.238  -67.040  -3.565 0.0000000000
122489  -41.071  -65.693  -4.199 0.0000000000
16509  -40.813  -67.023  -4.783 0.0000000000
15743  -40.519  -68.941  -5.491 0.0000000000
124194  -40.031  -68.812  2.982 0.0000000000
18054  -37.799  -66.560  2.779 0.0000000000
115032  -37.353  -66.142  2.060 0.0000000000
21850  -33.101  -61.715  3.809 0.0000000000
128149  -33.748  -62.649  2.669 0.0000000000
22718  -33.498  -60.901  2.528 0.0000000000
22738  -33.918  -60.702  1.430 0.0000000000
22779  -33.806  -60.166  -0.160 0.0000000000
14297  -43.138  -71.504  -3.980 0.0000000000
13547  -42.062  -72.866  -3.165 0.0000000000
13560  -41.169  -72.822  -4.307 0.0000000000
12145  -38.934  -74.723  -4.680 0.0000000000
10811  -37.047  -76.381  -4.285 0.0000000000
122006  -38.469  -77.982  -5.298 0.0000000000
9569  -40.338  -78.969  -5.386 0.0000000000
8977  -40.922  -79.846  -5.682 0.0000000000
14257  -44.993  -72.075  1.317 0.0000000000
133815  -45.933  -74.154  -0.570 0.0000000000
13551  -47.093  -71.560  -1.478 0.0000000000
14997  -47.155  -70.584  -2.612 0.0000000000
16498  -44.784  -67.820  -3.988 0.0000000000
15727  -47.127  -69.143  -3.184 0.0000000000
15011  -45.846  -70.646  -3.524 0.0000000000
15030  -45.593  -70.736  -4.965 0.0000000000
14318  -45.181  -71.758  -5.714 0.0000000000
13602  -45.431  -72.358  -6.845 0.0000000000
14949  -43.776  -71.215  1.722 0.0000000000
14973  -42.456  -70.134  0.540 0.0000000000
15703  -40.905  -69.294  -1.279 0.0000000000
16468  -39.518  -68.727  0.664 0.0000000000
16474  -39.758  -68.842  -0.304 0.0000000000
17266  -40.188  -67.020  -2.397 0.0000000000
18080  -40.095  -65.081  -2.613 0.0000000000
18841  -38.658  -64.212  -2.405 0.0000000000
18840  -37.390  -64.439  -2.297 0.0000000000
19515  -36.384  -64.982  4.077 0.0000000000
19525  -36.235  -64.708  3.039 0.0000000000
19548  -36.613  -64.491  1.453 0.0000000000
21065  -34.414  -62.480  1.911 0.0000000000
20296  -35.843  -63.059  1.166 0.0000000000
19557  -36.882  -63.744  0.574 0.0000000000
20317  -37.470  -63.374  -0.953 0.0000000000
20332  -36.194  -63.626  -1.751 0.0000000000
11430  -45.140  -76.270  -1.054 0.0000000000
126208  -42.650  -77.497  -1.522 0.0000000000
10797  -40.623  -75.912  -2.213 0.0000000000
10156  -39.095  -77.478  -1.507 0.0000000000
129379  -43.918  -69.490  -8.204 0.0000000000
14351  -44.839  -71.165  -8.301 0.0000000000
120554  -44.580  -72.952  -8.026 0.0000000000
13634  -43.714  -72.747  -10.206 0.0000000000
12195  -43.573  -74.625  -7.791 0.0000000000
10852  -43.004  -76.410  -7.139 0.0000000000
9585  -42.059  -78.275  -6.552 0.0000000000
18089  -37.015  -66.007  -3.494 0.0000000000
18107  -37.423  -66.708  -3.986 0.0000000000
12094  -44.633  -75.219  -0.356 0.0000000000
121506  -45.035  -74.554  -0.159 0.0000000000
12887  -44.305  -73.739  -6.429 0.0000000000
12885  -42.799  -74.198  -6.117 0.0000000000
11486  -42.017  -75.667  -6.025 0.0000000000
12164  -43.278  -74.999  -6.393 0.0000000000
15709  -42.058  -68.883  -2.598 0.0000000000
15710  -43.016  -69.183  -2.608 0.0000000000
16486  -42.506  -68.096  -3.276 0.0000000000
15745  -42.555  -68.635  -5.884 0.0000000000
16523  -43.597  -67.516  -5.520 0.0000000000
125162  -43.969  -68.361  -6.152 0.0000000000
15761  -43.624  -69.114  -6.825 0.0000000000
14929  -40.880  -71.221  4.256 0.0000000000
14940  -41.368  -71.163  3.906 0.0000000000
14946  -41.729  -70.781  3.194 0.0000000000
15676  -41.307  -70.056  3.530 0.0000000000
18068  -37.361  -66.099  1.156 0.0000000000
18072  -37.704  -65.882  0.225 0.0000000000
18831  -37.885  -64.876  -0.317 0.0000000000
19558  -37.596  -64.108  -0.050 0.0000000000
21041  -33.013  -62.595  5.173 0.0000000000
21019  -33.138  -62.582  6.134 0.0000000000
20250  -33.454  -63.309  5.621 0.0000000000
118426  -34.005  -63.851  4.153 0.0000000000
20275  -33.528  -63.108  3.644 0.0000000000
21933  -34.561  -61.400  -0.356 0.0000000000
21934  -35.067  -61.948  -0.067 0.0000000000
21133  -34.821  -62.170  -1.379 0.0000000000
21945  -34.420  -61.509  -1.126 0.0000000000
14285  -44.386  -72.487  -2.388 0.0000000000
12826  -44.173  -73.758  -2.128 0.0000000000
12825  -42.897  -73.666  -2.569 0.0000000000
12956  -42.203  -73.778  -10.845 0.0000000000
11523  -41.562  -75.311  -9.219 0.0000000000
123362  -41.340  -74.698  -9.805 0.0000000000
18093  -40.425  -65.375  -3.550 0.0000000000
18108  -40.210  -65.653  -4.027 0.0000000000
17295  -40.514  -66.207  -4.465 0.0000000000
16508  -39.590  -67.659  -4.634 0.0000000000
16520  -41.220  -67.892  -5.147 0.0000000000
15742  -39.618  -68.801  -5.300 0.0000000000
18810  -37.239  -65.724  2.886 0.0000000000
22662  -32.791  -60.973  5.178 0.0000000000
22681  -32.897  -60.964  4.290 0.0000000000
22699  -33.202  -60.908  3.413 0.0000000000
23579  -33.374  -59.995  3.089 0.0000000000
126627  -33.832  -60.119  0.945 0.0000000000
124903  -42.863  -78.931  -0.377 0.0000000000
13561  -41.503  -72.675  -3.837 0.0000000000
13574  -41.718  -72.384  -4.388 0.0000000000
12147  -40.511  -74.229  -5.560 0.0000000000
12848  -40.080  -73.723  -4.908 0.0000000000
131487  -39.077  -74.903  -5.193 0.0000000000
10819  -38.417  -76.004  -5.111 0.0000000000
130787  -37.762  -77.177  -5.140 0.0000000000
10822  -41.979  -77.370  -6.001 0.0000000000
124053  -40.739  -78.198  -5.530 0.0000000000
10196  -41.625  -78.256  -5.792 0.0000000000
121894  -40.674  -79.601  -5.523 0.0000000000
9570  -41.197  -79.164  -5.586 0.0000000000
131525  -45.119  -70.886  0.395 0.0000000000
14258  -45.696  -72.085  0.476 0.0000000000
14287  -47.283  -71.167  -2.015 0.0000000000
15714  -47.137  -69.812  -2.509 0.0000000000
131985  -42.688  -66.571  -4.469 0.0000000000
16496  -42.902  -67.156  -3.980 0.0000000000
17282  -43.377  -66.984  -4.557 0.0000000000
16510  -45.750  -67.736  -4.580 0.0000000000
15735  -47.235  -69.051  -4.013 0.0000000000
15013  -47.177  -69.815  -3.204 0.0000000000
15023  -47.139  -69.576  -4.249 0.0000000000
15021  -46.084  -70.334  -4.107 0.0000000000
15044  -46.063  -70.060  -6.669 0.0000000000
120906  -46.120  -70.772  -6.148 0.0000000000
131615  -45.893  -70.844  -6.813 0.0000000000
13588  -45.402  -72.184  -6.206 0.0000000000
14340  -45.489  -71.300  -7.394 0.0000000000
14972  -41.667  -69.859  0.831 0.0000000000
15701  -41.594  -69.895  -0.391 0.0000000000
16459  -39.613  -68.590  1.876 0.0000000000
16467  -38.764  -68.123  0.897 0.0000000000
17258  -38.486  -66.943  -0.717 0.0000000000
16473  -38.829  -68.060  -0.401 0.0000000000
120472  -39.086  -67.107  -1.410 0.0000000000
16479  -39.586  -68.004  -1.459 0.0000000000
132767  -39.578  -67.096  -1.918 0.0000000000
17265  -39.788  -65.999  -2.114 0.0000000000
19570  -38.740  -63.914  -1.898 0.0000000000
18842  -39.379  -64.196  -2.237 0.0000000000
112812  -36.249  -64.990  4.941 0.0000000000
20277  -35.051  -63.935  2.847 0.0000000000
19533  -35.685  -64.246  2.665 0.0000000000
19534  -36.123  -64.323  2.128 0.0000000000
21104  -35.598  -62.389  0.193 0.0000000000
21080  -35.419  -62.509  0.841 0.0000000000
21105  -36.082  -62.784  0.470 0.0000000000
131738  -36.382  -63.237  0.727 0.0000000000
20306  -36.698  -63.090  0.141 0.0000000000
20307  -37.324  -63.401  -0.293 0.0000000000
20316  -36.802  -63.111  -0.499 0.0000000000
20331  -35.198  -63.172  -1.934 0.0000000000
20338  -35.201  -63.784  -2.600 0.0000000000
19573  -36.097  -64.448  -2.563 0.0000000000
12096  -45.827  -74.848  -0.828 0.0000000000
12111  -45.861  -74.946  -1.029 0.0000000000
11445  -43.045  -75.890  -2.025 0.0000000000
11429  -44.216  -76.722  -1.491 0.0000000000
11428  -42.916  -76.745  -1.758 0.0000000000
9530  -41.743  -78.443  -1.031 0.0000000000
10158  -41.394  -77.611  -1.476 0.0000000000
12122  -39.970  -74.520  -3.242 0.0000000000
11444  -40.823  -75.037  -2.572 0.0000000000
11443  -39.777  -75.232  -2.754 0.0000000000
122206  -36.757  -77.998  -1.400 0.0000000000
120757  -38.272  -77.470  -1.539 0.0000000000
129406  -43.541  -69.438  -8.194 0.0000000000
15796  -43.099  -69.500  -8.595 0.0000000000
14361  -44.383  -71.139  -9.352 0.0000000000
13613  -45.033  -72.205  -7.711 0.0000000000
13626  -44.492  -71.998  -8.693 0.0000000000
12940  -42.632  -73.868  -10.177 0.0000000000
12941  -43.342  -73.465  -9.556 0.0000000000
12921  -43.844  -73.678  -8.231 0.0000000000
113123  -43.434  -75.398  -7.483 0.0000000000
11512  -43.081  -76.100  -7.729 0.0000000000
10252  -41.623  -77.606  -8.031 0.0000000000
10253  -42.282  -77.313  -7.738 0.0000000000
122704  -42.057  -78.063  -7.339 0.0000000000
18091  -38.911  -65.392  -3.450 0.0000000000
17280  -39.268  -66.020  -3.865 0.0000000000
17279  -38.254  -66.551  -3.840 0.0000000000
17293  -37.862  -67.527  -4.427 0.0000000000
114260  -33.542  -59.002  3.312 0.0000000000
117378  -44.724  -76.594  -0.782 0.0000000000
13585  -43.030  -72.311  -5.346 0.0000000000
13584  -41.987  -72.435  -5.136 0.0000000000
12864  -42.593  -73.183  -5.750 0.0000000000
12148  -41.678  -73.840  -5.791 0.0000000000
11470  -39.845  -75.148  -5.624 0.0000000000
10820  -39.903  -76.258  -5.713 0.0000000000
11471  -40.947  -75.294  -5.942 0.0000000000
10837  -41.600  -76.393  -5.943 0.0000000000
10838  -42.282  -76.602  -6.172 0.0000000000
14986  -43.538  -70.307  -0.878 0.0000000000
15706  -43.861  -69.901  -1.871 0.0000000000
15707  -45.174  -69.826  -1.823 0.0000000000
17313  -42.975  -66.795  -5.146 0.0000000000
17299  -43.913  -67.052  -4.848 0.0000000000
17314  -43.706  -67.046  -5.121 0.0000000000
112556  -45.126  -67.706  -5.510 0.0000000000
16525  -46.019  -67.878  -5.347 0.0000000000
15764  -46.736  -69.124  -5.432 0.0000000000
126123  -45.574  -68.351  -6.018 0.0000000000
15762  -45.024  -69.037  -6.821 0.0000000000
15782  -44.998  -69.481  -7.601 0.0000000000
14958  -41.859  -70.134  2.171 0.0000000000
15695  -40.976  -69.546  1.136 0.0000000000
17250  -38.190  -67.477  1.329 0.0000000000
18073  -38.008  -66.515  -0.188 0.0000000000
130252  -38.538  -65.986  -0.818 0.0000000000
18077  -38.965  -65.005  -1.235 0.0000000000
18832  -38.558  -64.484  -1.030 0.0000000000
19569  -38.103  -63.691  -1.434 0.0000000000
19495  -34.875  -64.164  5.764 0.0000000000
19513  -34.797  -64.322  4.758 0.0000000000
19514  -35.623  -64.638  4.386 0.0000000000
19523  -34.856  -64.213  3.760 0.0000000000
21894  -34.429  -61.414  0.971 0.0000000000
21079  -34.686  -62.151  1.232 0.0000000000
21122  -35.618  -62.426  -0.362 0.0000000000
21135  -36.169  -62.824  -0.698 0.0000000000
21134  -35.485  -62.513  -0.968 0.0000000000
21147  -35.192  -62.681  -1.505 0.0000000000
21146  -34.611  -62.517  -2.083 0.0000000000
12820  -45.895  -73.982  -1.228 0.0000000000
12126  -45.328  -74.550  -1.502 0.0000000000
12827  -45.142  -73.565  -1.780 0.0000000000
119782  -43.797  -74.571  -2.143 0.0000000000
10798  -41.810  -75.943  -2.185 0.0000000000
11442  -38.843  -75.423  -2.862 0.0000000000
13658  -42.910  -72.919  -12.395 0.0000000000
13659  -43.270  -72.987  -11.889 0.0000000000
12957  -42.800  -73.362  -11.108 0.0000000000
12210  -42.406  -74.605  -9.511 0.0000000000
130027  -42.606  -75.868  -8.430 0.0000000000
10865  -41.836  -76.805  -8.379 0.0000000000
10864  -41.041  -76.902  -8.431 0.0000000000
17271  -40.947  -66.314  -2.982 0.0000000000
17272  -41.626  -66.452  -3.439 0.0000000000
18094  -41.681  -65.834  -4.160 0.0000000000
18109  -41.731  -65.965  -4.627 0.0000000000
124254  -39.688  -66.429  -4.290 0.0000000000
125245  -41.270  -66.068  -4.664 0.0000000000
17297  -42.318  -66.268  -4.963 0.0000000000
17312  -42.461  -66.712  -5.185 0.0000000000
16521  -42.145  -67.617  -5.371 0.0000000000
15744  -41.554  -68.853  -5.666 0.0000000000
15675  -40.638  -69.476  3.736 0.0000000000
16445  -39.332  -68.166  2.829 0.0000000000
17236  -38.476  -67.357  2.540 0.0000000000
17249  -37.671  -66.837  1.766 0.0000000000
18823  -37.060  -65.322  1.625 0.0000000000
21849  -32.862  -61.774  4.719 0.0000000000
21042  -33.146  -62.515  4.233 0.0000000000
21055  -33.338  -62.380  3.411 0.0000000000
21863  -33.408  -61.744  2.885 0.0000000000
121609  -33.611  -60.257  2.157 0.0000000000
129823  -33.732  -60.862  1.972 0.0000000000
22739  -34.185  -60.789  0.648 0.0000000000
22764  -34.247  -60.781  0.015 0.0000000000
22793  -33.976  -60.735  -0.753 0.0000000000
13563  -43.419  -71.818  -3.212 0.0000000000
13548  -43.079  -72.632  -2.814 0.0000000000
13562  -42.366  -72.118  -3.698 0.0000000000
12132  -39.528  -74.161  -3.906 0.0000000000
12139  -38.909  -74.656  -4.074 0.0000000000
10810  -36.597  -76.543  -3.839 0.0000000000
10195  -40.058  -77.237  -5.623 0.0000000000
9568  -39.335  -78.865  -5.343 0.0000000000
120199  -39.163  -79.612  -5.345 0.0000000000
8975  -39.499  -80.206  -5.440 0.0000000000
8335  -39.856  -80.601  -5.652 0.0000000000
12803  -45.201  -73.368  0.526 0.0000000000
12813  -45.566  -74.267  -0.267 0.0000000000
13523  -45.413  -72.769  0.702 0.0000000000
13535  -45.989  -72.763  -0.015 0.0000000000
13536  -46.457  -72.585  -0.692 0.0000000000
119374  -47.042  -71.677  -0.987 0.0000000000
13544  -46.703  -72.309  -1.137 0.0000000000
13550  -46.685  -71.983  -1.669 0.0000000000
127935  -45.484  -71.864  -2.397 0.0000000000
16487  -43.459  -68.258  -3.405 0.0000000000
15724  -44.329  -68.274  -3.523 0.0000000000
17284  -45.090  -67.603  -4.432 0.0000000000
16499  -45.767  -68.149  -3.988 0.0000000000
15012  -46.830  -70.351  -3.309 0.0000000000
14299  -45.157  -71.198  -3.205 0.0000000000
14298  -44.022  -71.294  -3.617 0.0000000000
14309  -43.906  -71.222  -4.240 0.0000000000
125357  -44.496  -71.242  -4.913 0.0000000000
15031  -46.300  -70.424  -5.437 0.0000000000
14319  -45.822  -71.342  -5.814 0.0000000000
13586  -44.249  -72.191  -5.627 0.0000000000
13587  -44.958  -72.507  -6.076 0.0000000000
12866  -44.521  -72.942  -6.180 0.0000000000
13522  -44.695  -72.841  1.275 0.0000000000
14256  -44.208  -71.766  1.733 0.0000000000
119914  -43.922  -70.659  0.953 0.0000000000
14960  -43.243  -70.555  1.426 0.0000000000
14974  -43.333  -70.370  0.239 0.0000000000
14985  -42.514  -70.184  -0.666 0.0000000000
15704  -41.828  -69.669  -1.652 0.0000000000
16481  -41.224  -68.655  -2.359 0.0000000000
118780  -40.509  -69.285  2.605 0.0000000000
15684  -40.337  -69.138  1.477 0.0000000000
15694  -40.234  -69.182  0.551 0.0000000000
16475  -40.196  -68.895  -1.041 0.0000000000
16480  -40.413  -68.297  -1.994 0.0000000000
16484  -41.001  -67.428  -2.735 0.0000000000
17270  -40.489  -65.741  -2.806 0.0000000000
18844  -40.098  -64.856  -3.042 0.0000000000
18836  -39.656  -64.764  -1.924 0.0000000000
18843  -39.831  -64.572  -2.525 0.0000000000
18854  -39.452  -64.620  -2.863 0.0000000000
129514  -38.576  -64.958  -2.962 0.0000000000
18853  -37.611  -65.170  -2.841 0.0000000000
18800  -36.806  -65.220  3.439 0.0000000000
18809  -36.680  -64.954  2.432 0.0000000000
19549  -37.072  -64.583  0.813 0.0000000000
20287  -34.648  -63.175  2.328 0.0000000000
21066  -35.137  -62.790  1.584 0.0000000000
20297  -36.216  -63.748  1.327 0.0000000000
19564  -37.969  -63.621  -0.863 0.0000000000
19568  -37.361  -63.568  -1.419 0.0000000000
20325  -36.699  -63.193  -1.095 0.0000000000
19574  -37.044  -64.029  -1.835 0.0000000000
12095  -45.528  -75.191  -0.648 0.0000000000
10786  -44.484  -77.125  -1.011 0.0000000000
12110  -45.447  -75.475  -1.223 0.0000000000
10159  -43.362  -77.994  -1.109 0.0000000000
9531  -42.716  -78.534  -0.850 0.0000000000
12824  -41.849  -73.700  -2.826 0.0000000000
126607  -41.936  -75.212  -2.352 0.0000000000
10795  -38.593  -76.126  -2.382 0.0000000000
10782  -39.343  -76.766  -1.918 0.0000000000
10157  -40.126  -77.478  -1.492 0.0000000000
17310  -36.939  -67.364  -5.485 0.0000000000
15757  -39.771  -69.333  -6.056 0.0000000000
15758  -40.788  -69.458  -6.316 0.0000000000
15759  -41.916  -69.424  -6.547 0.0000000000
15760  -42.914  -69.225  -6.750 0.0000000000
15779  -43.231  -69.349  -7.765 0.0000000000
15781  -44.323  -69.376  -7.536 0.0000000000
114364  -44.452  -69.627  -8.191 0.0000000000
15813  -44.002  -69.870  -8.892 0.0000000000
15069  -44.521  -70.256  -8.681 0.0000000000
14352  -45.138  -70.444  -8.031 0.0000000000
115567  -45.022  -73.081  -7.178 0.0000000000
12902  -44.628  -73.724  -6.841 0.0000000000
13647  -43.476  -72.830  -11.144 0.0000000000
13648  -44.121  -72.050  -10.958 0.0000000000
13635  -44.266  -71.933  -9.844 0.0000000000
13625  -43.934  -72.754  -9.055 0.0000000000
12177  -44.257  -74.224  -7.193 0.0000000000
123667  -43.498  -75.188  -6.720 0.0000000000
10840  -42.955  -76.317  -6.820 0.0000000000
10214  -42.363  -77.486  -6.555 0.0000000000
10237  -42.478  -77.577  -7.052 0.0000000000
10213  -42.043  -77.979  -6.169 0.0000000000
127887  -41.640  -78.973  -6.304 0.0000000000
8974  -38.504  -80.025  -5.322 0.0000000000
8976  -40.324  -80.099  -5.589 0.0000000000
8978  -41.242  -79.534  -5.794 0.0000000000
9522  -43.630  -78.113  -0.363 0.0000000000
9532  -43.338  -78.419  -0.594 0.0000000000
9571  -41.684  -78.899  -5.954 0.0000000000
10151  -44.025  -77.559  -0.705 0.0000000000
10160  -43.994  -77.617  -0.998 0.0000000000
10184  -36.542  -77.146  -4.412 0.0000000000
10192  -37.203  -76.924  -4.800 0.0000000000
10194  -39.523  -77.882  -5.434 0.0000000000
10215  -42.666  -76.881  -6.857 0.0000000000
10778  -44.245  -77.179  -0.524 0.0000000000
10781  -38.411  -76.839  -1.916 0.0000000000
10783  -40.423  -76.749  -1.866 0.0000000000
10785  -43.802  -77.414  -1.323 0.0000000000
10794  -37.709  -76.333  -2.386 0.0000000000
10796  -39.560  -76.005  -2.329 0.0000000000
10818  -37.675  -76.300  -4.808 0.0000000000
10839  -42.577  -76.631  -6.538 0.0000000000
11422  -44.499  -76.153  -0.443 0.0000000000
11424  -45.587  -75.511  -0.952 0.0000000000
11452  -37.031  -76.063  -3.673 0.0000000000
11461  -38.275  -75.264  -4.226 0.0000000000
11469  -38.552  -75.261  -4.881 0.0000000000
11488  -43.093  -75.798  -6.647 0.0000000000
11499  -43.365  -75.786  -7.006 0.0000000000
11522  -40.936  -75.367  -9.222 0.0000000000
12123  -41.451  -74.443  -2.680 0.0000000000
12125  -44.712  -74.881  -1.750 0.0000000000
12133  -40.245  -73.850  -3.712 0.0000000000
12146  -39.526  -74.372  -5.128 0.0000000000
12163  -42.403  -74.890  -6.137 0.0000000000
12165  -43.860  -74.564  -6.561 0.0000000000
12176  -43.848  -74.936  -6.927 0.0000000000
12211  -43.028  -74.223  -8.946 0.0000000000
12804  -45.756  -73.512  -0.006 0.0000000000
12814  -46.105  -73.463  -0.557 0.0000000000
12815  -46.303  -73.177  -0.914 0.0000000000
12823  -41.010  -73.765  -3.302 0.0000000000
12835  -40.802  -73.214  -3.966 0.0000000000
12836  -41.378  -73.178  -3.431 0.0000000000
12863  -41.584  -73.004  -5.414 0.0000000000
12886  -43.614  -74.063  -6.202 0.0000000000
12922  -44.532  -73.574  -7.411 0.0000000000
13543  -46.261  -73.121  -1.150 0.0000000000
13575  -42.497  -71.931  -4.541 0.0000000000
13601  -44.901  -72.962  -6.531 0.0000000000
13667  -43.656  -72.417  -12.513 0.0000000000
14283  -47.287  -71.048  -1.614 0.0000000000
14286  -46.590  -71.108  -2.644 0.0000000000
14310  -44.892  -70.830  -4.089 0.0000000000
14330  -45.760  -71.577  -6.463 0.0000000000
14961  -44.662  -71.112  1.100 0.0000000000
14962  -45.491  -71.359  0.457 0.0000000000
14977  -47.083  -70.924  -1.184 0.0000000000
14998  -47.239  -70.502  -2.245 0.0000000000
15070  -45.011  -69.854  -8.092 0.0000000000
15756  -39.039  -69.125  -5.844 0.0000000000
15763  -46.096  -69.110  -6.363 0.0000000000
15780  -43.788  -69.347  -7.575 0.0000000000
16497  -43.853  -67.522  -4.045 0.0000000000
16500  -46.668  -68.422  -4.069 0.0000000000
16511  -46.744  -68.520  -4.826 0.0000000000
16524  -44.289  -67.592  -5.551 0.0000000000
16526  -46.313  -68.523  -5.647 0.0000000000
17281  -42.282  -66.280  -4.044 0.0000000000
17283  -44.278  -67.304  -4.518 0.0000000000
17296  -41.767  -66.521  -5.048 0.0000000000
17311  -37.370  -67.821  -5.084 0.0000000000
17315  -44.558  -67.288  -5.090 0.0000000000
18081  -40.434  -65.253  -3.127 0.0000000000
18095  -42.207  -66.125  -4.577 0.0000000000
19565  -38.489  -63.902  -1.379 0.0000000000
22763  -33.900  -60.326  0.369 0.0000000000
114323  -43.522  -69.659  -8.797 0.0000000000
115323  -40.609  -76.002  -5.877 0.0000000000
116826  -39.941  -79.630  -5.410 0.0000000000
124750  -42.258  -77.280  -6.307 0.0000000000
125904  -40.656  -74.312  -3.074 0.0000000000
126480  -42.435  -78.086  -1.261 0.0000000000
129907  -46.947  -69.974  -3.927 0.0000000000
131534  -45.581  -69.502  -7.057 0.0000000000
132806  -42.383  -69.491  -2.172 0.0000000000
134776  -40.333  -68.171  -4.980 0.0000000000
