#!ascii label  , from subject bert vox2ras=TkReg
2073
6111  -33.891  -84.319  -4.005 0.1000000015
5554  -33.710  -85.232  -5.169 0.1000000015
4475  -34.430  -88.005  -5.230 0.1000000015
5567  -33.836  -86.102  -5.684 0.1000000015
4488  -33.555  -88.502  -6.549 0.1000000015
118958  -33.677  -86.436  -7.209 0.1000000015
3960  -32.974  -89.138  -8.046 0.1000000015
4513  -33.672  -87.670  -8.713 0.1000000015
4514  -34.115  -87.857  -9.497 0.1000000015
3972  -33.015  -89.288  -9.184 0.1000000015
3990  -33.462  -89.044  -10.198 0.1000000015
130357  -34.893  -87.869  -10.536 0.1000000015
4018  -33.881  -88.744  -11.506 0.1000000015
4016  -32.932  -89.017  -11.042 0.1000000015
4563  -34.089  -88.282  -12.511 0.1000000015
5157  -35.804  -86.193  -13.629 0.1000000015
4552  -33.079  -88.495  -11.984 0.1000000015
5141  -33.774  -87.522  -12.812 0.1000000015
4562  -33.384  -88.213  -12.401 0.1000000015
7139  -33.694  -82.101  -4.834 0.1000000015
133205  -33.442  -84.446  -5.322 0.1000000015
7141  -33.506  -82.915  -4.997 0.1000000015
6648  -34.708  -83.514  -6.505 0.1000000015
6647  -33.743  -84.065  -6.401 0.1000000015
5574  -33.571  -85.723  -6.597 0.1000000015
6130  -34.682  -84.233  -7.052 0.1000000015
5057  -33.680  -87.096  -7.841 0.1000000015
5604  -34.648  -86.184  -8.650 0.1000000015
5092  -34.783  -87.485  -9.894 0.1000000015
4544  -35.464  -87.631  -11.036 0.1000000015
8440  -35.813  -80.648  -11.879 0.1000000015
7798  -37.444  -81.727  -12.867 0.1000000015
7239  -37.476  -82.485  -12.773 0.1000000015
6705  -37.612  -83.111  -13.123 0.1000000015
6209  -37.054  -84.748  -14.156 0.1000000015
5684  -36.469  -85.448  -13.783 0.1000000015
5144  -36.259  -86.514  -12.909 0.1000000015
4565  -35.786  -87.215  -12.611 0.1000000015
5143  -35.420  -87.021  -13.249 0.1000000015
4564  -35.085  -87.730  -12.623 0.1000000015
123600  -34.666  -79.517  -4.000 0.1000000015
7722  -36.532  -81.252  -5.220 0.2000000030
115607  -36.133  -80.004  -4.992 0.2000000030
8318  -34.271  -80.352  -4.217 0.1000000015
8332  -37.644  -80.984  -5.300 0.1000000015
7144  -36.499  -82.105  -5.505 0.1000000015
7715  -35.286  -80.768  -4.965 0.1000000015
131035  -37.559  -82.468  -5.554 0.1000000015
6633  -35.896  -82.625  -5.929 0.1000000015
10834  -32.536  -76.259  -6.581 0.1000000015
10230  -32.080  -78.022  -7.167 0.1000000015
124295  -36.768  -83.774  -6.395 0.1000000015
6131  -35.883  -83.972  -6.805 0.1000000015
6148  -34.565  -84.893  -7.629 0.1000000015
9610  -31.398  -78.125  -8.147 0.1000000015
8998  -31.828  -78.919  -7.944 0.1000000015
8999  -32.354  -79.399  -7.782 0.1000000015
8396  -32.822  -80.335  -8.356 0.1000000015
8397  -33.345  -81.061  -8.366 0.1000000015
7762  -34.089  -81.989  -9.966 0.1000000015
6132  -37.138  -84.501  -6.907 0.1000000015
5606  -37.114  -85.911  -8.330 0.1000000015
4530  -35.587  -87.152  -10.195 0.1000000015
9028  -32.758  -79.921  -9.049 0.1000000015
9029  -33.251  -80.206  -9.803 0.1000000015
8427  -33.526  -81.107  -9.895 0.1000000015
121442  -34.708  -81.935  -10.642 0.1000000015
7198  -34.992  -82.613  -10.304 0.1000000015
6671  -35.821  -83.454  -9.739 0.1000000015
6186  -37.187  -84.310  -11.143 0.1000000015
5074  -36.530  -86.237  -8.959 0.1000000015
5110  -36.233  -86.960  -10.400 0.1000000015
115517  -33.710  -80.435  -10.436 0.1000000015
7783  -35.113  -81.408  -11.282 0.1000000015
7215  -35.371  -82.330  -11.065 0.1000000015
6688  -36.328  -83.561  -10.928 0.1000000015
113227  -37.538  -85.092  -10.706 0.1000000015
5654  -36.982  -86.104  -12.161 0.1000000015
7217  -36.838  -82.225  -12.265 0.1000000015
6704  -37.183  -83.062  -12.282 0.1000000015
6690  -37.425  -83.888  -12.270 0.1000000015
5670  -37.294  -85.298  -12.324 0.1000000015
131669  -36.945  -86.364  -11.406 0.1000000015
4554  -35.700  -87.538  -11.920 0.1000000015
8966  -37.584  -80.066  -5.284 0.1000000015
9555  -35.615  -78.534  -4.335 0.1000000015
10183  -35.758  -77.619  -4.031 0.2000000030
10177  -35.454  -77.390  -3.272 0.2000000030
8333  -38.159  -80.677  -5.333 0.1000000015
7723  -38.410  -81.435  -5.388 0.1000000015
12161  -32.967  -74.713  -6.455 0.1000000015
119762  -31.691  -76.468  -6.791 0.1000000015
6635  -38.069  -83.114  -5.777 0.1000000015
6650  -37.624  -83.797  -6.305 0.1000000015
6133  -38.050  -84.368  -6.814 0.1000000015
9581  -32.710  -77.992  -6.828 0.1000000015
120339  -32.992  -79.575  -7.467 0.1000000015
8374  -33.288  -80.420  -7.768 0.1000000015
5588  -37.180  -85.328  -7.622 0.1000000015
8375  -34.094  -80.585  -7.490 0.1000000015
7751  -34.110  -81.724  -8.369 0.1000000015
7185  -35.291  -82.960  -9.274 0.1000000015
6662  -36.140  -83.391  -9.093 0.1000000015
6165  -37.335  -84.459  -9.564 0.1000000015
5622  -38.060  -85.574  -9.236 0.1000000015
5075  -37.226  -86.229  -8.944 0.1000000015
5655  -37.366  -85.654  -11.265 0.1000000015
5111  -36.435  -86.920  -11.047 0.1000000015
10196  -41.625  -78.256  -5.792 0.1000000015
124053  -40.739  -78.198  -5.530 0.1000000015
121894  -40.674  -79.601  -5.523 0.1000000015
9569  -40.338  -78.969  -5.386 0.1000000015
9568  -39.335  -78.865  -5.343 0.1000000015
122006  -38.469  -77.982  -5.298 0.2000000030
130787  -37.762  -77.177  -5.140 0.2000000030
9567  -38.407  -78.964  -5.297 0.2000000030
10811  -37.047  -76.381  -4.285 0.2000000030
10810  -36.597  -76.543  -3.839 0.2000000030
8334  -39.055  -80.801  -5.377 0.1000000015
8335  -39.856  -80.601  -5.652 0.1000000015
7725  -39.564  -81.083  -5.705 0.1000000015
7146  -38.691  -82.619  -5.891 0.1000000015
11484  -33.288  -75.505  -6.541 0.1000000015
122574  -34.058  -77.063  -6.583 0.1000000015
130725  -34.830  -77.000  -6.876 0.1000000015
10231  -35.478  -77.428  -7.151 0.1000000015
118990  -38.822  -81.873  -5.549 0.1000000015
6636  -38.668  -83.243  -6.456 0.1000000015
12882  -32.534  -73.956  -6.360 0.1000000015
12883  -33.427  -73.950  -6.574 0.1000000015
10210  -33.081  -77.151  -6.603 0.1000000015
10211  -33.644  -77.876  -6.665 0.1000000015
9001  -34.461  -79.888  -7.260 0.1000000015
132555  -35.295  -79.682  -7.218 0.1000000015
127424  -35.601  -81.334  -7.663 0.1000000015
7739  -37.546  -81.600  -7.565 0.1000000015
7171  -37.778  -83.424  -8.255 0.1000000015
6658  -38.418  -83.252  -7.651 0.1000000015
6151  -38.281  -84.624  -7.485 0.1000000015
121424  -32.069  -73.168  -6.294 0.1000000015
7752  -35.097  -82.023  -8.067 0.1000000015
7157  -36.397  -82.108  -7.937 0.1000000015
6663  -37.212  -83.956  -8.868 0.1000000015
6664  -38.228  -84.067  -8.277 0.1000000015
5608  -38.228  -85.474  -8.403 0.1000000015
121593  -31.282  -73.190  -6.379 0.1000000015
120828  -30.729  -72.036  -6.420 0.1000000015
132074  -29.980  -72.106  -6.673 0.1000000015
14326  -30.458  -71.363  -6.476 0.1000000015
9585  -42.059  -78.275  -6.552 0.1000000015
9570  -41.197  -79.164  -5.586 0.1000000015
122704  -42.057  -78.063  -7.339 0.1000000015
9007  -41.265  -79.349  -6.509 0.1000000015
10822  -41.979  -77.370  -6.001 0.1000000015
10195  -40.058  -77.237  -5.623 0.1000000015
10193  -38.434  -76.960  -5.306 0.2000000030
9601  -41.003  -78.965  -7.163 0.1000000015
8987  -40.963  -80.045  -6.197 0.1000000015
8977  -40.922  -79.846  -5.682 0.1000000015
10819  -38.417  -76.004  -5.111 0.2000000030
10235  -40.522  -78.395  -7.756 0.1000000015
9006  -40.716  -79.692  -6.738 0.1000000015
14339  -34.272  -71.898  -7.534 0.1000000015
13610  -33.966  -72.345  -7.048 0.1000000015
13600  -33.900  -73.162  -6.881 0.1000000015
12884  -34.160  -74.035  -6.938 0.1000000015
12162  -33.807  -74.756  -6.760 0.1000000015
11485  -34.194  -75.550  -6.864 0.1000000015
10848  -34.977  -75.657  -7.309 0.1000000015
126998  -39.699  -78.447  -7.764 0.1000000015
9599  -39.469  -79.167  -7.466 0.1000000015
132596  -40.157  -80.812  -6.219 0.1000000015
7728  -39.869  -81.104  -6.079 0.1000000015
10232  -36.345  -77.511  -7.412 0.1000000015
9596  -35.861  -78.962  -7.257 0.1000000015
8379  -38.967  -80.821  -7.259 0.1000000015
7740  -39.122  -81.708  -7.028 0.1000000015
7150  -39.035  -82.593  -6.455 0.1000000015
14338  -33.647  -71.680  -7.002 0.1000000015
9584  -35.147  -78.316  -7.050 0.1000000015
9595  -34.809  -79.130  -7.071 0.1000000015
115737  -37.053  -79.246  -7.450 0.1000000015
8377  -37.035  -80.585  -7.497 0.1000000015
8378  -38.006  -80.891  -7.439 0.1000000015
112971  -38.500  -82.269  -7.403 0.1000000015
7159  -38.925  -82.506  -7.018 0.1000000015
124426  -33.344  -72.376  -6.653 0.1000000015
13599  -32.478  -72.375  -6.404 0.1000000015
14329  -32.871  -71.645  -6.633 0.1000000015
14328  -32.020  -71.646  -6.436 0.1000000015
14327  -31.215  -71.529  -6.400 0.1000000015
15040  -30.227  -70.658  -6.573 0.1000000015
15053  -29.116  -70.865  -7.236 0.1000000015
10236  -41.333  -78.303  -7.623 0.1000000015
10252  -41.623  -77.606  -8.031 0.1000000015
10237  -42.478  -77.577  -7.052 0.1000000015
10821  -40.995  -77.134  -5.797 0.1000000015
10251  -40.783  -77.690  -8.178 0.1000000015
10863  -40.213  -76.902  -8.407 0.1000000015
10838  -42.282  -76.602  -6.172 0.1000000015
10820  -39.903  -76.258  -5.713 0.1000000015
10862  -39.292  -76.832  -8.274 0.1000000015
10250  -39.927  -77.696  -8.178 0.1000000015
116770  -39.099  -75.639  -5.350 0.2000000030
13611  -34.465  -72.717  -7.493 0.1000000015
12173  -34.701  -74.722  -7.285 0.1000000015
12174  -35.455  -74.279  -7.781 0.1000000015
10234  -38.202  -77.661  -7.743 0.1000000015
132012  -38.846  -79.158  -7.506 0.1000000015
11470  -39.845  -75.148  -5.624 0.1000000015
12147  -40.511  -74.229  -5.560 0.2000000030
13612  -34.987  -72.971  -8.003 0.1000000015
10849  -35.379  -76.466  -7.257 0.1000000015
124491  -36.783  -76.817  -7.514 0.1000000015
123038  -36.669  -78.292  -7.452 0.1000000015
9597  -37.694  -78.388  -7.569 0.1000000015
9003  -37.886  -80.055  -7.482 0.1000000015
15055  -33.150  -70.971  -7.045 0.1000000015
15043  -32.366  -70.965  -6.686 0.1000000015
15042  -31.800  -70.395  -6.662 0.1000000015
15773  -31.159  -69.331  -6.917 0.1000000015
15041  -31.005  -70.664  -6.465 0.1000000015
15753  -30.443  -69.872  -6.700 0.1000000015
15771  -29.584  -69.470  -7.102 0.1000000015
11509  -40.578  -76.101  -8.662 0.1000000015
11510  -41.305  -76.074  -8.733 0.1000000015
10865  -41.836  -76.805  -8.379 0.1000000015
11521  -40.215  -75.334  -9.024 0.1000000015
10864  -41.041  -76.902  -8.431 0.1000000015
10866  -42.507  -76.550  -8.125 0.1000000015
10214  -42.363  -77.486  -6.555 0.1000000015
11508  -39.795  -76.071  -8.535 0.1000000015
10851  -42.677  -76.826  -7.403 0.1000000015
10837  -41.600  -76.393  -5.943 0.1000000015
10861  -38.390  -76.275  -8.150 0.1000000015
10840  -42.955  -76.317  -6.820 0.1000000015
14349  -34.551  -71.490  -8.225 0.1000000015
13622  -34.817  -72.263  -8.119 0.1000000015
13623  -35.474  -72.660  -8.637 0.1000000015
12901  -34.750  -73.633  -7.489 0.1000000015
12189  -36.076  -74.027  -8.317 0.1000000015
11497  -36.291  -75.482  -7.693 0.1000000015
11498  -37.084  -76.020  -7.730 0.1000000015
132659  -37.754  -76.179  -7.945 0.1000000015
129098  -38.562  -77.057  -7.964 0.1000000015
11487  -42.684  -75.802  -6.315 0.1000000015
11471  -40.947  -75.294  -5.942 0.1000000015
15068  -34.308  -70.774  -8.504 0.1000000015
113717  -35.542  -75.093  -7.599 0.1000000015
119629  -36.037  -76.886  -7.358 0.1000000015
12148  -41.678  -73.840  -5.791 0.1000000015
115973  -33.724  -70.249  -8.149 0.1000000015
15054  -32.582  -70.204  -7.123 0.1000000015
15774  -32.352  -69.408  -7.480 0.1000000015
16561  -31.342  -68.019  -8.187 0.1000000015
119223  -31.183  -68.699  -7.463 0.1000000015
16560  -30.536  -67.643  -8.324 0.1000000015
12208  -40.693  -74.690  -9.686 0.1000000015
123362  -41.340  -74.698  -9.805 0.1000000015
11523  -41.562  -75.311  -9.219 0.1000000015
12939  -40.448  -74.017  -10.099 0.1000000015
11524  -42.198  -75.273  -9.045 0.1000000015
12193  -39.371  -75.327  -8.812 0.1000000015
12207  -39.750  -74.530  -9.412 0.1000000015
130027  -42.606  -75.868  -8.430 0.1000000015
10852  -43.004  -76.410  -7.139 0.1000000015
11507  -38.525  -75.415  -8.497 0.1000000015
12192  -38.759  -74.655  -8.979 0.1000000015
11512  -43.081  -76.100  -7.729 0.1000000015
14359  -34.730  -71.225  -8.897 0.1000000015
11505  -36.989  -75.152  -8.067 0.1000000015
12191  -37.798  -74.670  -8.518 0.1000000015
113123  -43.434  -75.398  -7.483 0.1000000015
11486  -42.017  -75.667  -6.025 0.1000000015
15081  -34.616  -70.675  -9.260 0.1000000015
14360  -35.172  -71.286  -9.524 0.1000000015
13631  -35.727  -71.972  -9.285 0.1000000015
13624  -36.229  -72.688  -9.231 0.1000000015
12918  -36.080  -73.353  -8.735 0.1000000015
12190  -36.826  -74.384  -8.413 0.1000000015
12164  -43.278  -74.999  -6.393 0.1000000015
15793  -34.127  -70.077  -8.870 0.1000000015
16574  -34.097  -68.388  -9.299 0.1000000015
15806  -34.051  -69.287  -9.096 0.1000000015
16563  -33.273  -68.489  -8.723 0.1000000015
15791  -32.740  -69.064  -8.176 0.1000000015
16562  -32.328  -68.237  -8.381 0.1000000015
17347  -32.716  -67.650  -8.834 0.1000000015
12952  -39.472  -72.997  -10.371 0.1000000015
12953  -40.189  -73.369  -10.391 0.1000000015
12223  -41.742  -74.180  -10.405 0.1000000015
13645  -38.625  -72.632  -10.527 0.1000000015
12209  -41.870  -74.707  -9.772 0.1000000015
13632  -36.989  -72.732  -9.670 0.1000000015
12936  -37.649  -73.311  -9.421 0.1000000015
12937  -38.645  -73.303  -9.799 0.1000000015
12206  -38.974  -74.027  -9.435 0.1000000015
12210  -42.406  -74.605  -9.511 0.1000000015
15082  -35.028  -70.551  -9.923 0.1000000015
15088  -35.405  -70.373  -10.576 0.1000000015
115650  -36.394  -72.070  -9.784 0.1000000015
134304  -36.619  -73.789  -8.686 0.1000000015
12919  -37.347  -73.859  -8.835 0.1000000015
12195  -43.573  -74.625  -7.791 0.1000000015
15808  -35.059  -69.828  -10.099 0.1000000015
123667  -43.498  -75.188  -6.720 0.1000000015
12885  -42.799  -74.198  -6.117 0.1000000015
118812  -34.652  -69.183  -9.640 0.1000000015
16575  -34.853  -68.325  -9.718 0.1000000015
17363  -34.353  -67.408  -9.609 0.1000000015
17362  -33.442  -67.525  -9.226 0.1000000015
18158  -34.484  -66.743  -10.031 0.1000000015
18157  -33.710  -66.649  -9.869 0.1000000015
17361  -32.628  -66.940  -9.432 0.1000000015
12222  -41.202  -74.145  -10.347 0.1000000015
12955  -41.745  -73.570  -11.060 0.1000000015
12956  -42.203  -73.778  -10.845 0.1000000015
15089  -35.852  -70.823  -11.041 0.1000000015
13643  -37.038  -72.251  -10.347 0.1000000015
16593  -35.840  -69.057  -10.710 0.1000000015
15818  -35.469  -69.755  -10.709 0.1000000015
15097  -35.679  -70.233  -11.166 0.1000000015
14366  -35.536  -71.044  -10.307 0.1000000015
14367  -36.292  -71.548  -10.571 0.1000000015
12194  -42.932  -75.189  -8.435 0.1000000015
15817  -35.266  -69.085  -10.136 0.1000000015
16587  -35.578  -68.179  -10.180 0.1000000015
17376  -35.945  -67.590  -10.532 0.1000000015
17375  -35.397  -67.285  -10.253 0.1000000015
18169  -35.857  -66.887  -10.720 0.1000000015
17374  -34.868  -67.052  -9.972 0.1000000015
18178  -35.642  -66.144  -11.222 0.1000000015
18168  -35.076  -66.609  -10.513 0.1000000015
18177  -34.891  -66.042  -11.202 0.1000000015
13656  -39.590  -72.219  -11.641 0.1000000015
13657  -40.594  -72.454  -11.774 0.1000000015
12970  -41.204  -72.962  -11.408 0.1000000015
13665  -41.768  -72.572  -12.675 0.1000000015
13655  -38.605  -72.152  -11.331 0.1000000015
13644  -37.793  -72.331  -10.855 0.1000000015
119040  -36.777  -68.221  -11.214 0.1000000015
16594  -36.489  -69.062  -11.389 0.1000000015
17383  -36.559  -67.445  -10.979 0.1000000015
18179  -36.446  -66.572  -11.233 0.1000000015
18915  -35.237  -65.463  -11.532 0.1000000015
13646  -40.252  -72.770  -10.970 0.1000000015
117650  -41.334  -72.685  -12.091 0.1000000015
14376  -38.181  -71.742  -12.118 0.1000000015
15825  -35.878  -69.793  -11.368 0.1000000015
15826  -36.320  -69.916  -12.120 0.1000000015
14374  -36.411  -71.285  -11.543 0.1000000015
13654  -37.754  -71.938  -11.483 0.1000000015
17384  -37.193  -67.770  -11.549 0.1000000015
124775  -37.061  -67.032  -11.419 0.1000000015
120766  -36.336  -65.837  -11.581 0.1000000015
19644  -36.368  -64.997  -11.702 0.1000000015
18916  -35.821  -65.451  -11.565 0.1000000015
19643  -35.593  -64.807  -11.635 0.1000000015
14377  -39.179  -71.840  -12.454 0.1000000015
14385  -37.351  -71.390  -12.750 0.1000000015
14386  -38.299  -71.526  -13.021 0.1000000015
16603  -37.009  -69.248  -12.257 0.1000000015
15098  -36.111  -70.514  -11.806 0.1000000015
15104  -36.493  -70.479  -12.666 0.1000000015
14384  -36.581  -71.092  -12.392 0.1000000015
16595  -37.112  -68.533  -11.693 0.1000000015
129606  -37.071  -65.030  -11.965 0.1000000015
20408  -36.524  -63.332  -12.446 0.1000000015
20398  -35.977  -64.170  -11.627 0.1000000015
15111  -37.354  -70.655  -14.077 0.1000000015
15832  -36.598  -69.950  -13.037 0.1000000015
15110  -36.835  -70.375  -13.377 0.1000000015
17393  -37.885  -67.311  -12.866 0.1000000015
18180  -37.080  -66.289  -11.762 0.1000000015
18925  -37.365  -65.611  -12.190 0.1000000015
19655  -36.875  -64.229  -12.094 0.1000000015
20418  -36.843  -62.950  -13.312 0.1000000015
17392  -37.539  -68.237  -12.364 0.1000000015
117476  -37.509  -67.170  -12.001 0.1000000015
18926  -37.889  -65.558  -12.767 0.1000000015
19645  -37.562  -64.911  -12.427 0.1000000015
20409  -37.285  -63.660  -12.882 0.1000000015
20419  -37.442  -63.426  -13.849 0.1000000015
18188  -37.996  -66.338  -13.159 0.1000000015
19667  -38.268  -64.758  -13.958 0.1000000015
19666  -37.857  -64.138  -13.435 0.1000000015
19671  -37.907  -64.021  -14.423 0.1000000015
5034  -34.588  -87.422  -5.293 0.1000000015
4474  -33.936  -88.457  -5.605 0.1000000015
117655  -33.946  -86.890  -6.308 0.1000000015
4499  -33.361  -88.226  -7.709 0.1000000015
6147  -33.849  -85.499  -7.486 0.1000000015
128199  -32.571  -89.508  -8.582 0.1000000015
5072  -34.395  -86.975  -9.135 0.1000000015
6632  -33.727  -83.279  -5.859 0.1000000015
7143  -35.150  -82.147  -5.638 0.1000000015
130140  -33.434  -84.064  -5.733 0.1000000015
6649  -35.871  -83.252  -6.316 0.1000000015
5586  -34.601  -85.533  -8.116 0.1000000015
135570  -36.306  -85.441  -7.974 0.1000000015
5073  -35.446  -86.520  -9.378 0.1000000015
7784  -35.944  -81.828  -11.767 0.1000000015
6713  -37.947  -82.819  -13.907 0.1000000015
117317  -37.448  -84.514  -12.689 0.1000000015
6210  -37.424  -84.059  -14.037 0.1000000015
8319  -35.295  -80.074  -4.654 0.1000000015
7721  -35.342  -81.485  -5.287 0.1000000015
8965  -36.515  -79.444  -4.997 0.2000000030
10835  -33.618  -76.310  -6.590 0.1000000015
9582  -33.276  -78.700  -7.010 0.1000000015
7168  -34.103  -82.165  -9.167 0.1000000015
8428  -34.267  -81.092  -10.693 0.1000000015
6679  -35.707  -83.277  -10.299 0.1000000015
7199  -35.664  -82.971  -10.827 0.1000000015
6672  -36.514  -83.911  -9.526 0.1000000015
6187  -37.397  -84.770  -11.725 0.1000000015
6175  -37.449  -84.772  -10.178 0.1000000015
118613  -36.918  -86.689  -10.185 0.1000000015
6176  -37.774  -85.278  -9.897 0.1000000015
5112  -37.229  -86.303  -10.546 0.1000000015
120199  -39.163  -79.612  -5.345 0.1000000015
124347  -37.392  -77.933  -5.113 0.2000000030
9556  -36.460  -78.282  -4.746 0.2000000030
8975  -39.499  -80.206  -5.440 0.1000000015
135565  -38.413  -83.188  -6.066 0.1000000015
5589  -37.917  -85.677  -7.937 0.1000000015
9000  -33.880  -79.330  -7.138 0.1000000015
7737  -34.587  -81.264  -7.712 0.1000000015
7169  -35.679  -82.699  -8.603 0.1000000015
7170  -36.805  -83.059  -8.451 0.1000000015
122392  -38.339  -85.129  -8.845 0.1000000015
5607  -37.823  -85.985  -8.629 0.1000000015
7726  -40.117  -80.768  -5.902 0.1000000015
9583  -34.224  -78.531  -6.865 0.1000000015
125668  -38.715  -83.283  -7.062 0.1000000015
122116  -32.997  -73.145  -6.413 0.1000000015
9002  -36.215  -79.939  -7.306 0.1000000015
8376  -36.090  -80.707  -7.467 0.1000000015
7738  -36.518  -81.247  -7.616 0.1000000015
7158  -37.633  -82.638  -7.854 0.1000000015
6161  -38.359  -84.823  -8.227 0.1000000015
13597  -30.653  -72.754  -6.510 0.1000000015
10253  -42.282  -77.313  -7.738 0.1000000015
10213  -42.043  -77.979  -6.169 0.1000000015
127887  -41.640  -78.973  -6.304 0.1000000015
9005  -40.033  -79.885  -7.088 0.1000000015
131487  -39.077  -74.903  -5.193 0.2000000030
8380  -40.361  -80.478  -6.447 0.1000000015
10249  -39.103  -77.714  -7.973 0.1000000015
9004  -39.054  -79.847  -7.379 0.1000000015
118660  -39.728  -80.506  -6.946 0.1000000015
7160  -39.364  -81.808  -6.451 0.1000000015
10233  -37.231  -77.567  -7.573 0.1000000015
133118  -37.029  -79.936  -7.419 0.1000000015
9598  -38.198  -79.172  -7.506 0.1000000015
11472  -41.481  -74.719  -5.962 0.1000000015
16547  -31.974  -68.733  -7.813 0.1000000015
15772  -30.390  -68.972  -7.164 0.1000000015
129385  -39.063  -75.985  -8.438 0.1000000015
15775  -33.070  -69.780  -7.810 0.1000000015
16546  -30.453  -68.218  -7.739 0.1000000015
12920  -38.214  -73.921  -9.102 0.1000000015
18167  -34.388  -66.389  -10.663 0.1000000015
14368  -37.026  -71.881  -11.152 0.1000000015
17249  -37.671  -66.837  1.766 0.5000000000
14255  -41.836  -72.581  1.468 0.5000000000
14239  -41.157  -72.437  2.991 0.5000000000
18068  -37.361  -66.099  1.156 0.5000000000
17250  -38.190  -67.477  1.329 0.5000000000
16458  -38.853  -67.960  1.887 0.5000000000
14240  -41.833  -72.603  2.540 0.5000000000
19549  -37.072  -64.583  0.813 0.5000000000
18823  -37.060  -65.322  1.625 0.5000000000
17253  -37.695  -66.814  0.733 0.5000000000
14232  -42.410  -72.151  2.765 0.5000000000
18827  -37.415  -65.158  0.574 0.5000000000
18072  -37.704  -65.882  0.225 0.5000000000
18073  -38.008  -66.515  -0.188 0.4000000060
13522  -44.695  -72.841  1.275 0.5000000000
12803  -45.201  -73.368  0.526 0.5000000000
14257  -44.993  -72.075  1.317 0.5000000000
14258  -45.696  -72.085  0.476 0.5000000000
14988  -46.537  -70.509  -1.000 0.5000000000
14987  -45.585  -70.303  -0.915 0.5000000000
15712  -45.924  -69.307  -2.569 0.4000000060
16499  -45.767  -68.149  -3.988 0.4000000060
15674  -38.275  -70.275  2.568 0.1000000015
14253  -40.373  -72.023  2.209 0.5000000000
115032  -37.353  -66.142  2.060 0.5000000000
17236  -38.476  -67.357  2.540 0.5000000000
16459  -39.613  -68.590  1.876 0.4000000060
14231  -41.729  -72.294  3.036 0.5000000000
19548  -36.613  -64.491  1.453 0.5000000000
20297  -36.216  -63.748  1.327 0.5000000000
21066  -35.137  -62.790  1.584 0.5000000000
20296  -35.843  -63.059  1.166 0.5000000000
19557  -36.882  -63.744  0.574 0.5000000000
21080  -35.419  -62.509  0.841 0.4000000060
131738  -36.382  -63.237  0.727 0.3000000119
19558  -37.596  -64.108  -0.050 0.5000000000
18075  -38.266  -65.461  -0.582 0.4000000060
16473  -38.829  -68.060  -0.401 0.6999999881
16474  -39.758  -68.842  -0.304 0.5000000000
21105  -36.082  -62.784  0.470 0.3000000119
20306  -36.698  -63.090  0.141 0.3000000119
18831  -37.885  -64.876  -0.317 0.4000000060
17258  -38.486  -66.943  -0.717 0.5000000000
15700  -40.677  -69.513  -0.091 0.6000000238
14958  -41.859  -70.134  2.171 0.6000000238
14241  -42.840  -72.204  2.473 0.5000000000
13521  -43.954  -72.941  1.513 0.3000000119
20307  -37.324  -63.401  -0.293 0.3000000119
126529  -38.168  -64.067  -0.772 0.3000000119
18077  -38.965  -65.005  -1.235 0.4000000060
16479  -39.586  -68.004  -1.459 0.5000000000
14973  -42.456  -70.134  0.540 0.6000000238
14949  -43.776  -71.215  1.722 0.5000000000
14256  -44.208  -71.766  1.733 0.5000000000
19569  -38.103  -63.691  -1.434 0.4000000060
18835  -39.092  -64.184  -1.682 0.4000000060
132767  -39.578  -67.096  -1.918 0.5000000000
16480  -40.413  -68.297  -1.994 0.5000000000
14985  -42.514  -70.184  -0.666 0.5000000000
14974  -43.333  -70.370  0.239 0.5000000000
131525  -45.119  -70.886  0.395 0.5000000000
19575  -38.048  -63.793  -1.876 0.4000000060
18842  -39.379  -64.196  -2.237 0.4000000060
18080  -40.095  -65.081  -2.613 0.5000000000
16484  -41.001  -67.428  -2.735 0.5000000000
15709  -42.058  -68.883  -2.598 0.4000000060
14986  -43.538  -70.307  -0.878 0.5000000000
134133  -44.523  -70.240  -1.102 0.5000000000
18843  -39.831  -64.572  -2.525 0.4000000060
17270  -40.489  -65.741  -2.806 0.5000000000
16485  -41.711  -67.817  -3.098 0.5000000000
16486  -42.506  -68.096  -3.276 0.4000000060
15707  -45.174  -69.826  -1.823 0.4000000060
18082  -40.967  -65.683  -3.548 0.5000000000
16495  -42.238  -67.040  -3.565 0.4000000060
15724  -44.329  -68.274  -3.523 0.4000000060
15725  -45.333  -68.569  -3.351 0.4000000060
18094  -41.681  -65.834  -4.160 0.3000000119
131985  -42.688  -66.571  -4.469 0.4000000060
17282  -43.377  -66.984  -4.557 0.3000000119
17299  -43.913  -67.052  -4.848 0.3000000119
17300  -44.836  -67.353  -4.807 0.3000000119
16457  -37.142  -69.021  2.212 0.1000000015
15682  -37.640  -69.618  1.872 0.1000000015
16444  -37.322  -69.033  3.192 0.1000000015
15673  -37.766  -69.660  2.821 0.1000000015
14938  -39.078  -70.758  3.440 0.4000000060
14945  -39.614  -71.630  2.364 0.4000000060
14238  -40.399  -72.063  3.204 0.5000000000
14939  -39.710  -71.563  3.278 0.4000000060
14229  -40.343  -71.793  3.729 0.5000000000
18810  -37.239  -65.724  2.886 0.5000000000
18054  -37.799  -66.560  2.779 0.5000000000
16445  -39.332  -68.166  2.829 0.4000000060
14929  -40.880  -71.221  4.256 0.5000000000
14230  -40.983  -71.988  3.690 0.5000000000
19534  -36.123  -64.323  2.128 0.5000000000
18809  -36.680  -64.954  2.432 0.5000000000
20287  -34.648  -63.175  2.328 0.5000000000
20288  -35.521  -63.613  1.997 0.5000000000
15676  -41.307  -70.056  3.530 0.6000000238
21079  -34.686  -62.151  1.232 0.4000000060
21895  -34.924  -62.008  0.506 0.2000000030
21104  -35.598  -62.389  0.193 0.3000000119
20316  -36.802  -63.111  -0.499 0.3000000119
20317  -37.470  -63.374  -0.953 0.4000000060
21934  -35.067  -61.948  -0.067 0.3000000119
21135  -36.169  -62.824  -0.698 0.3000000119
21946  -34.981  -62.035  -0.663 0.3000000119
20324  -35.863  -62.980  -1.310 0.4000000060
20325  -36.699  -63.193  -1.095 0.4000000060
19574  -37.044  -64.029  -1.835 0.4000000060
18841  -38.658  -64.212  -2.405 0.4000000060
18854  -39.452  -64.620  -2.863 0.4000000060
20332  -36.194  -63.626  -1.751 0.3000000119
18840  -37.390  -64.439  -2.297 0.3000000119
18091  -38.911  -65.392  -3.450 0.3000000119
18093  -40.425  -65.375  -3.550 0.4000000060
17279  -38.254  -66.551  -3.840 0.3000000119
124254  -39.688  -66.429  -4.290 0.3000000119
18109  -41.731  -65.965  -4.627 0.4000000060
17298  -42.925  -66.666  -4.857 0.3000000119
17293  -37.862  -67.527  -4.427 0.2000000030
17294  -38.788  -67.097  -4.289 0.2000000030
16509  -40.813  -67.023  -4.783 0.3000000119
17313  -42.975  -66.795  -5.146 0.3000000119
16518  -37.924  -68.323  -5.145 0.1000000015
15742  -39.618  -68.801  -5.300 0.2000000030
17312  -42.461  -66.712  -5.185 0.4000000060
18898  -37.929  -65.723  -8.496 0.1000000015
122703  -38.005  -69.693  3.772 0.1000000015
130506  -38.319  -70.202  3.371 0.1000000015
15659  -38.692  -70.293  4.181 0.2000000030
14927  -39.497  -70.706  4.301 0.5000000000
14928  -39.890  -71.380  3.953 0.4000000060
14214  -40.464  -71.547  4.096 0.4000000060
18801  -37.269  -65.652  3.826 0.5000000000
18055  -38.397  -66.923  3.472 0.4000000060
16429  -38.958  -67.791  3.820 0.4000000060
16430  -39.873  -68.750  3.987 0.4000000060
15661  -41.051  -70.339  4.252 0.5000000000
15645  -40.538  -70.508  4.517 0.5000000000
19533  -35.685  -64.246  2.665 0.5000000000
19525  -36.235  -64.708  3.039 0.5000000000
18800  -36.806  -65.220  3.439 0.4000000060
128149  -33.748  -62.649  2.669 0.4000000060
21875  -33.905  -61.646  1.880 0.4000000060
21065  -34.414  -62.480  1.911 0.5000000000
21894  -34.429  -61.414  0.971 0.3000000119
22739  -34.185  -60.789  0.648 0.2000000030
126627  -33.832  -60.119  0.945 0.1000000015
21933  -34.561  -61.400  -0.356 0.3000000119
22793  -33.976  -60.735  -0.753 0.1000000015
21147  -35.192  -62.681  -1.505 0.3000000119
21945  -34.420  -61.509  -1.126 0.2000000030
21146  -34.611  -62.517  -2.083 0.2000000030
19573  -36.097  -64.448  -2.563 0.2000000030
18852  -36.598  -65.206  -3.088 0.2000000030
20337  -34.615  -63.602  -3.485 0.2000000030
18851  -35.732  -65.071  -3.573 0.2000000030
18089  -37.015  -66.007  -3.494 0.2000000030
18863  -35.616  -65.421  -4.403 0.1000000015
17292  -37.083  -67.226  -4.645 0.2000000030
19609  -35.316  -64.463  -5.775 0.1000000015
18878  -36.142  -65.964  -5.784 0.1000000015
18130  -37.069  -67.130  -6.362 0.1000000015
119509  -37.445  -68.036  -5.970 0.1000000015
18885  -36.171  -65.196  -6.704 0.1000000015
18137  -36.684  -66.149  -6.815 0.1000000015
17334  -37.483  -67.560  -6.803 0.1000000015
18890  -36.701  -65.146  -7.526 0.1000000015
124317  -37.167  -65.933  -7.878 0.1000000015
19625  -38.194  -64.737  -8.819 0.1000000015
19630  -38.552  -63.999  -9.290 0.1000000015
15658  -38.340  -69.700  4.775 0.3000000119
15643  -39.107  -70.107  4.991 0.3000000119
16389  -38.111  -68.368  6.502 0.3000000119
16402  -38.635  -68.961  5.950 0.3000000119
15630  -39.062  -69.543  5.450 0.3000000119
15644  -39.819  -69.950  5.023 0.3000000119
122105  -40.162  -70.667  4.583 0.4000000060
18021  -38.651  -67.370  6.278 0.3000000119
17193  -39.042  -68.608  5.925 0.3000000119
16415  -39.699  -69.099  4.958 0.5000000000
18788  -37.511  -65.807  4.571 0.4000000060
18035  -38.190  -66.392  4.955 0.5000000000
17220  -39.035  -67.785  4.961 0.4000000060
17221  -39.420  -68.386  4.665 0.4000000060
15660  -40.377  -69.724  4.529 0.5000000000
20275  -33.528  -63.108  3.644 0.4000000060
19523  -34.856  -64.213  3.760 0.4000000060
19524  -35.649  -64.477  3.455 0.5000000000
19515  -36.384  -64.982  4.077 0.5000000000
21850  -33.101  -61.715  3.809 0.4000000060
20276  -34.149  -63.572  3.148 0.5000000000
22699  -33.202  -60.908  3.413 0.4000000060
21863  -33.408  -61.744  2.885 0.4000000060
22681  -32.897  -60.964  4.290 0.4000000060
112002  -33.073  -60.161  4.017 0.3000000119
22718  -33.498  -60.901  2.528 0.3000000119
121609  -33.611  -60.257  2.157 0.3000000119
129823  -33.732  -60.862  1.972 0.3000000119
23596  -33.620  -59.399  2.441 0.3000000119
23612  -33.687  -59.811  1.650 0.2000000030
129804  -33.659  -59.430  1.135 0.1000000015
23635  -33.703  -59.583  0.419 0.1000000015
118872  -33.692  -59.959  -0.749 0.1000000015
21952  -34.267  -61.739  -1.997 0.2000000030
22792  -33.638  -60.119  -1.451 0.1000000015
21944  -33.923  -60.947  -1.717 0.1000000015
21961  -34.106  -62.126  -2.979 0.2000000030
21951  -33.904  -61.160  -2.654 0.2000000030
20341  -34.434  -63.336  -4.225 0.1000000015
21156  -34.338  -62.636  -4.782 0.1000000015
20353  -35.009  -63.627  -5.734 0.1000000015
125728  -34.742  -62.886  -5.640 0.1000000015
20359  -35.545  -63.706  -6.427 0.1000000015
19616  -36.330  -64.365  -7.242 0.1000000015
21175  -35.949  -63.058  -7.010 0.1000000015
20366  -36.560  -63.544  -7.556 0.1000000015
20373  -37.544  -63.472  -8.483 0.1000000015
21191  -37.586  -62.770  -8.554 0.1000000015
20374  -38.133  -63.320  -8.956 0.1000000015
22002  -38.390  -61.920  -9.344 0.1000000015
21198  -38.963  -62.256  -9.877 0.1000000015
22008  -39.477  -61.405  -10.373 0.1000000015
115679  -39.703  -60.063  -10.787 0.1000000015
17191  -37.632  -68.225  6.471 0.3000000119
124490  -38.273  -66.859  6.753 0.3000000119
18777  -37.710  -66.036  5.505 0.4000000060
18776  -37.324  -65.709  6.290 0.3000000119
20262  -33.434  -63.277  4.656 0.3000000119
118426  -34.005  -63.851  4.153 0.3000000119
19513  -34.797  -64.322  4.758 0.4000000060
112812  -36.249  -64.990  4.941 0.4000000060
21849  -32.862  -61.774  4.719 0.3000000119
19496  -35.695  -64.608  5.387 0.4000000060
19497  -36.533  -65.012  5.836 0.4000000060
114174  -36.817  -65.198  6.774 0.3000000119
22663  -32.909  -60.122  5.542 0.3000000119
22662  -32.791  -60.973  5.178 0.3000000119
130106  -32.928  -60.333  4.765 0.3000000119
119026  -33.106  -59.465  4.780 0.3000000119
23563  -33.389  -58.692  4.212 0.3000000119
23579  -33.374  -59.995  3.089 0.3000000119
114260  -33.542  -59.002  3.312 0.3000000119
24410  -33.794  -58.518  2.646 0.2000000030
24427  -33.713  -58.905  1.758 0.1000000015
134350  -33.828  -58.391  1.464 0.1000000015
25244  -33.957  -57.822  1.202 0.1000000015
119691  -33.854  -57.988  0.216 0.1000000015
23653  -33.668  -59.402  -0.354 0.1000000015
23660  -33.583  -59.313  -1.143 0.1000000015
22795  -33.650  -60.279  -2.377 0.1000000015
21960  -33.983  -61.265  -3.582 0.2000000030
22801  -33.807  -60.464  -3.274 0.2000000030
22810  -34.041  -60.599  -3.994 0.2000000030
21977  -34.346  -61.683  -5.085 0.1000000015
118456  -34.262  -60.242  -4.608 0.1000000015
21978  -34.798  -61.566  -5.928 0.1000000015
132992  -35.520  -62.488  -6.721 0.1000000015
22832  -35.263  -60.744  -6.397 0.1000000015
21987  -35.381  -61.754  -6.664 0.1000000015
21182  -36.000  -62.169  -7.309 0.1000000015
21991  -35.958  -61.175  -7.226 0.1000000015
21992  -36.716  -62.046  -7.930 0.1000000015
21993  -37.293  -62.214  -8.372 0.1000000015
22001  -37.838  -62.070  -8.806 0.1000000015
22007  -38.773  -61.325  -9.781 0.1000000015
22865  -38.388  -60.574  -9.619 0.1000000015
124737  -39.251  -60.436  -10.254 0.1000000015
23755  -39.332  -59.271  -10.484 0.1000000015
23770  -39.726  -59.564  -11.025 0.1000000015
17190  -36.904  -67.577  6.436 0.2000000030
18000  -36.047  -66.832  7.319 0.2000000030
18002  -37.876  -67.054  7.345 0.3000000119
17976  -36.091  -66.549  8.020 0.2000000030
17155  -37.308  -67.048  7.618 0.3000000119
20263  -34.014  -63.875  5.169 0.3000000119
21825  -32.838  -61.766  5.647 0.3000000119
21041  -33.013  -62.595  5.173 0.3000000119
20250  -33.454  -63.309  5.621 0.3000000119
19495  -34.875  -64.164  5.764 0.3000000119
19478  -35.891  -64.518  6.643 0.3000000119
112683  -32.955  -59.999  6.462 0.3000000119
22645  -32.802  -60.883  6.101 0.3000000119
19477  -34.822  -64.014  6.574 0.3000000119
19479  -36.689  -65.203  7.548 0.2000000030
24349  -33.406  -58.526  6.544 0.2000000030
23545  -33.090  -59.101  5.895 0.2000000030
24382  -33.234  -58.432  5.101 0.3000000119
115457  -33.380  -57.790  4.534 0.3000000119
119038  -33.640  -58.004  3.569 0.2000000030
116323  -33.984  -58.113  1.984 0.1000000015
25207  -33.756  -57.226  3.364 0.2000000030
116101  -33.969  -56.823  2.800 0.1000000015
25225  -34.099  -57.296  2.013 0.1000000015
26059  -34.301  -56.514  0.505 0.1000000015
26843  -34.710  -55.556  0.899 0.1000000015
27658  -35.132  -54.922  0.555 0.1000000015
25262  -34.092  -57.130  -0.080 0.1000000015
26076  -34.352  -56.423  -0.280 0.1000000015
26861  -34.651  -55.947  -0.892 0.1000000015
26870  -35.453  -55.455  -1.181 0.1000000015
26863  -35.800  -54.961  -0.724 0.1000000015
27682  -37.327  -54.312  -0.948 0.1000000015
25286  -33.889  -57.728  -1.321 0.1000000015
26083  -34.581  -56.497  -1.541 0.1000000015
26084  -35.105  -56.042  -1.723 0.1000000015
121558  -36.739  -55.397  -1.675 0.1000000015
24465  -33.634  -58.550  -1.661 0.1000000015
24472  -33.689  -58.623  -2.574 0.1000000015
23665  -33.496  -59.393  -2.050 0.1000000015
23677  -33.966  -59.870  -3.916 0.2000000030
23698  -34.636  -59.719  -5.189 0.1000000015
111841  -34.625  -60.707  -5.387 0.1000000015
115661  -36.597  -61.237  -7.894 0.1000000015
22000  -37.282  -61.464  -8.527 0.1000000015
23746  -37.480  -59.856  -8.790 0.1000000015
22857  -37.639  -60.625  -9.048 0.1000000015
23753  -37.962  -59.984  -9.412 0.1000000015
23754  -38.685  -59.719  -9.822 0.1000000015
18728  -35.330  -65.566  9.174 0.2000000030
17956  -36.306  -66.289  8.275 0.2000000030
17978  -37.393  -66.520  7.683 0.3000000119
18765  -37.755  -66.400  7.076 0.3000000119
18737  -35.898  -66.013  8.633 0.2000000030
18738  -36.528  -66.010  8.344 0.2000000030
18750  -37.026  -65.918  8.019 0.3000000119
18764  -37.284  -65.801  7.371 0.3000000119
21019  -33.138  -62.582  6.134 0.3000000119
20235  -33.583  -63.253  6.578 0.3000000119
20236  -34.218  -63.684  7.009 0.3000000119
112749  -32.961  -60.765  7.114 0.3000000119
21815  -33.188  -61.692  7.538 0.3000000119
20223  -33.783  -63.201  7.467 0.3000000119
20224  -34.489  -63.627  7.839 0.3000000119
19462  -35.124  -64.071  7.346 0.3000000119
23512  -34.224  -58.930  8.018 0.2000000030
112290  -33.135  -59.921  7.194 0.3000000119
19463  -35.992  -64.593  7.765 0.2000000030
24336  -33.786  -58.551  7.288 0.2000000030
25158  -33.688  -57.809  6.708 0.2000000030
24365  -33.296  -57.958  5.892 0.3000000119
25954  -33.600  -57.123  6.165 0.3000000119
25189  -33.509  -57.124  4.080 0.2000000030
25175  -33.387  -57.251  5.536 0.3000000119
126426  -33.517  -56.265  5.015 0.2000000030
25989  -33.521  -56.364  4.381 0.2000000030
26810  -33.669  -55.861  3.881 0.2000000030
26031  -34.368  -55.459  2.008 0.1000000015
25294  -34.456  -57.254  -2.668 0.1000000015
26095  -34.795  -56.615  -2.234 0.1000000015
26096  -35.507  -56.290  -2.419 0.1000000015
26097  -36.333  -56.196  -2.604 0.1000000015
24473  -34.088  -57.963  -3.053 0.1000000015
25302  -34.669  -57.467  -3.478 0.1000000015
25303  -35.790  -56.748  -3.540 0.1000000015
24478  -33.862  -58.633  -3.330 0.1000000015
24479  -34.278  -58.203  -3.905 0.1000000015
25312  -34.955  -57.653  -4.314 0.1000000015
25313  -35.793  -57.152  -4.296 0.1000000015
23670  -33.925  -59.031  -3.926 0.1000000015
24504  -34.715  -58.822  -5.021 0.1000000015
25327  -35.589  -57.809  -5.483 0.1000000015
25347  -35.728  -57.982  -6.065 0.1000000015
23699  -35.030  -59.236  -5.583 0.1000000015
23717  -35.465  -59.251  -6.097 0.1000000015
23733  -35.945  -59.370  -6.687 0.1000000015
132206  -35.515  -59.889  -6.412 0.1000000015
22842  -35.914  -60.199  -6.951 0.1000000015
23734  -36.375  -59.572  -7.330 0.1000000015
22856  -37.031  -60.546  -8.339 0.1000000015
18717  -34.468  -65.488  10.704 0.3000000119
19440  -35.048  -64.709  9.602 0.3000000119
118950  -35.556  -65.003  8.976 0.2000000030
19449  -35.835  -64.779  8.462 0.2000000030
19450  -36.449  -65.323  8.172 0.2000000030
20196  -34.867  -63.853  9.468 0.3000000119
20197  -35.246  -64.346  8.937 0.3000000119
114176  -33.187  -60.984  7.955 0.3000000119
129974  -33.708  -62.228  8.636 0.3000000119
20207  -34.705  -63.560  8.702 0.3000000119
20208  -35.283  -64.119  8.190 0.3000000119
123035  -33.565  -60.643  8.690 0.3000000119
135249  -33.697  -61.266  8.974 0.3000000119
24337  -34.514  -58.228  7.733 0.2000000030
25145  -34.161  -57.816  7.265 0.2000000030
25955  -34.046  -56.398  6.098 0.3000000119
25972  -33.876  -55.930  5.432 0.2000000030
26790  -33.785  -55.608  4.666 0.2000000030
24524  -36.184  -57.904  -6.602 0.1000000015
24536  -36.374  -58.686  -7.125 0.1000000015
135071  -36.676  -59.130  -7.578 0.1000000015
124010  -36.958  -59.625  -7.979 0.1000000015
132270  -34.503  -65.729  12.152 0.1000000015
18690  -34.811  -65.126  12.453 0.2000000030
18709  -34.490  -65.039  11.570 0.3000000119
19417  -34.554  -64.066  11.422 0.3000000119
20188  -34.662  -63.687  10.688 0.3000000119
20981  -34.444  -62.470  9.612 0.3000000119
22613  -34.137  -60.012  9.301 0.3000000119
21786  -34.007  -60.963  9.403 0.3000000119
21787  -34.452  -61.557  9.842 0.3000000119
128939  -35.490  -58.712  9.453 0.2000000030
24325  -34.911  -58.427  8.293 0.2000000030
24338  -35.173  -57.937  7.927 0.1000000015
25159  -34.306  -57.096  6.809 0.2000000030
25147  -35.796  -57.515  7.660 0.1000000015
25160  -35.302  -56.942  7.048 0.2000000030
25956  -34.819  -56.298  6.466 0.2000000030
26760  -35.217  -55.708  6.170 0.3000000119
20175  -34.673  -63.295  11.256 0.3000000119
127627  -34.755  -62.547  10.969 0.3000000119
20972  -34.665  -62.073  10.331 0.3000000119
22594  -35.248  -59.923  10.401 0.3000000119
21774  -34.816  -61.277  10.410 0.3000000119
23485  -35.489  -59.249  10.099 0.2000000030
24315  -36.390  -58.208  9.442 0.1000000015
25136  -36.378  -57.707  8.151 0.1000000015
25148  -36.781  -57.416  7.454 0.1000000015
25161  -36.252  -57.008  7.026 0.1000000015
25957  -35.781  -56.289  6.498 0.1000000015
20156  -35.454  -62.834  12.231 0.3000000119
20157  -36.300  -62.864  12.676 0.2000000030
20961  -35.334  -62.195  11.675 0.3000000119
21775  -35.175  -61.535  11.053 0.3000000119
23468  -35.878  -59.481  10.613 0.2000000030
124573  -35.670  -60.130  10.879 0.3000000119
23469  -36.632  -59.084  10.779 0.2000000030
24317  -38.566  -58.232  9.493 0.1000000015
24316  -37.825  -58.074  9.408 0.1000000015
24318  -39.219  -58.314  9.098 0.1000000015
24328  -37.601  -57.823  8.592 0.1000000015
25137  -37.230  -57.663  7.914 0.1000000015
131235  -38.500  -58.026  8.569 0.1000000015
25138  -38.039  -57.903  7.749 0.1000000015
25149  -37.641  -57.779  6.945 0.1000000015
25162  -37.631  -57.436  6.183 0.1000000015
20944  -36.048  -62.129  12.256 0.2000000030
21751  -36.619  -61.495  12.186 0.2000000030
21765  -35.875  -61.467  11.765 0.2000000030
23452  -37.251  -59.645  11.341 0.2000000030
129342  -36.420  -60.981  11.792 0.2000000030
23453  -38.132  -59.149  11.116 0.1000000015
24295  -37.429  -58.858  10.832 0.2000000030
24308  -39.043  -58.501  10.043 0.1000000015
25139  -38.709  -58.173  7.675 0.1000000015
24339  -38.425  -58.256  6.915 0.1000000015
25163  -38.260  -57.911  6.015 0.1000000015
24330  -39.984  -58.552  7.737 0.1000000015
24329  -39.292  -58.263  8.123 0.1000000015
24340  -39.228  -58.527  7.090 0.1000000015
116612  -38.921  -58.444  6.206 0.1000000015
24341  -40.042  -58.731  6.817 0.1000000015
131610  -39.529  -58.656  6.304 0.1000000015
16468  -39.518  -68.727  0.664 0.4000000060
16467  -38.764  -68.123  0.897 0.5000000000
17254  -38.166  -67.443  0.228 0.5000000000
118780  -40.509  -69.285  2.605 0.5000000000
13507  -42.471  -72.679  1.976 0.5000000000
124194  -40.031  -68.812  2.982 0.4000000060
15694  -40.234  -69.182  0.551 0.5000000000
135069  -41.539  -71.799  3.428 0.5000000000
15684  -40.337  -69.138  1.477 0.6000000238
14948  -43.070  -71.530  2.477 0.5000000000
13508  -43.108  -72.495  2.007 0.3000000119
12802  -44.521  -73.237  0.934 0.5000000000
14946  -41.729  -70.781  3.194 0.5000000000
133904  -41.646  -72.514  0.408 0.5000000000
14947  -42.257  -71.541  2.993 0.5000000000
130252  -38.538  -65.986  -0.818 0.4000000060
13509  -44.038  -72.464  1.752 0.4000000060
14976  -45.658  -70.743  -0.200 0.5000000000
15708  -46.425  -69.939  -1.716 0.4000000060
14989  -47.107  -70.302  -1.789 0.4000000060
15711  -44.401  -69.107  -2.775 0.4000000060
17284  -45.090  -67.603  -4.432 0.3000000119
16498  -44.784  -67.820  -3.988 0.4000000060
120472  -39.086  -67.107  -1.410 0.4000000060
21123  -36.240  -62.721  -0.117 0.3000000119
19564  -37.969  -63.621  -0.863 0.4000000060
18832  -38.558  -64.484  -1.030 0.4000000060
17264  -39.064  -65.935  -1.405 0.5000000000
16475  -40.196  -68.895  -1.041 0.6000000238
15701  -41.594  -69.895  -0.391 0.6000000238
14972  -41.667  -69.859  0.831 0.6000000238
15695  -40.976  -69.546  1.136 0.6000000238
15685  -41.186  -69.716  2.330 0.6000000238
14959  -42.565  -70.446  1.939 0.5000000000
14242  -43.487  -72.022  2.148 0.5000000000
18836  -39.656  -64.764  -1.924 0.4000000060
17265  -39.788  -65.999  -2.114 0.4000000060
17266  -40.188  -67.020  -2.397 0.5000000000
15703  -40.905  -69.294  -1.279 0.5000000000
14960  -43.243  -70.555  1.426 0.5000000000
119914  -43.922  -70.659  0.953 0.5000000000
19570  -38.740  -63.914  -1.898 0.4000000060
19568  -37.361  -63.568  -1.419 0.4000000060
16481  -41.224  -68.655  -2.359 0.5000000000
15705  -42.791  -69.959  -1.698 0.4000000060
15704  -41.828  -69.669  -1.652 0.5000000000
14975  -44.554  -70.563  -0.004 0.5000000000
18844  -40.098  -64.856  -3.042 0.5000000000
17271  -40.947  -66.314  -2.982 0.5000000000
15710  -43.016  -69.183  -2.608 0.4000000060
15706  -43.861  -69.901  -1.871 0.5000000000
16487  -43.459  -68.258  -3.405 0.4000000060
122489  -41.071  -65.693  -4.199 0.4000000060
18108  -40.210  -65.653  -4.027 0.4000000060
17272  -41.626  -66.452  -3.439 0.4000000060
16496  -42.902  -67.156  -3.980 0.4000000060
18043  -37.802  -66.312  3.865 0.5000000000
14940  -41.368  -71.163  3.906 0.5000000000
20277  -35.051  -63.935  2.847 0.5000000000
15675  -40.638  -69.476  3.736 0.5000000000
21924  -34.609  -61.371  0.260 0.2000000030
21122  -35.618  -62.426  -0.362 0.3000000119
21134  -35.485  -62.513  -0.968 0.3000000119
21133  -34.821  -62.170  -1.379 0.3000000119
20331  -35.198  -63.172  -1.934 0.3000000119
20338  -35.201  -63.784  -2.600 0.3000000119
129514  -38.576  -64.958  -2.962 0.3000000119
18092  -39.808  -65.200  -3.464 0.3000000119
18853  -37.611  -65.170  -2.841 0.3000000119
18090  -37.851  -65.911  -3.349 0.3000000119
17280  -39.268  -66.020  -3.865 0.3000000119
18107  -37.423  -66.708  -3.986 0.2000000030
17295  -40.514  -66.207  -4.465 0.3000000119
125245  -41.270  -66.068  -4.664 0.4000000060
17297  -42.318  -66.268  -4.963 0.4000000060
16507  -38.523  -68.006  -4.616 0.2000000030
16508  -39.590  -67.659  -4.634 0.3000000119
16520  -41.220  -67.892  -5.147 0.2000000030
17310  -36.939  -67.364  -5.485 0.2000000030
16519  -38.761  -68.620  -5.200 0.2000000030
18145  -37.743  -66.627  -8.122 0.1000000015
18891  -37.349  -64.989  -8.221 0.1000000015
133213  -36.997  -65.382  4.207 0.4000000060
18044  -38.567  -66.980  4.406 0.5000000000
22738  -33.918  -60.702  1.430 0.3000000119
22764  -34.247  -60.781  0.015 0.2000000030
22779  -33.806  -60.166  -0.160 0.1000000015
20330  -34.545  -63.049  -2.791 0.2000000030
19581  -35.145  -64.358  -3.410 0.2000000030
18864  -36.263  -65.794  -3.860 0.2000000030
21154  -34.275  -62.814  -3.719 0.2000000030
19587  -35.124  -64.773  -4.228 0.1000000015
18106  -36.719  -66.510  -4.246 0.2000000030
20352  -34.652  -63.468  -4.939 0.1000000015
19602  -34.956  -64.237  -4.985 0.1000000015
118446  -35.442  -65.029  -5.483 0.1000000015
18105  -36.123  -66.028  -4.739 0.2000000030
18121  -36.494  -66.759  -5.069 0.2000000030
18884  -35.744  -65.098  -5.938 0.1000000015
125359  -35.294  -63.006  -6.325 0.1000000015
18129  -36.616  -66.725  -5.869 0.1000000015
16548  -37.920  -68.192  -6.884 0.1000000015
20360  -36.001  -63.794  -7.017 0.1000000015
18138  -37.320  -66.802  -7.272 0.1000000015
17348  -37.811  -67.447  -7.547 0.1000000015
19617  -36.916  -64.259  -7.832 0.1000000015
19624  -37.489  -64.151  -8.403 0.1000000015
123591  -37.975  -63.923  -8.818 0.1000000015
21192  -38.270  -62.598  -9.162 0.1000000015
16414  -37.950  -69.205  5.438 0.3000000119
15629  -38.553  -69.410  5.531 0.3000000119
17174  -38.218  -67.648  6.828 0.3000000119
16401  -38.139  -68.884  6.041 0.3000000119
17192  -38.626  -68.226  6.323 0.3000000119
16403  -39.288  -69.158  5.547 0.3000000119
17205  -39.039  -67.943  5.847 0.3000000119
18036  -38.726  -67.116  5.421 0.3000000119
18020  -38.373  -66.600  5.919 0.3000000119
17206  -39.302  -68.520  5.406 0.3000000119
18787  -37.005  -65.353  5.047 0.4000000060
21055  -33.338  -62.380  3.411 0.4000000060
21042  -33.146  -62.515  4.233 0.4000000060
127342  -33.307  -59.449  3.882 0.3000000119
24444  -33.679  -58.709  0.900 0.1000000015
112700  -34.145  -61.951  -4.110 0.1000000015
21165  -34.588  -62.217  -5.560 0.1000000015
21166  -34.999  -62.329  -6.195 0.1000000015
21183  -36.547  -62.776  -7.670 0.1000000015
20367  -37.046  -63.123  -8.063 0.1000000015
21184  -37.022  -62.613  -8.126 0.1000000015
22006  -38.027  -61.345  -9.220 0.1000000015
135008  -37.428  -67.711  6.848 0.2000000030
17173  -37.668  -67.626  7.001 0.2000000030
17203  -36.942  -67.886  5.519 0.2000000030
131618  -37.934  -66.321  6.346 0.3000000119
19514  -35.623  -64.638  4.386 0.4000000060
25261  -34.058  -57.278  0.616 0.1000000015
114355  -33.711  -58.835  0.101 0.1000000015
24457  -33.704  -58.482  -0.669 0.1000000015
131973  -33.911  -57.637  -0.560 0.1000000015
23669  -33.686  -59.471  -3.079 0.1000000015
21967  -34.196  -61.084  -4.487 0.1000000015
134194  -36.305  -61.676  -7.601 0.1000000015
17172  -36.995  -67.293  7.211 0.2000000030
18001  -36.819  -66.875  7.789 0.2000000030
17977  -36.874  -66.544  8.048 0.2000000030
21826  -32.985  -61.694  6.598 0.3000000119
20251  -34.062  -63.806  6.106 0.3000000119
23525  -33.287  -59.249  6.844 0.3000000119
122448  -33.937  -57.676  2.728 0.1000000015
26012  -33.680  -56.519  3.586 0.2000000030
26030  -34.176  -56.394  2.066 0.1000000015
26058  -34.162  -56.907  1.268 0.1000000015
26043  -34.420  -56.081  1.261 0.1000000015
134206  -34.512  -55.995  0.695 0.1000000015
113322  -34.625  -55.736  0.117 0.1000000015
26862  -35.176  -55.219  -0.401 0.1000000015
25277  -34.206  -56.894  -0.949 0.1000000015
26871  -36.248  -55.159  -1.231 0.1000000015
26884  -36.020  -55.715  -1.908 0.1000000015
27681  -36.486  -54.501  -0.664 0.1000000015
27690  -37.010  -54.934  -1.269 0.1000000015
121800  -34.275  -57.105  -1.839 0.1000000015
26872  -37.433  -55.407  -1.763 0.1000000015
24466  -33.947  -57.840  -2.201 0.1000000015
131276  -34.282  -59.396  -4.527 0.1000000015
22831  -35.070  -59.919  -5.865 0.1000000015
22843  -36.452  -60.397  -7.631 0.1000000015
18727  -34.737  -65.839  9.890 0.2000000030
120126  -35.979  -65.502  8.620 0.2000000030
18718  -34.834  -65.289  9.977 0.3000000119
21008  -33.336  -62.538  7.057 0.3000000119
22631  -33.304  -60.225  7.858 0.3000000119
20993  -33.568  -62.567  8.025 0.3000000119
20206  -34.052  -63.181  8.200 0.3000000119
23511  -33.582  -59.433  7.610 0.3000000119
25971  -33.558  -56.633  5.537 0.3000000119
116835  -33.330  -56.966  4.919 0.2000000030
26820  -33.896  -55.830  2.986 0.1000000015
25295  -35.135  -56.780  -3.047 0.1000000015
118819  -35.272  -57.164  -3.738 0.1000000015
24486  -34.628  -58.268  -4.556 0.1000000015
24487  -35.058  -58.078  -5.022 0.1000000015
24505  -35.335  -58.521  -5.668 0.1000000015
24523  -35.850  -58.606  -6.360 0.1000000015
19430  -34.652  -64.597  10.593 0.3000000119
127624  -34.828  -63.994  10.090 0.3000000119
21800  -33.477  -61.618  8.451 0.3000000119
20994  -34.148  -62.757  8.845 0.3000000119
21801  -33.921  -61.879  9.191 0.3000000119
123903  -34.586  -63.194  9.329 0.3000000119
22612  -33.818  -59.673  8.459 0.3000000119
23497  -34.636  -59.076  8.892 0.3000000119
25146  -34.880  -57.565  7.467 0.2000000030
26759  -34.556  -55.616  5.806 0.2000000030
113747  -34.208  -55.284  5.235 0.2000000030
26791  -34.350  -54.707  4.653 0.2000000030
17080  -34.349  -66.635  12.302 0.1000000015
19397  -34.665  -64.398  12.109 0.2000000030
122112  -34.638  -63.125  10.103 0.3000000119
134631  -34.628  -63.140  10.724 0.3000000119
23484  -34.872  -59.545  9.744 0.3000000119
22573  -34.658  -60.554  10.020 0.3000000119
124104  -35.305  -58.441  8.765 0.2000000030
24326  -35.606  -57.990  8.302 0.2000000030
20155  -34.868  -63.585  12.094 0.3000000119
20176  -34.961  -62.870  11.652 0.3000000119
22574  -35.226  -60.689  10.704 0.3000000119
24305  -36.097  -58.743  10.164 0.2000000030
112450  -35.974  -58.105  8.804 0.2000000030
24327  -36.778  -57.783  8.699 0.1000000015
117919  -37.112  -57.915  9.292 0.1000000015
24306  -37.041  -58.323  10.138 0.1000000015
114625  -37.075  -57.185  6.699 0.1000000015
22558  -35.856  -60.698  11.344 0.3000000119
22575  -36.298  -59.890  11.147 0.2000000030
24307  -38.120  -58.492  10.313 0.1000000015
21752  -37.451  -61.504  12.323 0.2000000030
22545  -37.089  -60.917  11.965 0.2000000030
23454  -38.933  -59.521  11.141 0.1000000015
130644  -43.841  -73.996  -0.152 0.3000000119
11421  -41.940  -75.268  -0.462 0.3000000119
125503  -43.170  -74.495  -0.418 0.3000000119
120050  -39.246  -79.159  2.644 0.2000000030
8872  -37.048  -80.269  3.288 0.2000000030
10776  -41.613  -75.995  -0.171 0.4000000060
10768  -41.196  -76.871  0.429 0.3000000119
12094  -44.633  -75.219  -0.356 0.4000000060
130098  -42.461  -76.718  0.215 0.3000000119
123069  -40.634  -78.019  1.427 0.3000000119
12812  -44.761  -73.813  0.280 0.4000000060
116008  -43.179  -76.184  -0.221 0.4000000060
10144  -41.376  -77.835  0.981 0.3000000119
8890  -40.029  -79.782  2.491 0.2000000030
121506  -45.035  -74.554  -0.159 0.4000000060
10145  -42.978  -78.328  0.568 0.4000000060
12813  -45.566  -74.267  -0.267 0.4000000060
13523  -45.413  -72.769  0.702 0.4000000060
10777  -43.585  -77.231  0.048 0.4000000060
10136  -41.379  -78.577  1.425 0.3000000119
8891  -40.763  -80.102  2.139 0.3000000119
12095  -45.528  -75.191  -0.648 0.4000000060
122997  -44.249  -76.773  -0.358 0.4000000060
9510  -43.413  -78.399  0.158 0.3000000119
8902  -41.237  -79.385  1.705 0.4000000060
13535  -45.989  -72.763  -0.015 0.4000000060
117378  -44.724  -76.594  -0.782 0.4000000060
8921  -42.668  -79.250  0.525 0.3000000119
14273  -46.305  -71.997  -0.259 0.4000000060
12096  -45.827  -74.848  -0.828 0.4000000060
11423  -45.271  -75.918  -0.796 0.4000000060
130236  -43.719  -77.898  -0.774 0.4000000060
13536  -46.457  -72.585  -0.692 0.4000000060
10786  -44.484  -77.125  -1.011 0.4000000060
124903  -42.863  -78.931  -0.377 0.3000000119
119374  -47.042  -71.677  -0.987 0.4000000060
12111  -45.861  -74.946  -1.029 0.4000000060
11430  -45.140  -76.270  -1.054 0.4000000060
10159  -43.362  -77.994  -1.109 0.4000000060
12821  -46.083  -74.095  -0.903 0.4000000060
12126  -45.328  -74.550  -1.502 0.4000000060
12110  -45.447  -75.475  -1.223 0.4000000060
11429  -44.216  -76.722  -1.491 0.4000000060
9531  -42.716  -78.534  -0.850 0.3000000119
13544  -46.703  -72.309  -1.137 0.4000000060
11446  -44.358  -75.648  -1.722 0.4000000060
126208  -42.650  -77.497  -1.522 0.3000000119
9519  -40.845  -78.883  -0.681 0.2000000030
13551  -47.093  -71.560  -1.478 0.3000000119
12820  -45.895  -73.982  -1.228 0.4000000060
13550  -46.685  -71.983  -1.669 0.4000000060
13549  -45.727  -72.861  -1.703 0.4000000060
119782  -43.797  -74.571  -2.143 0.4000000060
11445  -43.045  -75.890  -2.025 0.4000000060
9530  -41.743  -78.443  -1.031 0.2000000030
10158  -41.394  -77.611  -1.476 0.2000000030
9518  -39.583  -78.909  -0.592 0.3000000119
15714  -47.137  -69.812  -2.509 0.3000000119
14287  -47.283  -71.167  -2.015 0.3000000119
10798  -41.810  -75.943  -2.185 0.3000000119
10157  -40.126  -77.478  -1.492 0.2000000030
10784  -41.624  -76.743  -1.838 0.2000000030
9529  -39.840  -78.181  -1.080 0.2000000030
124929  -37.726  -79.372  -0.484 0.2000000030
15726  -46.561  -68.799  -3.247 0.3000000119
14997  -47.155  -70.584  -2.612 0.3000000119
12826  -44.173  -73.758  -2.128 0.4000000060
10797  -40.623  -75.912  -2.213 0.1000000015
15727  -47.127  -69.143  -3.184 0.3000000119
15012  -46.830  -70.351  -3.309 0.3000000119
131066  -44.362  -71.654  -2.928 0.2000000030
12824  -41.849  -73.700  -2.826 0.2000000030
10156  -39.095  -77.478  -1.507 0.1000000015
8935  -36.811  -79.293  -0.703 0.2000000030
14298  -44.022  -71.294  -3.617 0.2000000030
13563  -43.419  -71.818  -3.212 0.2000000030
13547  -42.062  -72.866  -3.165 0.1000000015
120757  -38.272  -77.470  -1.539 0.1000000015
9527  -37.631  -77.860  -1.346 0.1000000015
16510  -45.750  -67.736  -4.580 0.2000000030
15013  -47.177  -69.815  -3.204 0.3000000119
15011  -45.846  -70.646  -3.524 0.3000000119
17314  -43.706  -67.046  -5.121 0.2000000030
125792  -46.202  -67.891  -4.774 0.1000000015
15735  -47.235  -69.051  -4.013 0.3000000119
15021  -46.084  -70.334  -4.107 0.2000000030
13562  -42.366  -72.118  -3.698 0.1000000015
11443  -39.777  -75.232  -2.754 0.1000000015
10155  -37.594  -77.055  -1.883 0.1000000015
122206  -36.757  -77.998  -1.400 0.1000000015
112556  -45.126  -67.706  -5.510 0.2000000030
15746  -47.140  -69.177  -4.683 0.2000000030
15032  -46.837  -69.704  -5.033 0.2000000030
14309  -43.906  -71.222  -4.240 0.1000000015
14297  -43.138  -71.504  -3.980 0.1000000015
13561  -41.503  -72.675  -3.837 0.1000000015
12132  -39.528  -74.161  -3.906 0.1000000015
11442  -38.843  -75.423  -2.862 0.1000000015
10154  -36.782  -77.368  -1.874 0.1000000015
130570  -34.728  -79.092  -2.129 0.1000000015
15764  -46.736  -69.124  -5.432 0.1000000015
15030  -45.593  -70.736  -4.965 0.2000000030
125357  -44.496  -71.242  -4.913 0.1000000015
13574  -41.718  -72.384  -4.388 0.1000000015
12834  -40.084  -73.686  -4.282 0.1000000015
11441  -37.960  -75.660  -2.882 0.1000000015
11440  -37.076  -76.048  -2.977 0.1000000015
9538  -35.122  -78.207  -2.382 0.1000000015
8299  -34.192  -80.550  -2.050 0.1000000015
14308  -43.468  -71.615  -4.761 0.1000000015
12848  -40.080  -73.723  -4.908 0.1000000015
12145  -38.934  -74.723  -4.680 0.1000000015
9545  -35.125  -78.004  -3.603 0.1000000015
114927  -34.561  -79.031  -3.309 0.1000000015
11460  -37.532  -75.767  -4.205 0.1000000015
26772  -35.247  -55.099  5.767 0.2000000030
16522  -42.926  -67.530  -5.485 0.2000000030
16523  -43.597  -67.516  -5.520 0.1000000015
16525  -46.019  -67.878  -5.347 0.1000000015
126123  -45.574  -68.351  -6.018 0.1000000015
14319  -45.822  -71.342  -5.814 0.1000000015
15045  -46.433  -69.879  -5.867 0.1000000015
13586  -44.249  -72.191  -5.627 0.1000000015
13584  -41.987  -72.435  -5.136 0.1000000015
10167  -34.939  -77.893  -3.011 0.1000000015
10169  -36.177  -77.093  -2.503 0.1000000015
11453  -37.644  -75.589  -3.584 0.1000000015
12862  -40.871  -73.351  -5.234 0.1000000015
12093  -43.265  -75.255  -0.407 0.4000000060
9501  -40.391  -78.590  1.918 0.3000000119
10769  -42.505  -77.622  0.569 0.3000000119
9495  -40.507  -79.359  2.194 0.3000000119
9502  -42.119  -79.099  1.205 0.3000000119
133815  -45.933  -74.154  -0.570 0.4000000060
10146  -43.777  -77.743  -0.205 0.4000000060
9521  -43.193  -78.890  0.040 0.3000000119
12827  -45.142  -73.565  -1.780 0.4000000060
11428  -42.916  -76.745  -1.758 0.2000000030
126848  -40.776  -78.132  -1.170 0.2000000030
14285  -44.386  -72.487  -2.388 0.3000000119
12124  -42.754  -74.739  -2.342 0.2000000030
9528  -38.697  -78.195  -1.068 0.2000000030
127935  -45.484  -71.864  -2.397 0.3000000119
126607  -41.936  -75.212  -2.352 0.2000000030
10782  -39.343  -76.766  -1.918 0.1000000015
12825  -42.897  -73.666  -2.569 0.4000000060
14299  -45.157  -71.198  -3.205 0.2000000030
13548  -43.079  -72.632  -2.814 0.2000000030
11444  -40.823  -75.037  -2.572 0.1000000015
9526  -36.336  -78.573  -1.234 0.1000000015
12122  -39.970  -74.520  -3.242 0.1000000015
10795  -38.593  -76.126  -2.382 0.1000000015
15023  -47.139  -69.576  -4.249 0.3000000119
12121  -39.172  -74.800  -3.408 0.1000000015
10170  -36.922  -76.694  -2.409 0.1000000015
9525  -35.478  -78.681  -1.635 0.1000000015
16536  -44.667  -68.339  -6.147 0.1000000015
15031  -46.300  -70.424  -5.437 0.1000000015
13560  -41.169  -72.822  -4.307 0.1000000015
12139  -38.909  -74.656  -4.074 0.1000000015
8947  -34.401  -79.244  -2.785 0.1000000015
12849  -40.701  -73.234  -4.589 0.1000000015
8298  -33.736  -80.632  -2.798 0.1000000015
13585  -43.030  -72.311  -5.346 0.1000000015
120906  -46.120  -70.772  -6.148 0.1000000015
14271  -39.418  -71.719  -0.284 0.3000000119
13541  -39.533  -72.329  -0.843 0.2000000030
12818  -38.686  -73.256  -1.323 0.3000000119
12108  -39.280  -73.867  -1.132 0.2000000030
112255  -40.206  -71.760  0.808 0.2000000030
13531  -40.285  -72.116  -0.209 0.3000000119
12089  -39.041  -74.583  -0.820 0.2000000030
14254  -41.135  -72.287  1.851 0.4000000060
13542  -40.292  -72.802  -0.807 0.2000000030
12090  -39.921  -74.479  -0.794 0.2000000030
115555  -38.186  -74.649  -0.794 0.1000000015
11418  -38.739  -75.298  -0.369 0.2000000030
11410  -38.457  -75.886  0.301 0.1000000015
12810  -41.204  -73.420  -0.676 0.3000000119
11417  -37.840  -75.265  -0.161 0.1000000015
11419  -39.670  -75.258  -0.482 0.2000000030
11409  -37.600  -75.792  0.761 0.1000000015
10761  -37.847  -76.480  1.456 0.1000000015
134126  -38.314  -76.326  0.936 0.1000000015
131481  -38.713  -76.978  1.368 0.1000000015
10123  -36.701  -77.638  2.576 0.1000000015
10748  -37.340  -76.673  2.027 0.1000000015
10133  -38.076  -77.081  1.974 0.1000000015
9491  -36.126  -78.916  2.907 0.1000000015
114016  -36.841  -78.509  2.830 0.1000000015
13532  -41.922  -72.899  -0.118 0.3000000119
12091  -40.820  -74.326  -0.725 0.2000000030
10775  -40.374  -76.031  -0.140 0.2000000030
10774  -39.351  -75.959  0.054 0.2000000030
130422  -39.500  -77.093  0.998 0.2000000030
9484  -36.907  -79.343  3.084 0.1000000015
111988  -35.380  -79.308  2.781 0.1000000015
13533  -42.931  -73.123  0.132 0.2000000030
11420  -40.749  -75.167  -0.530 0.2000000030
10135  -39.650  -77.701  1.581 0.2000000030
10125  -38.255  -77.783  2.314 0.1000000015
8886  -34.966  -80.020  2.694 0.1000000015
8888  -36.163  -79.730  3.101 0.1000000015
12092  -41.937  -74.442  -0.586 0.3000000119
13520  -43.229  -72.789  1.194 0.2000000030
10126  -39.241  -78.291  2.261 0.2000000030
8237  -35.523  -80.745  3.085 0.1000000015
8889  -38.504  -79.456  2.938 0.1000000015
7646  -35.420  -81.555  3.223 0.1000000015
12811  -42.436  -73.661  -0.442 0.2000000030
128483  -38.346  -80.990  3.393 0.1000000015
8238  -39.365  -80.136  2.839 0.1000000015
7634  -36.107  -82.348  3.668 0.1000000015
7635  -37.289  -82.321  3.706 0.1000000015
13534  -43.879  -73.360  0.653 0.2000000030
8227  -39.523  -81.128  3.146 0.1000000015
7636  -38.481  -82.154  3.596 0.1000000015
7638  -39.990  -81.834  3.092 0.1000000015
114450  -34.861  -83.972  2.834 0.1000000015
7071  -35.947  -83.246  3.788 0.1000000015
7060  -39.304  -82.774  3.451 0.1000000015
8256  -41.571  -80.056  1.104 0.3000000119
6543  -38.209  -84.270  4.351 0.1000000015
13519  -42.402  -72.681  0.748 0.3000000119
14272  -41.055  -72.215  0.639 0.3000000119
121306  -41.062  -72.534  -0.225 0.2000000030
132350  -41.286  -74.784  -0.608 0.3000000119
9492  -37.657  -78.932  2.939 0.1000000015
8225  -36.188  -81.445  3.496 0.1000000015
10143  -40.348  -77.404  0.974 0.2000000030
12109  -40.144  -73.682  -0.968 0.2000000030
10134  -38.768  -77.560  1.911 0.1000000015
6551  -34.986  -83.312  3.331 0.1000000015
6552  -35.780  -84.114  3.938 0.1000000015
7059  -38.476  -83.233  3.849 0.1000000015
6562  -34.524  -83.344  2.138 0.1000000015
6542  -36.890  -84.138  4.319 0.1000000015
8240  -40.724  -80.612  2.003 0.2000000030
7072  -39.057  -83.348  3.245 0.1000000015
6056  -37.902  -84.534  2.986 0.1000000015
7083  -38.389  -83.096  2.455 0.2000000030
6055  -37.468  -85.137  1.897 0.1000000015
7659  -39.973  -81.605  2.356 0.2000000030
128085  -39.232  -82.587  2.638 0.2000000030
6563  -37.387  -84.136  1.803 0.2000000030
7670  -38.442  -81.730  1.658 0.1000000015
117934  -37.193  -85.743  0.772 0.1000000015
7082  -37.410  -83.157  1.564 0.2000000030
7669  -37.379  -81.580  0.836 0.1000000015
8255  -40.866  -80.534  1.523 0.2000000030
8253  -39.848  -81.355  1.736 0.1000000015
6576  -36.915  -83.874  0.738 0.1000000015
113414  -36.985  -82.338  0.760 0.1000000015
8268  -41.177  -80.246  0.948 0.2000000030
8267  -40.571  -80.501  1.036 0.2000000030
7671  -39.056  -81.186  1.356 0.1000000015
8266  -39.720  -80.693  1.061 0.1000000015
8265  -37.856  -80.917  0.814 0.1000000015
8939  -42.422  -79.461  0.069 0.2000000030
8918  -40.880  -79.966  0.471 0.2000000030
8937  -40.348  -79.525  -0.124 0.2000000030
8286  -37.442  -80.024  -0.011 0.1000000015
131330  -39.208  -80.041  0.423 0.1000000015
8938  -41.413  -79.557  -0.115 0.2000000030
121834  -38.444  -79.688  -0.015 0.1000000015
7683  -36.482  -81.597  0.127 0.1000000015
7648  -40.005  -81.865  2.807 0.1000000015
7647  -39.891  -82.253  2.880 0.1000000015
132084  -39.656  -71.525  1.421 0.2000000030
14282  -38.764  -71.929  -1.014 0.1000000015
17204  -37.664  -68.694  5.862 0.2000000030
16413  -37.296  -68.477  4.871 0.1000000015
117231  -35.162  -66.872  6.617 0.1000000015
17189  -35.853  -67.115  6.292 0.1000000015
17941  -34.329  -66.267  9.651 0.2000000030
17998  -34.107  -67.009  7.387 0.1000000015
17930  -34.080  -66.271  10.568 0.2000000030
17942  -35.177  -66.056  9.114 0.1000000015
17954  -34.628  -66.411  8.853 0.1000000015
17975  -34.902  -66.625  8.145 0.1000000015
17999  -35.075  -66.748  7.345 0.1000000015
121579  -38.949  -71.076  1.370 0.2000000030
16428  -37.625  -69.095  4.297 0.1000000015
17955  -35.616  -66.286  8.517 0.1000000015
18019  -34.689  -66.968  5.752 0.1000000015
18018  -34.209  -67.037  6.435 0.1000000015
17953  -33.673  -66.786  9.075 0.1000000015
14957  -39.177  -71.294  0.458 0.1000000015
20144  -36.554  -63.633  13.068 0.1000000015
129633  -36.000  -64.156  13.099 0.1000000015
18691  -35.362  -65.322  13.050 0.1000000015
17887  -34.852  -66.683  13.051 0.1000000015
19399  -35.676  -63.553  12.712 0.1000000015
19398  -35.275  -64.411  12.727 0.1000000015
20145  -37.427  -63.913  13.270 0.1000000015
18668  -36.806  -65.244  13.572 0.1000000015
119043  -36.902  -66.110  13.801 0.1000000015
17059  -36.164  -67.713  13.590 0.1000000015
128447  -36.708  -64.416  13.337 0.1000000015
18667  -35.983  -65.778  13.496 0.1000000015
17888  -35.401  -66.376  13.339 0.1000000015
16319  -35.037  -68.817  12.926 0.1000000015
20158  -37.344  -62.999  12.937 0.1000000015
122144  -37.534  -67.255  13.977 0.1000000015
19383  -38.213  -64.274  13.333 0.1000000015
19382  -37.540  -64.731  13.484 0.1000000015
18669  -37.789  -65.627  13.690 0.1000000015
17889  -37.033  -66.808  13.855 0.1000000015
20146  -38.169  -63.490  13.124 0.1000000015
118135  -36.227  -66.774  13.659 0.1000000015
135348  -36.752  -68.044  13.730 0.1000000015
20946  -37.823  -62.193  12.663 0.1000000015
22546  -37.857  -60.838  11.994 0.1000000015
18670  -38.838  -65.496  13.562 0.1000000015
17890  -37.654  -66.533  13.890 0.1000000015
19400  -38.906  -63.941  12.999 0.1000000015
21753  -38.410  -61.520  12.225 0.1000000015
22560  -37.430  -60.372  11.714 0.1000000015
27583  -34.734  -54.784  5.365 0.1000000015
28518  -34.799  -54.079  4.328 0.1000000015
21754  -39.211  -61.936  12.149 0.1000000015
21766  -38.580  -60.782  11.829 0.1000000015
22561  -38.198  -60.055  11.596 0.1000000015
26811  -33.928  -55.153  3.796 0.1000000015
118051  -35.858  -54.829  5.697 0.1000000015
123816  -35.267  -53.500  3.004 0.1000000015
27621  -34.468  -54.414  3.701 0.1000000015
28554  -34.730  -54.045  2.911 0.1000000015
123536  -38.273  -64.952  13.510 0.1000000015
17891  -38.523  -66.383  13.789 0.1000000015
122067  -38.178  -67.064  14.011 0.1000000015
115686  -34.236  -54.856  2.899 0.1000000015
17903  -34.906  -65.949  12.854 0.1000000015
20945  -36.917  -62.156  12.597 0.1000000015
19381  -35.983  -64.869  13.285 0.1000000015
132205  -35.386  -65.849  13.227 0.1000000015
17057  -34.642  -67.236  12.941 0.1000000015
17058  -35.311  -67.285  13.367 0.1000000015
118319  -38.180  -62.820  12.869 0.1000000015
20947  -38.670  -62.384  12.493 0.1000000015
27605  -34.988  -54.114  4.991 0.1000000015
16521  -42.145  -67.617  -5.371 0.1000000015
15744  -41.554  -68.853  -5.666 0.1000000015
15743  -40.519  -68.941  -5.491 0.1000000015
14969  -36.474  -70.333  -0.862 0.1000000015
14984  -36.208  -71.026  -1.276 0.1000000015
14270  -37.174  -71.033  -1.133 0.1000000015
15697  -35.009  -69.860  -0.698 0.1000000015
14968  -35.624  -70.446  -1.031 0.1000000015
14280  -35.938  -71.685  -1.304 0.1000000015
128396  -37.166  -70.286  -0.544 0.1000000015
15689  -34.119  -70.023  -0.591 0.1000000015
15691  -36.057  -69.089  -0.030 0.1000000015
15699  -36.712  -69.677  -0.282 0.1000000015
14954  -33.481  -70.296  -0.297 0.1000000015
14953  -32.875  -70.269  0.174 0.1000000015
16472  -35.335  -69.249  -0.274 0.1000000015
14952  -32.174  -70.302  0.725 0.1000000015
16464  -34.111  -68.661  0.390 0.1000000015
11903  -31.291  -74.892  13.827 0.1000000015
115472  -31.136  -73.658  12.842 0.1000000015
11938  -28.752  -74.666  11.266 0.1000000015
11282  -28.386  -75.011  10.600 0.1000000015
11952  -28.199  -74.532  9.973 0.1000000015
12002  -27.554  -74.018  8.096 0.1000000015
132476  -37.837  -71.121  -0.854 0.1000000015
126084  -27.553  -74.738  7.952 0.1000000015
12742  -27.584  -73.395  7.523 0.1000000015
14251  -32.452  -71.203  0.348 0.1000000015
14237  -31.167  -71.252  1.212 0.1000000015
13540  -38.134  -72.480  -1.431 0.1000000015
115592  -27.472  -75.123  6.590 0.1000000015
115897  -27.466  -74.314  5.303 0.1000000015
12784  -28.414  -73.357  3.921 0.1000000015
13501  -30.376  -72.358  1.984 0.1000000015
14236  -30.551  -71.463  1.747 0.1000000015
14942  -30.862  -70.652  1.783 0.1000000015
15688  -32.702  -69.504  0.696 0.1000000015
12107  -38.495  -73.974  -1.203 0.1000000015
11349  -27.560  -75.982  6.838 0.1000000015
12783  -27.902  -73.831  4.122 0.1000000015
14227  -29.547  -71.641  3.048 0.1000000015
122235  -30.347  -70.943  2.205 0.1000000015
11930  -30.463  -74.082  12.896 0.1000000015
11939  -29.337  -74.262  11.917 0.1000000015
12675  -28.953  -73.796  11.228 0.1000000015
15692  -36.831  -69.301  0.464 0.1000000015
14955  -37.569  -69.958  0.239 0.1000000015
11953  -28.527  -74.161  10.632 0.1000000015
11988  -27.728  -73.847  8.741 0.1000000015
12694  -28.325  -73.544  9.986 0.1000000015
130359  -37.955  -71.594  -1.192 0.1000000015
13481  -27.935  -72.877  5.289 0.1000000015
12778  -28.179  -73.105  4.506 0.1000000015
13494  -28.698  -72.553  4.025 0.1000000015
15680  -32.050  -69.656  1.336 0.1000000015
13488  -28.368  -72.316  4.816 0.1000000015
14221  -28.776  -71.805  4.466 0.1000000015
14222  -29.167  -71.723  3.844 0.1000000015
14937  -31.422  -69.884  2.035 0.1000000015
12661  -31.650  -73.218  12.360 0.1000000015
13373  -30.910  -73.118  12.150 0.1000000015
134621  -31.987  -73.049  11.986 0.1000000015
122183  -33.060  -73.343  11.839 0.1000000015
15681  -36.946  -69.107  1.326 0.1000000015
12659  -29.835  -73.640  12.163 0.1000000015
13382  -29.842  -72.725  11.323 0.1000000015
16466  -36.161  -68.753  0.776 0.1000000015
15683  -38.232  -70.204  1.356 0.1000000015
12696  -29.149  -73.014  11.054 0.1000000015
16465  -35.186  -68.657  0.321 0.1000000015
14956  -38.403  -70.649  0.381 0.1000000015
12695  -28.721  -73.430  10.679 0.1000000015
12716  -27.978  -73.284  9.134 0.1000000015
121026  -27.695  -72.772  7.052 0.1000000015
13473  -27.801  -72.624  6.231 0.1000000015
12755  -27.527  -73.464  6.657 0.1000000015
13474  -28.219  -71.916  6.276 0.1000000015
14925  -29.624  -70.902  3.655 0.1000000015
14935  -29.999  -70.911  2.825 0.1000000015
13482  -28.223  -72.113  5.603 0.1000000015
14212  -28.658  -71.583  5.141 0.1000000015
12679  -32.406  -73.036  11.418 0.1000000015
12678  -31.493  -72.813  11.630 0.1000000015
13409  -31.829  -72.685  10.755 0.1000000015
12697  -32.526  -73.319  10.226 0.1000000015
11955  -33.514  -75.219  9.857 0.1000000015
16454  -34.591  -68.168  1.001 0.1000000015
16455  -35.532  -68.249  1.220 0.1000000015
13407  -30.252  -72.324  10.812 0.1000000015
13408  -31.053  -72.450  10.878 0.1000000015
16463  -33.288  -68.794  0.778 0.1000000015
13432  -29.098  -72.181  9.978 0.1000000015
125940  -29.460  -72.440  10.662 0.1000000015
15670  -31.288  -69.806  2.818 0.1000000015
16452  -32.628  -68.950  1.388 0.1000000015
13431  -28.476  -72.645  9.593 0.1000000015
14213  -29.267  -71.036  4.624 0.1000000015
13461  -27.895  -72.638  7.756 0.1000000015
13462  -28.106  -72.037  7.057 0.1000000015
14195  -28.638  -71.464  6.617 0.1000000015
16453  -33.288  -68.373  1.545 0.1000000015
14926  -30.333  -70.324  3.449 0.1000000015
15671  -31.869  -69.453  2.701 0.1000000015
14184  -28.848  -71.451  7.469 0.1000000015
14152  -28.896  -71.984  9.189 0.1000000015
13447  -28.241  -72.475  8.628 0.1000000015
121542  -28.340  -72.023  7.873 0.1000000015
16441  -32.708  -68.607  2.125 0.1000000015
17233  -34.438  -67.528  2.474 0.1000000015
122662  -32.376  -69.007  2.605 0.1000000015
126419  -31.399  -72.468  10.224 0.1000000015
14913  -30.147  -70.260  4.419 0.1000000015
15655  -30.933  -69.926  3.271 0.1000000015
15656  -31.609  -69.581  3.485 0.1000000015
13433  -30.734  -72.151  10.078 0.1000000015
122253  -29.041  -71.098  6.205 0.1000000015
14912  -29.829  -70.464  5.322 0.1000000015
14136  -29.875  -72.012  10.136 0.1000000015
123063  -29.420  -71.439  8.009 0.1000000015
14196  -29.346  -71.067  6.750 0.1000000015
14167  -28.834  -71.754  8.355 0.1000000015
16442  -33.434  -67.971  2.481 0.1000000015
15641  -31.657  -69.632  4.227 0.1000000015
15657  -32.354  -69.138  3.248 0.1000000015
13434  -31.398  -72.497  9.455 0.1000000015
14899  -30.567  -70.462  5.780 0.1000000015
14914  -31.045  -69.944  4.640 0.1000000015
14898  -29.657  -70.708  6.094 0.1000000015
120252  -30.552  -70.209  5.108 0.1000000015
14168  -29.644  -71.638  8.771 0.1000000015
119487  -33.945  -67.391  3.298 0.1000000015
16411  -32.842  -68.630  3.731 0.1000000015
15642  -32.346  -69.249  3.935 0.1000000015
13435  -31.941  -72.898  9.758 0.1000000015
14185  -29.797  -71.153  7.353 0.1000000015
14154  -30.222  -71.843  9.443 0.1000000015
17216  -33.661  -67.407  4.175 0.1000000015
13448  -30.910  -72.086  9.251 0.1000000015
113101  -33.292  -73.773  10.734 0.1000000015
10689  -33.705  -78.037  9.078 0.1000000015
11283  -33.512  -76.662  9.368 0.1000000015
11975  -33.100  -75.958  8.997 0.1000000015
12732  -27.736  -73.258  8.336 0.1000000015
12017  -27.502  -74.326  7.206 0.1000000015
121825  -27.428  -74.289  6.195 0.1000000015
12769  -27.567  -73.514  5.748 0.1000000015
12777  -27.709  -73.676  4.883 0.1000000015
13495  -29.281  -72.486  3.329 0.1000000015
13500  -29.803  -72.455  2.654 0.1000000015
12793  -30.903  -73.050  1.619 0.1000000015
12676  -29.536  -73.377  11.630 0.1000000015
15672  -32.142  -69.223  2.000 0.1000000015
13383  -30.615  -72.703  11.483 0.1000000015
14206  -29.143  -71.014  5.565 0.1000000015
17246  -34.043  -67.872  1.645 0.1000000015
16425  -32.808  -68.550  2.948 0.1000000015
15640  -30.886  -69.842  3.946 0.1000000015
14885  -30.184  -70.750  6.616 0.1000000015
16426  -33.277  -67.980  3.495 0.1000000015
11956  -34.031  -75.807  10.070 0.1000000015
1864  -28.302  -93.706  -3.950 0.1000000015
1851  -28.219  -93.468  -3.358 0.1000000015
3476  -23.137  -89.442  -6.121 0.1000000015
3477  -24.077  -89.764  -5.968 0.1000000015
3465  -25.322  -89.735  -5.252 0.1000000015
3029  -26.327  -90.980  -5.470 0.1000000015
1881  -27.381  -93.498  -5.617 0.1000000015
3945  -22.758  -88.355  -6.601 0.1000000015
3969  -23.770  -88.027  -8.562 0.1000000015
4508  -24.590  -87.579  -8.578 0.1000000015
1852  -28.842  -93.124  -3.701 0.1000000015
2183  -28.131  -93.122  -2.677 0.1000000015
2563  -27.971  -92.374  -1.300 0.1000000015
2194  -28.775  -93.125  -4.125 0.1000000015
3030  -27.061  -91.443  -5.135 0.1000000015
2606  -28.031  -92.608  -4.966 0.1000000015
2205  -28.405  -92.989  -4.717 0.1000000015
2182  -27.292  -93.714  -2.497 0.1000000015
3464  -24.551  -89.321  -5.448 0.1000000015
2216  -26.830  -92.764  -6.131 0.1000000015
2603  -25.841  -91.469  -6.126 0.1000000015
3934  -23.645  -88.104  -5.659 0.1000000015
5051  -24.054  -86.793  -7.488 0.1000000015
5065  -24.638  -86.728  -8.136 0.1000000015
4509  -25.906  -87.044  -8.918 0.1000000015
5508  -29.675  -85.783  1.182 0.1000000015
3841  -29.169  -88.399  2.427 0.1000000015
4950  -29.505  -86.539  1.466 0.1000000015
2179  -28.580  -92.509  -2.106 0.1000000015
2564  -28.520  -91.834  -1.321 0.1000000015
2982  -28.220  -91.277  -0.148 0.1000000015
2966  -28.547  -90.093  0.402 0.1000000015
2956  -28.638  -89.854  1.570 0.1000000015
3382  -28.962  -88.922  1.503 0.1000000015
124854  -29.290  -92.720  -3.059 0.1000000015
2965  -28.278  -90.957  0.418 0.1000000015
2195  -29.433  -92.655  -3.637 0.1000000015
2174  -27.608  -92.818  -0.799 0.1000000015
2592  -27.796  -91.860  -4.776 0.1000000015
2593  -28.536  -92.231  -4.489 0.1000000015
5042  -23.725  -86.916  -6.690 0.1000000015
114764  -30.414  -85.976  0.657 0.1000000015
4381  -29.334  -87.349  1.480 0.1000000015
5509  -30.109  -85.024  0.613 0.1000000015
2983  -28.630  -90.657  -0.354 0.1000000015
3413  -29.078  -89.896  -0.213 0.1000000015
3394  -28.931  -89.275  0.555 0.1000000015
2992  -29.117  -91.281  -1.116 0.1000000015
2565  -29.483  -92.158  -1.758 0.1000000015
3021  -26.798  -90.489  -4.816 0.1000000015
3455  -26.522  -89.675  -4.486 0.1000000015
3936  -25.028  -88.880  -4.836 0.1000000015
3921  -24.928  -87.982  -4.782 0.1000000015
5027  -24.473  -86.789  -5.525 0.1000000015
3013  -29.174  -91.722  -4.002 0.1000000015
4914  -29.233  -86.712  2.102 0.1000000015
3856  -29.180  -88.214  1.372 0.1000000015
3023  -28.306  -91.306  -4.263 0.1000000015
3842  -29.486  -87.793  3.479 0.1000000015
2181  -30.509  -92.325  -2.442 0.1000000015
2196  -30.229  -92.281  -3.089 0.1000000015
4363  -29.532  -86.924  3.131 0.1000000015
3000  -30.653  -91.193  -3.060 0.1000000015
3427  -31.674  -90.330  -1.939 0.1000000015
120053  -32.243  -89.745  -1.556 0.1000000015
3872  -29.569  -88.770  0.538 0.1000000015
125156  -29.351  -90.610  -0.588 0.1000000015
2984  -30.101  -91.252  -0.907 0.1000000015
130546  -31.208  -92.205  -2.132 0.1000000015
2560  -31.768  -91.540  -1.146 0.1000000015
3001  -31.232  -91.678  -2.559 0.1000000015
3002  -31.787  -91.363  -2.080 0.1000000015
2985  -31.068  -91.177  -0.760 0.1000000015
3395  -30.283  -89.372  -0.075 0.1000000015
3415  -31.149  -90.345  -0.292 0.1000000015
2967  -32.766  -90.850  -0.109 0.1000000015
2567  -31.493  -91.955  -1.798 0.1000000015
3426  -30.887  -89.717  -2.166 0.1000000015
2568  -32.033  -91.517  -1.492 0.1000000015
1871  -28.188  -93.616  -4.512 0.1000000015
1882  -27.967  -93.455  -5.096 0.1000000015
2178  -27.541  -93.104  -1.773 0.1000000015
2180  -29.852  -92.479  -2.327 0.1000000015
2206  -29.099  -92.523  -4.066 0.1000000015
2217  -27.836  -93.060  -5.365 0.1000000015
2527  -28.345  -91.650  1.176 0.1000000015
2542  -28.101  -91.717  0.272 0.1000000015
2556  -27.991  -91.919  -0.535 0.1000000015
2557  -28.452  -91.329  -0.684 0.1000000015
2558  -30.145  -91.929  -1.409 0.1000000015
2559  -30.960  -91.803  -1.347 0.1000000015
2566  -30.679  -92.334  -1.906 0.1000000015
2573  -31.034  -92.106  -2.521 0.1000000015
2574  -31.626  -91.904  -2.035 0.1000000015
2575  -32.056  -91.455  -1.617 0.1000000015
2583  -29.959  -92.056  -3.599 0.1000000015
2604  -26.526  -91.991  -5.743 0.1000000015
2605  -27.348  -92.482  -5.420 0.1000000015
2955  -28.375  -90.647  1.108 0.1000000015
2986  -32.024  -91.135  -0.460 0.1000000015
3022  -27.548  -90.885  -4.549 0.1000000015
3027  -24.905  -90.208  -5.867 0.1000000015
3028  -25.616  -90.565  -5.743 0.1000000015
3414  -30.007  -90.190  -0.482 0.1000000015
3454  -25.820  -89.279  -4.709 0.1000000015
3463  -23.722  -88.884  -5.690 0.1000000015
3466  -26.076  -90.097  -5.105 0.1000000015
3490  -32.476  -89.527  -7.948 0.1000000015
3922  -25.700  -88.363  -4.538 0.1000000015
3935  -24.337  -88.445  -5.234 0.1000000015
3946  -23.067  -88.620  -6.068 0.1000000015
3985  -24.549  -88.340  -8.982 0.1000000015
4004  -33.354  -89.015  -10.907 0.1000000015
4005  -33.887  -88.909  -10.796 0.1000000015
4017  -33.278  -88.793  -11.521 0.1000000015
4028  -33.452  -88.588  -12.031 0.1000000015
4380  -29.191  -87.556  2.244 0.1000000015
4400  -29.800  -87.979  0.936 0.1000000015
4461  -34.144  -88.129  -4.803 0.1000000015
4469  -23.683  -87.288  -5.860 0.1000000015
4470  -24.315  -87.620  -5.293 0.1000000015
4486  -23.191  -87.626  -6.608 0.1000000015
4507  -23.886  -87.358  -8.108 0.1000000015
4523  -25.496  -87.914  -8.938 0.1000000015
4528  -33.605  -88.639  -9.453 0.1000000015
4529  -34.211  -88.513  -10.254 0.1000000015
4543  -34.536  -88.490  -11.016 0.1000000015
4553  -34.843  -88.267  -11.833 0.1000000015
5033  -34.289  -88.011  -5.949 0.1000000015
5047  -33.783  -87.615  -6.920 0.1000000015
5071  -34.054  -86.756  -8.457 0.1000000015
5093  -36.588  -86.587  -9.644 0.1000000015
5094  -37.492  -86.248  -9.548 0.1000000015
5126  -33.232  -87.820  -12.459 0.1000000015
5127  -36.384  -86.812  -12.021 0.1000000015
5142  -34.612  -87.351  -13.138 0.1000000015
5156  -35.144  -86.447  -13.725 0.1000000015
5503  -37.305  -86.073  2.155 0.1000000015
5555  -34.631  -86.452  -4.890 0.1000000015
5585  -34.001  -86.185  -7.962 0.1000000015
5587  -35.383  -85.250  -7.963 0.1000000015
5605  -35.692  -85.786  -8.550 0.1000000015
5638  -37.708  -85.718  -10.163 0.1000000015
5669  -36.792  -85.743  -12.948 0.1000000015
5683  -35.757  -85.558  -14.162 0.1000000015
5685  -37.198  -85.069  -13.266 0.1000000015
6047  -35.081  -84.942  3.152 0.1000000015
6065  -37.115  -84.816  0.727 0.1000000015
6114  -33.587  -84.379  -4.724 0.1000000015
6120  -33.423  -84.908  -5.944 0.1000000015
6129  -33.752  -84.779  -6.963 0.1000000015
6149  -35.900  -84.747  -7.484 0.1000000015
6150  -37.886  -85.060  -7.394 0.1000000015
6160  -38.129  -84.642  -8.895 0.1000000015
6166  -38.030  -84.989  -9.436 0.1000000015
6200  -37.576  -83.861  -13.184 0.1000000015
6564  -38.176  -83.755  2.726 0.2000000030
6631  -33.381  -83.754  -5.133 0.1000000015
6634  -36.968  -83.018  -5.979 0.1000000015
6651  -38.255  -83.637  -6.358 0.1000000015
6652  -38.531  -83.935  -6.965 0.1000000015
6659  -38.407  -84.027  -7.623 0.1000000015
6670  -35.232  -82.978  -9.842 0.1000000015
6680  -36.516  -84.065  -10.207 0.1000000015
6689  -36.941  -83.588  -11.650 0.1000000015
7058  -37.217  -83.295  3.970 0.1000000015
7070  -35.234  -82.386  3.313 0.1000000015
7092  -37.857  -82.370  1.725 0.1000000015
7142  -34.072  -82.432  -5.538 0.1000000015
7145  -38.268  -82.218  -5.498 0.1000000015
7149  -34.840  -82.797  -6.053 0.1000000015
7151  -39.278  -81.815  -5.880 0.1000000015
7184  -34.647  -82.574  -9.554 0.1000000015
7216  -36.247  -82.873  -11.568 0.1000000015
7637  -39.548  -81.991  3.409 0.1000000015
7649  -40.278  -81.147  2.152 0.1000000015
7658  -39.519  -81.811  2.214 0.1000000015
7714  -34.152  -81.251  -4.733 0.1000000015
7716  -36.384  -80.592  -5.116 0.2000000030
7720  -34.404  -81.826  -5.255 0.1000000015
7724  -39.030  -81.322  -5.448 0.1000000015
7736  -33.792  -81.089  -7.822 0.1000000015
7741  -39.697  -81.071  -6.520 0.1000000015
7761  -33.569  -81.560  -9.174 0.1000000015
8226  -37.197  -81.268  3.524 0.1000000015
8239  -40.152  -80.947  2.554 0.3000000119
8241  -41.250  -80.099  1.635 0.3000000119
8254  -40.307  -81.048  1.684 0.2000000030
8285  -36.866  -80.789  0.112 0.1000000015
8307  -34.092  -79.823  -3.286 0.1000000015
8320  -37.131  -80.405  -5.236 0.2000000030
8336  -40.531  -80.357  -5.805 0.1000000015
8337  -40.982  -80.032  -5.893 0.1000000015
8351  -40.486  -80.554  -6.060 0.1000000015
8373  -32.656  -79.929  -7.852 0.1000000015
8413  -33.089  -80.788  -9.108 0.1000000015
8871  -36.208  -80.563  3.301 0.1000000015
8873  -37.824  -79.847  3.180 0.1000000015
8874  -38.704  -80.296  3.155 0.1000000015
8887  -35.605  -80.067  3.004 0.1000000015
8903  -41.875  -79.613  1.237 0.3000000119
8904  -42.445  -79.320  0.949 0.3000000119
8916  -38.570  -80.407  0.626 0.1000000015
8917  -40.015  -80.051  0.461 0.2000000030
8919  -41.655  -79.839  0.546 0.2000000030
8920  -42.186  -79.636  0.761 0.3000000119
8964  -35.453  -79.361  -4.501 0.1000000015
8974  -38.504  -80.025  -5.322 0.1000000015
8976  -40.324  -80.099  -5.589 0.1000000015
8978  -41.242  -79.534  -5.794 0.1000000015
8988  -41.371  -79.548  -6.023 0.1000000015
9493  -38.403  -78.581  2.640 0.1000000015
9494  -39.915  -78.979  2.399 0.2000000030
9509  -42.862  -78.922  0.656 0.3000000119
9516  -37.381  -78.649  -0.919 0.2000000030
9517  -38.461  -79.013  -0.594 0.2000000030
9520  -42.078  -79.065  -0.548 0.2000000030
9522  -43.630  -78.113  -0.363 0.4000000060
9524  -34.664  -78.586  -2.818 0.1000000015
9532  -43.338  -78.419  -0.594 0.3000000119
9544  -34.781  -78.381  -3.271 0.1000000015
9554  -34.948  -78.756  -3.826 0.1000000015
9557  -37.470  -79.183  -5.199 0.2000000030
9571  -41.684  -78.899  -5.954 0.1000000015
9593  -31.784  -78.339  -7.618 0.1000000015
9594  -32.388  -78.733  -7.412 0.1000000015
9600  -40.275  -79.107  -7.329 0.1000000015
9602  -41.658  -78.715  -6.918 0.1000000015
10122  -35.736  -77.652  2.550 0.1000000015
10124  -37.555  -78.104  2.610 0.1000000015
10151  -44.025  -77.559  -0.705 0.4000000060
10153  -35.908  -77.817  -1.914 0.1000000015
10160  -43.994  -77.617  -0.998 0.4000000060
10168  -35.499  -77.486  -2.714 0.1000000015
10178  -36.070  -76.943  -3.603 0.2000000030
10184  -36.542  -77.146  -4.412 0.2000000030
10192  -37.203  -76.924  -4.800 0.2000000030
10194  -39.523  -77.882  -5.434 0.1000000015
10209  -32.070  -77.260  -6.839 0.1000000015
10212  -34.577  -77.711  -6.796 0.1000000015
10215  -42.666  -76.881  -6.857 0.1000000015
10767  -39.935  -76.660  0.466 0.2000000030
10770  -43.387  -77.914  0.290 0.4000000060
10778  -44.245  -77.179  -0.524 0.4000000060
10781  -38.411  -76.839  -1.916 0.1000000015
10783  -40.423  -76.749  -1.866 0.2000000030
10785  -43.802  -77.414  -1.323 0.4000000060
10793  -36.461  -76.566  -2.852 0.1000000015
10794  -37.709  -76.333  -2.386 0.1000000015
10796  -39.560  -76.005  -2.329 0.1000000015
10805  -36.513  -76.481  -3.273 0.1000000015
10818  -37.675  -76.300  -4.808 0.2000000030
10836  -34.526  -76.338  -6.889 0.1000000015
10839  -42.577  -76.631  -6.538 0.1000000015
10850  -37.736  -76.791  -7.771 0.1000000015
11422  -44.499  -76.153  -0.443 0.4000000060
11424  -45.587  -75.511  -0.952 0.4000000060
11452  -37.031  -76.063  -3.673 0.2000000030
11454  -38.418  -75.201  -3.515 0.1000000015
11461  -38.275  -75.264  -4.226 0.1000000015
11468  -38.026  -75.635  -4.634 0.1000000015
11469  -38.552  -75.261  -4.881 0.2000000030
11483  -32.508  -75.385  -6.502 0.1000000015
11488  -43.093  -75.798  -6.647 0.1000000015
11499  -43.365  -75.786  -7.006 0.1000000015
11506  -37.760  -75.619  -8.157 0.1000000015
11511  -42.016  -76.010  -8.713 0.1000000015
11522  -40.936  -75.367  -9.222 0.1000000015
11918  -30.840  -74.412  13.345 0.1000000015
11929  -29.905  -74.173  12.573 0.1000000015
11973  -27.936  -74.105  9.339 0.1000000015
12123  -41.451  -74.443  -2.680 0.1000000015
12125  -44.712  -74.881  -1.750 0.4000000060
12133  -40.245  -73.850  -3.712 0.1000000015
12140  -39.476  -74.195  -4.499 0.1000000015
12146  -39.526  -74.372  -5.128 0.2000000030
12160  -32.086  -74.772  -6.439 0.1000000015
12163  -42.403  -74.890  -6.137 0.1000000015
12175  -36.195  -74.737  -7.961 0.1000000015
12176  -43.848  -74.936  -6.927 0.1000000015
12224  -42.136  -74.269  -10.256 0.1000000015
12660  -30.400  -73.590  12.456 0.1000000015
12677  -30.187  -73.100  11.920 0.1000000015
12804  -45.756  -73.512  -0.006 0.4000000060
12814  -46.105  -73.463  -0.557 0.4000000060
12815  -46.303  -73.177  -0.914 0.4000000060
12817  -37.951  -73.359  -1.414 0.1000000015
12819  -39.471  -73.109  -1.161 0.2000000030
12823  -41.010  -73.765  -3.302 0.1000000015
12835  -40.802  -73.214  -3.966 0.1000000015
12836  -41.378  -73.178  -3.431 0.1000000015
12863  -41.584  -73.004  -5.414 0.1000000015
12917  -35.469  -73.492  -8.160 0.1000000015
12935  -36.816  -73.301  -9.123 0.1000000015
12938  -39.610  -73.675  -9.881 0.1000000015
12954  -40.918  -73.441  -10.688 0.1000000015
13406  -28.785  -72.793  10.395 0.1000000015
13502  -42.310  -72.451  2.536 0.5000000000
13505  -30.964  -72.123  1.324 0.1000000015
13543  -46.261  -73.121  -1.150 0.4000000060
13575  -42.497  -71.931  -4.541 0.1000000015
13583  -41.286  -72.809  -4.862 0.1000000015
13598  -31.485  -72.384  -6.349 0.1000000015
13633  -37.779  -72.807  -10.119 0.1000000015
14153  -29.527  -71.863  9.531 0.1000000015
14205  -28.606  -71.504  5.897 0.1000000015
14228  -30.028  -71.602  2.356 0.1000000015
14266  -33.195  -70.963  -0.186 0.1000000015
14269  -35.132  -71.779  -0.984 0.1000000015
14283  -47.287  -71.048  -1.614 0.3000000119
14286  -46.590  -71.108  -2.644 0.3000000119
14310  -44.892  -70.830  -4.089 0.2000000030
14348  -33.895  -71.042  -7.675 0.1000000015
14350  -35.075  -71.821  -8.792 0.1000000015
14375  -37.128  -71.625  -11.953 0.1000000015
14915  -39.774  -70.527  4.665 0.3000000119
14916  -40.075  -71.079  4.341 0.4000000060
14917  -40.460  -71.079  4.346 0.4000000060
14936  -30.689  -70.326  2.591 0.1000000015
14943  -31.518  -70.411  1.274 0.1000000015
14961  -44.662  -71.112  1.100 0.5000000000
14962  -45.491  -71.359  0.457 0.5000000000
14963  -46.347  -71.226  -0.471 0.4000000060
14970  -37.783  -70.670  -0.441 0.1000000015
14977  -47.083  -70.924  -1.184 0.3000000119
14983  -35.510  -71.144  -1.220 0.1000000015
14998  -47.239  -70.502  -2.245 0.3000000119
15022  -46.650  -70.143  -4.671 0.2000000030
15039  -29.626  -70.332  -6.845 0.1000000015
15105  -36.905  -70.906  -13.178 0.1000000015
15690  -34.503  -69.232  -0.233 0.1000000015
15693  -37.462  -69.590  1.030 0.1000000015
15698  -35.895  -69.704  -0.579 0.1000000015
15713  -46.936  -69.518  -2.474 0.4000000060
15745  -42.555  -68.635  -5.884 0.1000000015
15754  -31.258  -69.941  -6.638 0.1000000015
15755  -31.842  -69.683  -6.911 0.1000000015
15763  -46.096  -69.110  -6.363 0.1000000015
15792  -33.510  -69.494  -8.488 0.1000000015
15807  -34.553  -69.962  -9.533 0.1000000015
16297  -34.764  -67.970  13.066 0.1000000015
16497  -43.853  -67.522  -4.045 0.4000000060
16500  -46.668  -68.422  -4.069 0.3000000119
16511  -46.744  -68.520  -4.826 0.2000000030
16524  -44.289  -67.592  -5.551 0.1000000015
16526  -46.313  -68.523  -5.647 0.1000000015
16576  -35.026  -67.617  -9.876 0.1000000015
16588  -36.257  -68.270  -10.751 0.1000000015
17281  -42.282  -66.280  -4.044 0.3000000119
17283  -44.278  -67.304  -4.518 0.3000000119
17296  -41.767  -66.521  -5.048 0.4000000060
17311  -37.370  -67.821  -5.084 0.2000000030
17315  -44.558  -67.288  -5.090 0.3000000119
17316  -45.470  -67.492  -5.026 0.1000000015
17346  -31.944  -67.410  -8.784 0.1000000015
18081  -40.434  -65.253  -3.127 0.4000000060
18095  -42.207  -66.125  -4.577 0.4000000060
18187  -37.655  -66.375  -12.449 0.1000000015
18877  -35.631  -65.475  -5.224 0.1000000015
18917  -36.850  -65.546  -11.810 0.1000000015
19565  -38.489  -63.902  -1.379 0.4000000060
19586  -34.696  -64.018  -4.199 0.1000000015
19610  -35.817  -64.427  -6.555 0.1000000015
19656  -38.090  -64.826  -13.058 0.1000000015
22559  -36.715  -60.413  11.574 0.2000000030
22763  -33.900  -60.326  0.369 0.1000000015
22880  -39.837  -60.784  -10.796 0.1000000015
23470  -38.773  -58.903  10.698 0.1000000015
27584  -35.416  -54.416  5.428 0.1000000015
112265  -39.351  -72.491  -10.923 0.1000000015
112874  -38.554  -80.993  -5.346 0.1000000015
113126  -34.731  -82.436  -8.774 0.1000000015
113699  -31.550  -77.699  -7.427 0.1000000015
114181  -33.305  -88.714  -8.628 0.1000000015
114860  -33.836  -68.305  1.019 0.1000000015
115323  -40.609  -76.002  -5.877 0.1000000015
115491  -35.229  -64.970  -5.015 0.1000000015
115780  -36.759  -83.122  0.534 0.1000000015
116138  -25.217  -87.126  -8.602 0.1000000015
116282  -33.691  -80.005  -7.396 0.1000000015
116772  -37.682  -83.433  -13.737 0.1000000015
116826  -39.941  -79.630  -5.410 0.1000000015
117712  -35.915  -76.884  -3.013 0.2000000030
117811  -39.024  -76.489  0.696 0.1000000015
117936  -39.185  -76.648  -5.474 0.2000000030
118231  -31.232  -90.857  -2.487 0.1000000015
118388  -37.558  -81.716  -5.349 0.1000000015
119935  -31.519  -74.021  -6.406 0.1000000015
120004  -36.210  -76.223  -7.480 0.1000000015
120291  -38.911  -72.617  -1.225 0.1000000015
120441  -33.516  -69.454  0.018 0.1000000015
121512  -35.260  -84.188  3.501 0.1000000015
121789  -38.764  -78.506  -7.656 0.1000000015
122242  -34.239  -79.847  -2.455 0.1000000015
123496  -36.326  -68.514  13.509 0.1000000015
123537  -31.678  -71.038  -6.508 0.1000000015
123646  -29.529  -89.414  -0.038 0.1000000015
124089  -35.166  -80.499  -7.393 0.1000000015
124750  -42.258  -77.280  -6.307 0.1000000015
124844  -34.726  -79.286  2.490 0.1000000015
125491  -31.752  -71.011  0.794 0.1000000015
125882  -42.259  -78.451  0.909 0.4000000060
125904  -40.656  -74.312  -3.074 0.1000000015
126480  -42.435  -78.086  -1.261 0.3000000119
126663  -23.194  -87.971  -6.054 0.1000000015
128050  -27.320  -93.051  -5.817 0.1000000015
128362  -35.834  -71.556  -9.881 0.1000000015
128419  -37.606  -64.330  -12.716 0.1000000015
129202  -33.109  -88.739  -7.285 0.1000000015
129552  -35.674  -75.771  -7.473 0.1000000015
129740  -29.905  -86.451  0.949 0.1000000015
129907  -46.947  -69.974  -3.927 0.3000000119
130096  -33.309  -57.654  5.201 0.3000000119
130257  -38.535  -81.496  -7.333 0.1000000015
130461  -37.094  -63.665  -8.055 0.1000000015
130768  -31.736  -69.119  -7.238 0.1000000015
131581  -33.301  -70.435  -7.549 0.1000000015
131660  -34.331  -58.731  -4.403 0.1000000015
132199  -37.391  -84.454  -13.482 0.1000000015
132806  -42.383  -69.491  -2.172 0.4000000060
132894  -36.880  -76.937  2.362 0.1000000015
133314  -37.484  -77.320  2.349 0.1000000015
133512  -36.169  -78.225  2.722 0.1000000015
133948  -29.048  -88.739  0.930 0.1000000015
134077  -36.302  -85.978  -13.320 0.1000000015
134212  -36.133  -63.657  -11.886 0.1000000015
134423  -38.044  -78.466  -1.000 0.1000000015
134776  -40.333  -68.171  -4.980 0.2000000030
134787  -38.260  -85.255  -7.843 0.1000000015
134907  -35.899  -78.098  -7.298 0.1000000015
135252  -45.915  -71.627  0.057 0.4000000060
135517  -38.915  -71.926  -11.879 0.1000000015
