#!ascii label  , from subject bert vox2ras=TkReg
317
62610  -27.186  -14.303  -20.297 0.0000000000
65149  -24.197  -11.753  -23.976 0.0000000000
76927  -22.781  2.415  -24.775 0.0000000000
72794  -24.399  -2.704  -24.465 0.0000000000
121676  -26.585  -6.953  -24.123 0.0000000000
66000  -29.206  -10.305  -21.506 0.0000000000
78531  -22.331  4.516  -24.433 0.0000000000
71003  -24.809  -4.727  -24.525 0.0000000000
68522  -24.034  -7.318  -24.944 0.0000000000
64296  -25.748  -12.892  -22.027 0.0000000000
66009  -27.261  -10.501  -22.690 0.0000000000
64290  -28.435  -12.440  -20.428 0.0000000000
59141  -23.722  -18.369  -18.570 0.0000000000
61789  -24.806  -15.319  -21.150 0.0000000000
82489  -23.706  10.378  -21.877 0.0000000000
122811  -24.642  8.387  -22.586 0.0000000000
80134  -24.702  6.355  -22.706 0.0000000000
78513  -25.368  4.324  -22.959 0.0000000000
76916  -25.791  2.248  -23.299 0.0000000000
75296  -23.153  -0.109  -25.154 0.0000000000
75270  -26.220  0.101  -23.590 0.0000000000
72780  -27.082  -2.516  -23.662 0.0000000000
71005  -27.934  -4.890  -24.421 0.0000000000
70175  -29.668  -6.114  -23.999 0.0000000000
66889  -25.776  -9.050  -23.993 0.0000000000
66874  -28.341  -8.972  -23.049 0.0000000000
69353  -23.408  -6.227  -25.740 0.0000000000
68520  -22.537  -7.398  -25.587 0.0000000000
63433  -26.783  -13.910  -20.938 0.0000000000
64297  -26.700  -12.669  -21.803 0.0000000000
63434  -27.514  -13.573  -20.574 0.0000000000
55324  -24.976  -22.563  -15.669 0.0000000000
55339  -25.244  -21.818  -16.173 0.0000000000
57248  -24.759  -20.382  -16.952 0.0000000000
62616  -23.154  -14.546  -22.151 0.0000000000
61787  -23.052  -15.418  -21.614 0.0000000000
80935  -24.694  7.363  -22.606 0.0000000000
77724  -22.350  3.805  -24.666 0.0000000000
78511  -23.448  4.836  -23.763 0.0000000000
77711  -23.697  3.964  -23.649 0.0000000000
77713  -25.897  3.245  -23.054 0.0000000000
76928  -23.562  2.283  -24.250 0.0000000000
74469  -23.613  -0.811  -24.779 0.0000000000
75283  -24.686  0.072  -24.180 0.0000000000
73630  -25.419  -1.436  -23.830 0.0000000000
73631  -26.450  -1.549  -23.620 0.0000000000
72779  -25.908  -2.303  -23.663 0.0000000000
69335  -25.992  -6.138  -24.288 0.0000000000
71004  -27.068  -4.689  -24.018 0.0000000000
118250  -27.957  -6.059  -24.344 0.0000000000
70187  -28.784  -5.957  -24.586 0.0000000000
69337  -28.522  -6.566  -24.231 0.0000000000
66029  -23.402  -10.720  -24.748 0.0000000000
67692  -24.172  -9.108  -24.806 0.0000000000
66031  -24.745  -10.285  -24.327 0.0000000000
66010  -28.121  -10.426  -22.268 0.0000000000
66860  -27.770  -9.760  -22.800 0.0000000000
66861  -28.589  -9.623  -22.441 0.0000000000
67666  -29.428  -8.291  -22.461 0.0000000000
66850  -29.937  -9.110  -21.514 0.0000000000
59130  -25.443  -18.578  -17.713 0.0000000000
60069  -23.658  -17.761  -19.096 0.0000000000
60071  -25.510  -17.444  -18.449 0.0000000000
60910  -25.511  -16.153  -19.211 0.0000000000
71925  -23.405  -3.741  -25.506 0.0000000000
71909  -24.534  -3.404  -24.527 0.0000000000
71017  -24.153  -4.911  -25.155 0.0000000000
70183  -24.487  -5.521  -24.804 0.0000000000
125181  -25.436  -6.905  -24.374 0.0000000000
64316  -24.699  -12.106  -23.403 0.0000000000
65151  -25.941  -11.005  -23.398 0.0000000000
64308  -26.191  -12.143  -22.391 0.0000000000
65132  -27.797  -11.662  -21.712 0.0000000000
65134  -28.955  -10.971  -21.100 0.0000000000
118999  -24.971  -19.155  -17.485 0.0000000000
64314  -23.258  -12.893  -23.641 0.0000000000
63451  -24.047  -13.531  -22.873 0.0000000000
62618  -24.861  -14.501  -21.551 0.0000000000
62608  -25.622  -14.929  -20.980 0.0000000000
119740  -24.767  11.720  -22.885 0.0000000000
82505  -22.286  9.388  -22.160 0.0000000000
119504  -24.530  9.205  -22.433 0.0000000000
124861  -26.319  9.054  -23.220 0.0000000000
80936  -25.969  7.522  -22.928 0.0000000000
126384  -26.595  6.860  -23.102 0.0000000000
78512  -23.659  5.270  -23.650 0.0000000000
78494  -24.416  5.269  -23.196 0.0000000000
79346  -26.702  5.649  -22.915 0.0000000000
128570  -27.161  4.237  -23.097 0.0000000000
77714  -27.079  3.374  -23.219 0.0000000000
125559  -27.528  1.761  -23.554 0.0000000000
76115  -22.472  1.697  -25.289 0.0000000000
122283  -24.328  0.795  -24.216 0.0000000000
123103  -26.041  0.874  -23.479 0.0000000000
76108  -27.432  0.936  -23.531 0.0000000000
74457  -27.633  -0.819  -23.903 0.0000000000
72781  -28.148  -2.774  -24.288 0.0000000000
122356  -25.849  -3.710  -23.996 0.0000000000
71891  -28.007  -3.564  -24.127 0.0000000000
68521  -23.372  -7.875  -25.326 0.0000000000
67693  -25.059  -8.499  -24.400 0.0000000000
68503  -25.793  -7.707  -24.315 0.0000000000
66019  -26.133  -10.266  -23.499 0.0000000000
67675  -26.777  -8.647  -23.734 0.0000000000
68494  -28.036  -7.863  -23.645 0.0000000000
68495  -28.799  -7.599  -23.526 0.0000000000
69318  -29.783  -6.890  -22.792 0.0000000000
60919  -23.877  -16.374  -20.727 0.0000000000
61770  -25.363  -15.702  -19.929 0.0000000000
61772  -27.186  -15.349  -19.313 0.0000000000
63426  -27.883  -13.965  -19.912 0.0000000000
62600  -27.554  -14.679  -19.638 0.0000000000
55325  -25.992  -22.416  -15.729 0.0000000000
118558  -22.418  3.087  -24.908 0.0000000000
77725  -23.133  3.273  -24.293 0.0000000000
133548  -24.167  2.875  -23.741 0.0000000000
72793  -23.665  -2.350  -24.958 0.0000000000
73643  -23.229  -1.571  -25.277 0.0000000000
73644  -23.799  -1.615  -24.673 0.0000000000
73645  -24.446  -1.305  -24.281 0.0000000000
130104  -24.202  -2.028  -24.396 0.0000000000
72795  -24.901  -2.142  -24.003 0.0000000000
69336  -27.030  -6.073  -24.113 0.0000000000
120990  -27.635  -6.708  -24.051 0.0000000000
65160  -23.789  -11.287  -24.405 0.0000000000
66030  -24.069  -10.604  -24.682 0.0000000000
66017  -24.565  -11.044  -24.286 0.0000000000
66848  -28.781  -10.116  -21.979 0.0000000000
66849  -29.294  -9.546  -21.925 0.0000000000
66837  -29.791  -9.855  -21.228 0.0000000000
59142  -25.244  -18.130  -18.258 0.0000000000
71015  -22.771  -4.184  -26.108 0.0000000000
71016  -23.498  -4.681  -25.702 0.0000000000
70198  -23.725  -5.531  -25.608 0.0000000000
69354  -24.088  -6.377  -25.126 0.0000000000
69334  -24.948  -6.195  -24.472 0.0000000000
134479  -24.626  -6.872  -24.611 0.0000000000
64307  -25.203  -12.436  -22.663 0.0000000000
64289  -27.800  -12.803  -20.822 0.0000000000
64298  -27.450  -12.377  -21.469 0.0000000000
64299  -28.088  -12.048  -21.088 0.0000000000
65133  -28.399  -11.374  -21.401 0.0000000000
65124  -28.687  -11.679  -20.725 0.0000000000
55323  -24.054  -22.757  -15.778 0.0000000000
54469  -23.593  -23.450  -15.377 0.0000000000
58224  -25.267  -19.778  -17.091 0.0000000000
58225  -25.734  -19.150  -17.254 0.0000000000
63460  -23.459  -13.358  -23.296 0.0000000000
61788  -23.930  -14.975  -21.592 0.0000000000
62617  -23.881  -14.361  -22.046 0.0000000000
83868  -24.369  11.529  -22.401 0.0000000000
83169  -24.280  10.911  -22.129 0.0000000000
83877  -25.392  11.244  -23.028 0.0000000000
130789  -24.450  10.030  -22.149 0.0000000000
81794  -23.123  8.040  -22.570 0.0000000000
120188  -22.954  8.745  -22.253 0.0000000000
82507  -25.142  9.712  -22.522 0.0000000000
81785  -25.431  8.955  -22.723 0.0000000000
126001  -25.433  6.720  -22.629 0.0000000000
131600  -26.014  6.841  -22.817 0.0000000000
78510  -22.882  5.066  -23.984 0.0000000000
119477  -24.221  4.632  -23.326 0.0000000000
134867  -24.806  4.858  -23.150 0.0000000000
79333  -25.774  5.622  -22.721 0.0000000000
78496  -26.345  4.848  -22.834 0.0000000000
117067  -27.373  5.046  -23.146 0.0000000000
121325  -26.394  3.980  -22.856 0.0000000000
124674  -25.102  2.820  -23.390 0.0000000000
76917  -26.748  2.445  -23.346 0.0000000000
76107  -26.545  1.486  -23.404 0.0000000000
74487  -22.851  -0.781  -25.592 0.0000000000
75295  -22.524  0.066  -25.828 0.0000000000
75281  -22.989  0.765  -25.114 0.0000000000
123421  -23.625  0.962  -24.514 0.0000000000
75282  -23.801  0.173  -24.604 0.0000000000
132745  -25.402  -0.104  -23.837 0.0000000000
75269  -25.255  0.655  -23.794 0.0000000000
124435  -26.727  0.694  -23.443 0.0000000000
75271  -27.307  0.063  -23.576 0.0000000000
74456  -26.844  -0.750  -23.640 0.0000000000
73632  -27.437  -1.648  -23.781 0.0000000000
119362  -25.058  -3.919  -24.328 0.0000000000
135165  -25.896  -4.522  -24.112 0.0000000000
70990  -27.636  -4.109  -23.991 0.0000000000
70991  -28.424  -4.422  -24.550 0.0000000000
69338  -29.151  -6.358  -24.260 0.0000000000
69327  -29.879  -6.162  -23.326 0.0000000000
67709  -22.654  -8.434  -25.361 0.0000000000
118615  -24.879  -9.458  -24.340 0.0000000000
67694  -26.036  -8.349  -24.143 0.0000000000
66008  -26.590  -10.589  -23.098 0.0000000000
66873  -27.368  -9.237  -23.333 0.0000000000
67676  -27.746  -8.518  -23.477 0.0000000000
68493  -27.350  -8.058  -23.720 0.0000000000
125719  -28.416  -8.260  -23.339 0.0000000000
68496  -29.381  -7.613  -22.989 0.0000000000
68487  -29.803  -7.593  -22.231 0.0000000000
60911  -26.197  -16.074  -18.876 0.0000000000
61771  -26.224  -15.556  -19.443 0.0000000000
61761  -26.812  -15.853  -18.952 0.0000000000
133123  -23.268  -5.239  -26.002 0.0000000000
69352  -22.783  -6.531  -25.922 0.0000000000
124643  -23.401  -6.969  -25.515 0.0000000000
63443  -26.322  -13.450  -21.516 0.0000000000
63444  -27.147  -13.168  -21.240 0.0000000000
63435  -28.197  -13.228  -20.194 0.0000000000
63427  -28.590  -13.644  -19.548 0.0000000000
57247  -23.984  -20.337  -17.295 0.0000000000
112589  -24.981  -21.048  -16.571 0.0000000000
113642  -25.822  -21.152  -16.486 0.0000000000
62628  -23.414  -13.936  -22.685 0.0000000000
62627  -22.804  -14.140  -22.568 0.0000000000
82488  -22.607  10.355  -21.828 0.0000000000
81795  -23.988  7.974  -22.671 0.0000000000
80950  -23.519  7.262  -23.013 0.0000000000
80151  -24.067  6.653  -22.987 0.0000000000
78532  -22.999  4.328  -24.126 0.0000000000
77712  -24.710  3.637  -23.300 0.0000000000
76915  -24.919  2.140  -23.638 0.0000000000
132835  -24.306  -0.492  -24.393 0.0000000000
74470  -25.027  -0.644  -24.066 0.0000000000
74455  -25.885  -0.723  -23.709 0.0000000000
70184  -25.405  -5.400  -24.337 0.0000000000
70185  -26.483  -5.352  -24.140 0.0000000000
70186  -27.453  -5.405  -24.251 0.0000000000
125146  -28.227  -5.515  -24.522 0.0000000000
69325  -28.895  -6.969  -24.027 0.0000000000
116285  -23.543  -9.637  -25.151 0.0000000000
131829  -23.646  -10.220  -24.994 0.0000000000
66888  -24.174  -9.917  -24.813 0.0000000000
66871  -25.531  -9.873  -23.895 0.0000000000
67677  -28.960  -8.316  -23.042 0.0000000000
66862  -29.090  -8.968  -22.584 0.0000000000
114907  -29.525  -8.851  -22.060 0.0000000000
67660  -29.912  -8.322  -21.770 0.0000000000
67652  -30.614  -8.604  -21.072 0.0000000000
59129  -24.585  -18.611  -18.053 0.0000000000
60070  -24.576  -17.791  -18.722 0.0000000000
60081  -24.126  -17.221  -19.444 0.0000000000
60909  -24.614  -16.461  -19.874 0.0000000000
60897  -25.009  -16.904  -18.989 0.0000000000
60898  -25.860  -16.648  -18.627 0.0000000000
122725  -23.330  -2.984  -25.428 0.0000000000
71908  -23.915  -3.211  -24.972 0.0000000000
71002  -24.150  -4.096  -24.905 0.0000000000
65150  -25.101  -11.401  -23.770 0.0000000000
65141  -25.650  -11.717  -23.087 0.0000000000
65142  -26.620  -11.278  -22.708 0.0000000000
65131  -27.079  -11.896  -22.078 0.0000000000
65143  -27.513  -11.135  -22.218 0.0000000000
128128  -28.111  -11.070  -21.878 0.0000000000
65999  -28.617  -10.716  -21.713 0.0000000000
65990  -29.555  -10.553  -20.796 0.0000000000
65125  -29.298  -11.284  -20.394 0.0000000000
64282  -28.837  -12.854  -19.786 0.0000000000
59128  -23.722  -18.998  -17.996 0.0000000000
121227  -24.531  -19.775  -17.383 0.0000000000
128558  -24.313  -19.217  -17.668 0.0000000000
65148  -23.395  -12.127  -24.021 0.0000000000
64315  -23.827  -12.565  -23.680 0.0000000000
64306  -24.308  -12.865  -23.078 0.0000000000
63452  -24.802  -13.178  -22.371 0.0000000000
63441  -24.364  -13.890  -22.223 0.0000000000
63442  -25.348  -13.684  -21.776 0.0000000000
62619  -25.967  -14.255  -21.295 0.0000000000
62609  -26.422  -14.605  -20.649 0.0000000000
120415  -23.768  11.722  -22.044 0.0000000000
82506  -23.521  9.508  -22.064 0.0000000000
83190  -25.880  10.717  -23.111 0.0000000000
124515  -25.336  8.112  -22.711 0.0000000000
81786  -25.943  8.382  -23.003 0.0000000000
81796  -26.669  8.310  -23.371 0.0000000000
80951  -27.042  7.542  -23.456 0.0000000000
80153  -27.458  6.704  -23.582 0.0000000000
79345  -23.206  5.656  -23.801 0.0000000000
79331  -24.084  5.917  -23.345 0.0000000000
79332  -24.842  5.768  -22.803 0.0000000000
80136  -26.094  6.278  -22.748 0.0000000000
80152  -26.904  6.269  -23.090 0.0000000000
79347  -27.481  5.848  -23.352 0.0000000000
78514  -28.002  5.304  -23.767 0.0000000000
129305  -27.914  4.361  -23.650 0.0000000000
117747  -22.139  0.970  -25.872 0.0000000000
76116  -23.205  1.598  -24.653 0.0000000000
76117  -23.922  1.509  -24.225 0.0000000000
76105  -24.684  1.422  -23.895 0.0000000000
76106  -25.527  1.463  -23.541 0.0000000000
133002  -28.541  -2.447  -25.180 0.0000000000
71910  -25.274  -3.051  -24.059 0.0000000000
71889  -26.366  -3.132  -23.751 0.0000000000
70989  -26.704  -3.909  -23.873 0.0000000000
71890  -27.271  -3.340  -23.804 0.0000000000
71006  -28.854  -5.214  -24.828 0.0000000000
67691  -23.439  -8.802  -25.203 0.0000000000
68502  -24.114  -8.203  -24.836 0.0000000000
122350  -24.801  -7.581  -24.521 0.0000000000
66018  -25.348  -10.679  -23.903 0.0000000000
66020  -26.941  -9.964  -23.175 0.0000000000
66872  -26.429  -9.502  -23.587 0.0000000000
68504  -26.677  -7.846  -23.972 0.0000000000
68505  -27.437  -7.417  -23.848 0.0000000000
68506  -28.252  -7.198  -23.866 0.0000000000
69326  -29.384  -6.841  -23.637 0.0000000000
61777  -23.254  -16.134  -21.180 0.0000000000
61778  -23.997  -15.764  -21.208 0.0000000000
61769  -24.702  -15.885  -20.644 0.0000000000
61779  -25.326  -15.408  -20.625 0.0000000000
61780  -25.976  -15.178  -20.259 0.0000000000
62599  -26.764  -14.928  -19.923 0.0000000000
55338  -24.440  -22.219  -16.162 0.0000000000
76929  -24.235  2.035  -23.935 0.0000000000
78495  -25.264  5.109  -22.947 0.0000000000
80135  -25.342  6.135  -22.613 0.0000000000
81784  -23.835  8.639  -22.467 0.0000000000
119535  -24.824  11.171  -22.566 0.0000000000
127835  -27.604  -3.021  -23.906 0.0000000000
133125  -24.517  6.005  -22.890 0.0000000000
