#!ascii label  , from subject bert vox2ras=TkReg
878
54469  -23.593  -23.450  -15.377 0.4285714328
55337  -23.565  -22.147  -16.339 0.2857142985
55323  -24.054  -22.757  -15.778 0.4285714328
55324  -24.976  -22.563  -15.669 0.4285714328
55339  -25.244  -21.818  -16.173 0.4285714328
56198  -24.323  -21.621  -16.487 0.2857142985
113642  -25.822  -21.152  -16.486 0.4285714328
121227  -24.531  -19.775  -17.383 0.4285714328
58224  -25.267  -19.778  -17.091 0.4285714328
128558  -24.313  -19.217  -17.668 0.4285714328
59130  -25.443  -18.578  -17.713 0.4285714328
60069  -23.658  -17.761  -19.096 0.5714285970
60070  -24.576  -17.791  -18.722 0.5714285970
59142  -25.244  -18.130  -18.258 0.4285714328
60071  -25.510  -17.444  -18.449 0.2857142985
60081  -24.126  -17.221  -19.444 0.7142857313
60897  -25.009  -16.904  -18.989 0.7142857313
60911  -26.197  -16.074  -18.876 0.7142857313
61761  -26.812  -15.853  -18.952 0.4285714328
60910  -25.511  -16.153  -19.211 0.7142857313
62599  -26.764  -14.928  -19.923 0.5714285970
61770  -25.363  -15.702  -19.929 0.5714285970
61780  -25.976  -15.178  -20.259 0.5714285970
62609  -26.422  -14.605  -20.649 0.5714285970
62610  -27.186  -14.303  -20.297 0.5714285970
61779  -25.326  -15.408  -20.625 0.5714285970
62600  -27.554  -14.679  -19.638 0.4285714328
63433  -26.783  -13.910  -20.938 0.5714285970
64289  -27.800  -12.803  -20.822 0.5714285970
62619  -25.967  -14.255  -21.295 0.7142857313
63444  -27.147  -13.168  -21.240 0.7142857313
64290  -28.435  -12.440  -20.428 0.5714285970
62617  -23.881  -14.361  -22.046 0.5714285970
64297  -26.700  -12.669  -21.803 0.8571428657
64299  -28.088  -12.048  -21.088 0.7142857313
65124  -28.687  -11.679  -20.725 0.5714285970
64296  -25.748  -12.892  -22.027 0.7142857313
63452  -24.802  -13.178  -22.371 0.5714285970
128128  -28.111  -11.070  -21.878 0.7142857313
65134  -28.955  -10.971  -21.100 0.5714285970
65132  -27.797  -11.662  -21.712 0.7142857313
66010  -28.121  -10.426  -22.268 0.5714285970
65131  -27.079  -11.896  -22.078 0.7142857313
66848  -28.781  -10.116  -21.979 0.5714285970
64308  -26.191  -12.143  -22.391 0.5714285970
65142  -26.620  -11.278  -22.708 0.7142857313
66009  -27.261  -10.501  -22.690 0.7142857313
66861  -28.589  -9.623  -22.441 0.7142857313
66008  -26.590  -10.589  -23.098 0.7142857313
66860  -27.770  -9.760  -22.800 0.7142857313
66874  -28.341  -8.972  -23.049 0.7142857313
66020  -26.941  -9.964  -23.175 0.7142857313
65151  -25.941  -11.005  -23.398 0.5714285970
125719  -28.416  -8.260  -23.339 0.5714285970
68495  -28.799  -7.599  -23.526 0.5714285970
66872  -26.429  -9.502  -23.587 0.8571428657
66019  -26.133  -10.266  -23.499 0.8571428657
68494  -28.036  -7.863  -23.645 0.7142857313
67675  -26.777  -8.647  -23.734 0.8571428657
68493  -27.350  -8.058  -23.720 0.7142857313
69336  -27.030  -6.073  -24.113 0.8571428657
69337  -28.522  -6.566  -24.231 0.5714285970
68505  -27.437  -7.417  -23.848 0.8571428657
121676  -26.585  -6.953  -24.123 0.8571428657
68504  -26.677  -7.846  -23.972 0.8571428657
70185  -26.483  -5.352  -24.140 0.8571428657
71004  -27.068  -4.689  -24.018 0.8571428657
122356  -25.849  -3.710  -23.996 0.8571428657
135165  -25.896  -4.522  -24.112 0.8571428657
119362  -25.058  -3.919  -24.328 1.0000000000
69335  -25.992  -6.138  -24.288 0.8571428657
71003  -24.809  -4.727  -24.525 1.0000000000
72795  -24.901  -2.142  -24.003 1.0000000000
74469  -23.613  -0.811  -24.779 0.7142857313
71910  -25.274  -3.051  -24.059 1.0000000000
72794  -24.399  -2.704  -24.465 1.0000000000
130104  -24.202  -2.028  -24.396 1.0000000000
76117  -23.922  1.509  -24.225 1.0000000000
76116  -23.205  1.598  -24.653 0.8571428657
77711  -23.697  3.964  -23.649 0.8571428657
133548  -24.167  2.875  -23.741 1.0000000000
79332  -24.842  5.768  -22.803 0.8571428657
78494  -24.416  5.269  -23.196 0.8571428657
119477  -24.221  4.632  -23.326 1.0000000000
80936  -25.969  7.522  -22.928 0.8571428657
126001  -25.433  6.720  -22.629 0.8571428657
124515  -25.336  8.112  -22.711 0.7142857313
80950  -23.519  7.262  -23.013 0.5714285970
81785  -25.431  8.955  -22.723 0.7142857313
82506  -23.521  9.508  -22.064 0.5714285970
81794  -23.123  8.040  -22.570 0.5714285970
82505  -22.286  9.388  -22.160 0.4285714328
83169  -24.280  10.911  -22.129 0.4285714328
83877  -25.392  11.244  -23.028 0.4285714328
83167  -22.217  11.308  -21.385 0.2857142985
83859  -22.274  12.404  -21.077 0.2857142985
55338  -24.440  -22.219  -16.162 0.2857142985
65133  -28.399  -11.374  -21.401 0.5714285970
68506  -28.252  -7.198  -23.866 0.5714285970
67676  -27.746  -8.518  -23.477 0.7142857313
120990  -27.635  -6.708  -24.051 0.8571428657
118250  -27.957  -6.059  -24.344 0.8571428657
70186  -27.453  -5.405  -24.251 0.8571428657
70989  -26.704  -3.909  -23.873 0.8571428657
132835  -24.306  -0.492  -24.393 0.8571428657
85216  -21.548  14.299  -20.609 0.1428571492
117253  -22.902  -21.748  -16.689 0.2857142985
57234  -23.491  -20.826  -17.119 0.2857142985
57235  -24.171  -20.913  -16.800 0.2857142985
57248  -24.759  -20.382  -16.952 0.4285714328
58225  -25.734  -19.150  -17.254 0.4285714328
57247  -23.984  -20.337  -17.295 0.2857142985
59129  -24.585  -18.611  -18.053 0.4285714328
59141  -23.722  -18.369  -18.570 0.5714285970
60898  -25.860  -16.648  -18.627 0.4285714328
60908  -23.572  -16.881  -20.147 0.2857142985
60909  -24.614  -16.461  -19.874 0.7142857313
61771  -26.224  -15.556  -19.443 0.4285714328
63427  -28.590  -13.644  -19.548 0.4285714328
61789  -24.806  -15.319  -21.150 0.7142857313
62618  -24.861  -14.501  -21.551 0.7142857313
63434  -27.514  -13.573  -20.574 0.5714285970
63435  -28.197  -13.228  -20.194 0.4285714328
64298  -27.450  -12.377  -21.469 0.7142857313
63441  -24.364  -13.890  -22.223 0.5714285970
63442  -25.348  -13.684  -21.776 0.5714285970
66849  -29.294  -9.546  -21.925 0.5714285970
64307  -25.203  -12.436  -22.663 0.5714285970
65143  -27.513  -11.135  -22.218 0.7142857313
65141  -25.650  -11.717  -23.087 0.8571428657
66873  -27.368  -9.237  -23.333 0.7142857313
71889  -26.366  -3.132  -23.751 1.0000000000
73644  -23.799  -1.615  -24.673 0.8571428657
75296  -23.153  -0.109  -25.154 0.7142857313
75282  -23.801  0.173  -24.604 1.0000000000
75283  -24.686  0.072  -24.180 1.0000000000
123421  -23.625  0.962  -24.514 0.7142857313
122283  -24.328  0.795  -24.216 1.0000000000
75281  -22.989  0.765  -25.114 0.7142857313
76928  -23.562  2.283  -24.250 0.8571428657
77712  -24.710  3.637  -23.300 1.0000000000
80935  -24.694  7.363  -22.606 0.7142857313
82489  -23.706  10.378  -21.877 0.7142857313
81795  -23.988  7.974  -22.671 0.5714285970
119504  -24.530  9.205  -22.433 0.7142857313
82507  -25.142  9.712  -22.522 0.7142857313
120415  -23.768  11.722  -22.044 0.2857142985
83868  -24.369  11.529  -22.401 0.4285714328
83190  -25.880  10.717  -23.111 0.4285714328
119740  -24.767  11.720  -22.885 0.4285714328
84551  -22.667  12.837  -21.480 0.2857142985
60919  -23.877  -16.374  -20.727 0.4285714328
61778  -23.997  -15.764  -21.208 0.4285714328
130789  -24.450  10.030  -22.149 0.7142857313
83168  -23.324  11.111  -21.748 0.2857142985
83860  -22.979  11.992  -21.569 0.2857142985
55322  -23.063  -22.823  -15.800 0.2857142985
55325  -25.992  -22.416  -15.729 0.4285714328
56197  -23.519  -21.396  -16.749 0.2857142985
112589  -24.981  -21.048  -16.571 0.4285714328
58223  -23.779  -19.681  -17.638 0.2857142985
118999  -24.971  -19.155  -17.485 0.4285714328
59128  -23.722  -18.998  -17.996 0.4285714328
61769  -24.702  -15.885  -20.644 0.5714285970
62608  -25.622  -14.929  -20.980 0.5714285970
63426  -27.883  -13.965  -19.912 0.4285714328
63443  -26.322  -13.450  -21.516 0.7142857313
65999  -28.617  -10.716  -21.713 0.5714285970
68503  -25.793  -7.707  -24.315 0.8571428657
70184  -25.405  -5.400  -24.337 1.0000000000
80134  -24.702  6.355  -22.706 0.8571428657
122811  -24.642  8.387  -22.586 0.5714285970
120188  -22.954  8.745  -22.253 0.5714285970
82488  -22.607  10.355  -21.828 0.4285714328
83858  -21.510  11.734  -20.843 0.2857142985
83849  -21.865  12.926  -20.462 0.2857142985
85889  -25.042  14.152  -24.996 0.2857142985
85888  -24.448  14.707  -24.357 0.1428571492
85233  -24.929  12.884  -23.468 0.2857142985
85255  -25.396  13.516  -25.505 0.2857142985
86584  -23.734  15.323  -23.563 0.1428571492
84561  -24.113  12.336  -22.499 0.1428571492
84562  -24.671  12.367  -23.089 0.2857142985
114467  -24.312  13.196  -22.806 0.1428571492
115097  -25.640  12.944  -25.877 0.2857142985
85247  -25.335  13.434  -24.600 0.2857142985
82526  -26.853  9.623  -27.041 0.2857142985
123357  -26.702  11.524  -26.059 0.2857142985
84568  -25.321  11.978  -23.548 0.2857142985
82518  -27.288  9.764  -24.181 0.2857142985
84577  -26.232  12.242  -24.732 0.2857142985
84576  -25.567  12.682  -24.166 0.2857142985
118228  -27.994  7.872  -25.596 0.1428571492
83201  -27.426  10.497  -25.391 0.2857142985
83894  -26.803  11.738  -25.183 0.2857142985
85240  -24.525  13.869  -23.192 0.1428571492
83887  -26.657  11.614  -24.377 0.2857142985
84569  -26.040  11.985  -24.072 0.2857142985
121020  -28.199  6.003  -26.694 0.1428571492
80965  -28.171  7.133  -25.755 0.1428571492
81799  -27.616  9.058  -24.643 0.4285714328
83191  -26.503  10.520  -23.514 0.2857142985
78514  -28.002  5.304  -23.767 0.2857142985
80951  -27.042  7.542  -23.456 0.4285714328
81797  -27.113  9.056  -23.744 0.2857142985
122205  -25.169  10.526  -22.587 0.2857142985
78533  -28.400  3.852  -24.463 0.1428571492
79364  -28.015  6.085  -23.972 0.2857142985
81796  -26.669  8.310  -23.371 0.4285714328
80152  -26.904  6.269  -23.090 0.5714285970
76918  -27.681  2.568  -23.595 0.1428571492
77726  -27.956  3.371  -23.753 0.1428571492
126384  -26.595  6.860  -23.102 0.7142857313
124861  -26.319  9.054  -23.220 0.4285714328
117067  -27.373  5.046  -23.146 0.4285714328
76118  -28.170  1.177  -23.839 0.2857142985
125559  -27.528  1.761  -23.554 0.7142857313
80136  -26.094  6.278  -22.748 0.7142857313
77713  -25.897  3.245  -23.054 0.8571428657
78496  -26.345  4.848  -22.834 0.5714285970
75272  -28.014  -0.240  -24.001 0.2857142985
129473  -27.874  0.469  -23.761 0.2857142985
121325  -26.394  3.980  -22.856 0.7142857313
78512  -23.659  5.270  -23.650 0.5714285970
78513  -25.368  4.324  -22.959 0.8571428657
74471  -28.179  -0.951  -24.406 0.1428571492
76107  -26.545  1.486  -23.404 0.7142857313
133123  -23.268  -5.239  -26.002 0.5714285970
71908  -23.915  -3.211  -24.972 0.8571428657
71925  -23.405  -3.741  -25.506 0.4285714328
72793  -23.665  -2.350  -24.958 0.5714285970
74455  -25.885  -0.723  -23.709 0.8571428657
76105  -24.684  1.422  -23.895 0.8571428657
73646  -28.158  -1.658  -24.308 0.2857142985
75270  -26.220  0.101  -23.590 0.8571428657
76106  -25.527  1.463  -23.541 0.8571428657
133002  -28.541  -2.447  -25.180 0.4285714328
74456  -26.844  -0.750  -23.640 0.7142857313
124435  -26.727  0.694  -23.443 0.7142857313
70197  -22.941  -5.727  -26.177 0.2857142985
71017  -24.153  -4.911  -25.155 0.5714285970
71016  -23.498  -4.681  -25.702 0.5714285970
71909  -24.534  -3.404  -24.527 0.8571428657
73630  -25.419  -1.436  -23.830 0.8571428657
74470  -25.027  -0.644  -24.066 0.8571428657
132745  -25.402  -0.104  -23.837 0.8571428657
75269  -25.255  0.655  -23.794 0.8571428657
73632  -27.437  -1.648  -23.781 0.4285714328
73631  -26.450  -1.549  -23.620 0.8571428657
72781  -28.148  -2.774  -24.288 0.4285714328
66030  -24.069  -10.604  -24.682 0.7142857313
116285  -23.543  -9.637  -25.151 0.4285714328
66031  -24.745  -10.285  -24.327 0.7142857313
67693  -25.059  -8.499  -24.400 0.8571428657
68502  -24.114  -8.203  -24.836 0.5714285970
124643  -23.401  -6.969  -25.515 0.5714285970
68520  -22.537  -7.398  -25.587 0.4285714328
122350  -24.801  -7.581  -24.521 0.8571428657
68522  -24.034  -7.318  -24.944 0.5714285970
69353  -23.408  -6.227  -25.740 0.5714285970
70183  -24.487  -5.521  -24.804 0.7142857313
70198  -23.725  -5.531  -25.608 0.5714285970
70990  -27.636  -4.109  -23.991 0.7142857313
72779  -25.908  -2.303  -23.663 0.7142857313
121295  -29.154  -4.493  -25.241 0.2857142985
71891  -28.007  -3.564  -24.127 0.4285714328
64316  -24.699  -12.106  -23.403 0.4285714328
65149  -24.197  -11.753  -23.976 0.4285714328
66029  -23.402  -10.720  -24.748 0.4285714328
66889  -25.776  -9.050  -23.993 0.7142857313
67694  -26.036  -8.349  -24.143 0.7142857313
125181  -25.436  -6.905  -24.374 0.8571428657
125146  -28.227  -5.515  -24.522 0.7142857313
71006  -28.854  -5.214  -24.828 0.2857142985
71005  -27.934  -4.890  -24.421 0.5714285970
64306  -24.308  -12.865  -23.078 0.4285714328
64314  -23.258  -12.893  -23.641 0.5714285970
65150  -25.101  -11.401  -23.770 0.5714285970
66017  -24.565  -11.044  -24.286 0.5714285970
66871  -25.531  -9.873  -23.895 0.7142857313
69325  -28.895  -6.969  -24.027 0.4285714328
70187  -28.784  -5.957  -24.586 0.4285714328
61788  -23.930  -14.975  -21.592 0.5714285970
65125  -29.298  -11.284  -20.394 0.4285714328
66000  -29.206  -10.305  -21.506 0.4285714328
68496  -29.381  -7.613  -22.989 0.4285714328
67677  -28.960  -8.316  -23.042 0.4285714328
69318  -29.783  -6.890  -22.792 0.4285714328
69326  -29.384  -6.841  -23.637 0.4285714328
125339  -26.870  -18.588  -17.243 0.1428571492
114907  -29.525  -8.851  -22.060 0.4285714328
67666  -29.428  -8.291  -22.461 0.4285714328
60072  -26.360  -17.234  -18.159 0.1428571492
60900  -27.629  -16.524  -18.257 0.1428571492
62591  -28.754  -14.874  -18.749 0.2857142985
134053  -30.649  -11.883  -19.099 0.2857142985
65980  -31.256  -10.361  -19.556 0.2857142985
65979  -30.663  -10.644  -19.900 0.2857142985
64282  -28.837  -12.854  -19.786 0.4285714328
65992  -30.884  -9.924  -20.217 0.2857142985
65991  -30.232  -10.219  -20.549 0.2857142985
66838  -30.434  -9.470  -20.860 0.2857142985
66850  -29.937  -9.110  -21.514 0.4285714328
60062  -27.695  -17.574  -17.505 0.1428571492
60073  -27.227  -17.082  -17.955 0.1428571492
60060  -25.913  -17.933  -17.882 0.1428571492
60901  -28.306  -16.243  -18.221 0.2857142985
61763  -28.499  -15.583  -18.536 0.2857142985
63419  -29.775  -13.854  -18.657 0.2857142985
119250  -30.190  -13.028  -18.892 0.2857142985
63428  -29.358  -13.348  -19.245 0.2857142985
64284  -30.210  -12.137  -19.223 0.2857142985
60063  -28.456  -17.352  -17.349 0.1428571492
61754  -30.302  -15.566  -17.813 0.2857142985
60889  -28.921  -16.588  -17.674 0.2857142985
61764  -29.251  -15.377  -18.359 0.2857142985
61752  -28.953  -15.938  -18.152 0.2857142985
62592  -29.502  -14.642  -18.513 0.2857142985
56183  -26.099  -21.691  -16.147 0.2857142985
59112  -26.500  -19.153  -17.040 0.1428571492
58211  -26.034  -19.791  -16.847 0.2857142985
59113  -27.302  -19.090  -16.909 0.1428571492
53589  -24.882  -24.127  -14.667 0.2857142985
54453  -23.991  -24.051  -14.855 0.2857142985
53601  -23.217  -24.099  -15.149 0.2857142985
57237  -26.332  -20.501  -16.581 0.2857142985
53590  -25.736  -24.335  -14.649 0.1428571492
53588  -23.326  -24.726  -14.678 0.2857142985
52757  -23.747  -25.345  -14.210 0.1428571492
60888  -28.049  -16.884  -17.830 0.1428571492
61753  -29.685  -15.929  -17.876 0.2857142985
62593  -30.225  -14.426  -18.278 0.2857142985
64274  -30.792  -12.355  -18.780 0.2857142985
65118  -30.487  -11.417  -19.483 0.2857142985
65990  -29.555  -10.553  -20.796 0.4285714328
67652  -30.614  -8.604  -21.072 0.2857142985
67692  -24.172  -9.108  -24.806 0.7142857313
67660  -29.912  -8.322  -21.770 0.4285714328
69354  -24.088  -6.377  -25.126 0.5714285970
70188  -29.540  -5.600  -24.469 0.2857142985
70189  -29.585  -4.766  -24.908 0.2857142985
70991  -28.424  -4.422  -24.550 0.5714285970
72780  -27.082  -2.516  -23.662 0.7142857313
76915  -24.919  2.140  -23.638 0.8571428657
80151  -24.067  6.653  -22.987 0.4285714328
71892  -28.760  -3.889  -24.970 0.2857142985
76916  -25.791  2.248  -23.299 0.8571428657
134867  -24.806  4.858  -23.150 0.8571428657
76108  -27.432  0.936  -23.531 0.5714285970
129305  -27.914  4.361  -23.650 0.4285714328
85877  -23.724  14.854  -22.420 0.1428571492
81804  -27.855  8.646  -25.540 0.2857142985
80964  -28.043  7.370  -24.938 0.1428571492
84587  -26.133  12.279  -25.738 0.2857142985
54455  -25.544  -23.620  -14.951 0.1428571492
58212  -26.848  -19.822  -16.694 0.1428571492
57236  -25.541  -20.445  -16.730 0.2857142985
59132  -27.517  -18.328  -17.214 0.1428571492
60047  -28.803  -17.927  -16.846 0.1428571492
60064  -29.126  -17.227  -17.122 0.1428571492
61772  -27.186  -15.349  -19.313 0.2857142985
62601  -28.306  -14.418  -19.320 0.2857142985
65109  -31.166  -11.620  -18.913 0.2857142985
64315  -23.827  -12.565  -23.680 0.5714285970
65159  -23.089  -11.387  -24.430 0.2857142985
66839  -31.036  -9.181  -20.381 0.2857142985
121686  -30.945  -7.918  -20.756 0.2857142985
66888  -24.174  -9.917  -24.813 0.7142857313
67709  -22.654  -8.434  -25.361 0.4285714328
67691  -23.439  -8.802  -25.203 0.5714285970
70208  -22.178  -5.347  -26.534 0.2857142985
69352  -22.783  -6.531  -25.922 0.5714285970
68482  -30.434  -7.573  -21.458 0.2857142985
66862  -29.090  -8.968  -22.584 0.4285714328
70209  -22.839  -4.980  -26.300 0.2857142985
68488  -30.140  -6.945  -22.085 0.1428571492
69327  -29.879  -6.162  -23.326 0.4285714328
70175  -29.668  -6.114  -23.999 0.4285714328
70176  -30.182  -5.628  -23.963 0.1428571492
129404  -30.224  -5.078  -24.501 0.1428571492
124674  -25.102  2.820  -23.390 0.8571428657
73663  -28.552  -2.791  -26.548 0.2857142985
73647  -28.443  -1.659  -25.227 0.1428571492
74457  -27.633  -0.819  -23.903 0.4285714328
74472  -28.317  -0.660  -25.049 0.1428571492
77714  -27.079  3.374  -23.219 0.5714285970
75284  -28.224  0.325  -24.291 0.1428571492
126028  -28.229  1.939  -23.786 0.1428571492
77727  -28.437  3.083  -24.366 0.1428571492
128570  -27.161  4.237  -23.097 0.5714285970
76930  -28.356  2.485  -23.966 0.1428571492
123944  -27.437  8.283  -23.935 0.2857142985
80956  -27.709  7.483  -24.111 0.2857142985
79365  -28.254  5.593  -24.450 0.2857142985
124268  -28.366  4.828  -24.619 0.1428571492
79383  -28.421  5.428  -26.125 0.1428571492
80182  -28.354  6.283  -25.789 0.1428571492
82527  -27.309  9.569  -26.522 0.2857142985
81826  -27.044  8.893  -27.090 0.2857142985
81815  -27.531  8.202  -26.810 0.1428571492
80976  -27.914  7.630  -26.381 0.1428571492
55326  -27.054  -22.682  -15.500 0.1428571492
59114  -28.246  -18.807  -16.822 0.1428571492
65119  -31.054  -10.999  -19.382 0.2857142985
71912  -29.493  -4.207  -25.737 0.2857142985
80188  -27.532  6.637  -27.394 0.1428571492
82543  -26.345  9.307  -27.477 0.2857142985
54468  -22.561  -23.662  -15.498 0.2857142985
54454  -24.644  -23.325  -15.163 0.2857142985
54470  -25.492  -23.014  -15.335 0.1428571492
56184  -26.778  -21.835  -15.883 0.1428571492
56199  -26.587  -21.171  -16.287 0.1428571492
59131  -26.204  -18.530  -17.438 0.1428571492
60061  -26.814  -17.872  -17.594 0.1428571492
60899  -26.821  -16.473  -18.502 0.2857142985
61762  -27.626  -15.875  -18.684 0.2857142985
66018  -25.348  -10.679  -23.903 0.5714285970
71002  -24.150  -4.096  -24.905 0.8571428657
73645  -24.446  -1.305  -24.281 0.8571428657
79331  -24.084  5.917  -23.345 0.5714285970
131600  -26.014  6.841  -22.817 0.7142857313
81786  -25.943  8.382  -23.003 0.5714285970
82515  -25.920  9.889  -22.987 0.2857142985
82516  -26.724  9.767  -23.576 0.2857142985
62602  -28.994  -14.077  -18.890 0.2857142985
83878  -26.196  11.328  -23.632 0.2857142985
85883  -24.890  14.043  -24.055 0.2857142985
85882  -24.245  14.640  -23.416 0.1428571492
85241  -25.109  13.375  -23.869 0.2857142985
84586  -25.743  12.856  -25.081 0.2857142985
113452  -27.381  10.160  -26.126 0.2857142985
83888  -27.208  11.168  -24.791 0.2857142985
83192  -27.040  10.331  -23.916 0.2857142985
131340  -27.527  9.877  -24.869 0.2857142985
115273  -27.826  8.127  -24.768 0.2857142985
130515  -27.831  8.260  -26.160 0.1428571492
83198  -26.976  10.987  -24.036 0.2857142985
134615  -27.883  6.328  -27.055 0.1428571492
80171  -28.267  6.183  -24.807 0.1428571492
80186  -28.012  6.795  -26.632 0.1428571492
114420  -27.612  8.874  -26.335 0.1428571492
80153  -27.458  6.704  -23.582 0.4285714328
80170  -28.000  6.776  -24.376 0.2857142985
79377  -28.409  5.543  -25.231 0.2857142985
79347  -27.481  5.848  -23.352 0.4285714328
79346  -26.702  5.649  -22.915 0.5714285970
79333  -25.774  5.622  -22.721 0.7142857313
76917  -26.748  2.445  -23.346 0.4285714328
75271  -27.307  0.063  -23.576 0.5714285970
123103  -26.041  0.874  -23.479 0.8571428657
122725  -23.330  -2.984  -25.428 0.4285714328
71015  -22.771  -4.184  -26.108 0.4285714328
65160  -23.789  -11.287  -24.405 0.5714285970
131829  -23.646  -10.220  -24.994 0.4285714328
118615  -24.879  -9.458  -24.340 0.7142857313
68521  -23.372  -7.875  -25.326 0.4285714328
134479  -24.626  -6.872  -24.611 0.7142857313
69334  -24.948  -6.195  -24.472 0.8571428657
71890  -27.271  -3.340  -23.804 0.7142857313
65148  -23.395  -12.127  -24.021 0.5714285970
69338  -29.151  -6.358  -24.260 0.4285714328
65126  -29.984  -10.953  -20.142 0.2857142985
66837  -29.791  -9.855  -21.228 0.4285714328
68487  -29.803  -7.593  -22.231 0.4285714328
61773  -28.024  -15.166  -19.087 0.2857142985
65117  -29.713  -11.685  -19.728 0.2857142985
64291  -29.063  -12.058  -20.058 0.2857142985
64283  -29.557  -12.519  -19.485 0.2857142985
59133  -28.134  -17.995  -17.134 0.1428571492
63420  -30.425  -13.701  -18.402 0.2857142985
61765  -29.992  -15.201  -18.200 0.2857142985
118034  -24.277  -24.774  -14.477 0.1428571492
54456  -26.226  -23.844  -14.890 0.1428571492
85232  -23.779  14.288  -22.329 0.1428571492
85225  -23.464  13.645  -22.173 0.1428571492
78531  -22.331  4.516  -24.433 0.5714285970
118558  -22.418  3.087  -24.908 0.4285714328
77724  -22.350  3.805  -24.666 0.4285714328
78532  -22.999  4.328  -24.126 0.5714285970
76927  -22.781  2.415  -24.775 0.4285714328
77725  -23.133  3.273  -24.293 0.5714285970
78511  -23.448  4.836  -23.763 0.4285714328
75295  -22.524  0.066  -25.828 0.4285714328
76115  -22.472  1.697  -25.289 0.4285714328
117747  -22.139  0.970  -25.872 0.4285714328
73643  -23.229  -1.571  -25.277 0.5714285970
120142  -32.518  -9.686  -18.585 0.1428571492
66826  -31.413  -9.597  -19.699 0.1428571492
130719  -31.510  -8.938  -19.814 0.1428571492
59148  -22.751  -18.093  -19.120 0.2857142985
65959  -33.825  -10.171  -18.030 0.1428571492
66808  -34.145  -9.400  -18.253 0.1428571492
67625  -34.441  -8.707  -18.598 0.1428571492
64276  -32.228  -12.227  -18.020 0.1428571492
65931  -32.764  -11.020  -18.146 0.1428571492
114470  -33.027  -10.305  -18.209 0.1428571492
65961  -35.512  -10.653  -18.326 0.1428571492
66002  -36.217  -9.928  -21.050 0.1428571492
66811  -36.055  -9.792  -19.205 0.1428571492
66840  -36.251  -9.434  -20.462 0.1428571492
58231  -22.951  -18.808  -18.431 0.2857142985
59140  -22.082  -18.665  -18.737 0.2857142985
62584  -31.477  -14.505  -17.441 0.1428571492
63410  -31.638  -13.629  -17.633 0.1428571492
63421  -31.037  -13.131  -18.257 0.1428571492
62594  -30.867  -14.045  -17.909 0.1428571492
64267  -31.880  -12.857  -17.858 0.1428571492
65093  -34.007  -11.642  -17.465 0.1428571492
64268  -32.627  -12.637  -17.557 0.1428571492
135264  -34.519  -11.339  -17.643 0.1428571492
65092  -32.948  -11.767  -17.779 0.1428571492
65127  -36.432  -11.323  -20.193 0.1428571492
114115  -36.360  -10.702  -20.650 0.1428571492
65982  -36.306  -10.233  -19.551 0.1428571492
133438  -22.390  -19.226  -18.299 0.2857142985
122698  -22.267  -19.835  -18.009 0.2857142985
58222  -21.413  -20.028  -18.105 0.2857142985
116692  -30.733  -15.589  -17.514 0.1428571492
61756  -32.100  -15.003  -16.989 0.1428571492
131998  -32.306  -13.280  -17.449 0.1428571492
64270  -34.408  -12.508  -17.145 0.1428571492
63411  -33.021  -13.261  -17.146 0.1428571492
64271  -35.687  -12.286  -17.881 0.1428571492
65120  -36.370  -11.081  -19.367 0.1428571492
64277  -35.933  -11.902  -18.410 0.1428571492
66001  -35.836  -10.109  -21.875 0.1428571492
121645  -36.030  -10.788  -21.435 0.1428571492
60890  -30.387  -16.085  -17.456 0.1428571492
61755  -31.301  -15.316  -17.279 0.1428571492
60891  -31.065  -16.002  -17.124 0.1428571492
62572  -33.007  -14.793  -16.736 0.1428571492
61741  -32.644  -15.564  -16.640 0.1428571492
63399  -34.949  -13.934  -16.879 0.1428571492
62585  -32.421  -14.062  -17.158 0.1428571492
63414  -35.447  -13.587  -17.226 0.1428571492
63398  -34.277  -13.922  -16.719 0.1428571492
114916  -35.262  -12.750  -17.314 0.1428571492
64293  -36.218  -12.063  -20.486 0.1428571492
131426  -36.273  -12.468  -19.187 0.1428571492
65135  -35.742  -11.635  -21.746 0.1428571492
65136  -36.197  -11.449  -20.970 0.1428571492
60876  -31.418  -16.517  -16.662 0.1428571492
60874  -29.846  -16.779  -17.226 0.1428571492
60877  -33.938  -16.188  -16.226 0.1428571492
61740  -31.847  -15.821  -16.777 0.1428571492
62573  -33.913  -14.685  -16.563 0.1428571492
61742  -33.519  -15.486  -16.485 0.1428571492
62587  -35.925  -14.124  -17.771 0.1428571492
112236  -35.713  -14.838  -17.553 0.1428571492
62595  -36.157  -14.350  -18.512 0.1428571492
63430  -36.248  -13.167  -19.092 0.1428571492
63415  -35.864  -13.148  -17.787 0.1428571492
64285  -36.363  -11.934  -19.663 0.1428571492
60052  -34.981  -17.003  -16.498 0.1428571492
60862  -33.526  -16.742  -15.974 0.1428571492
119725  -32.186  -16.470  -16.449 0.1428571492
60892  -35.452  -16.355  -17.703 0.1428571492
114041  -35.359  -17.032  -17.159 0.1428571492
118120  -36.020  -14.959  -18.053 0.1428571492
61757  -35.579  -15.529  -17.621 0.1428571492
63437  -36.140  -12.792  -19.939 0.1428571492
62603  -36.006  -14.531  -19.360 0.1428571492
61743  -34.475  -15.492  -16.576 0.1428571492
62574  -34.733  -14.583  -16.764 0.1428571492
63412  -33.883  -13.192  -16.868 0.1428571492
118439  -35.635  -10.883  -22.196 0.1428571492
66011  -35.579  -10.213  -22.679 0.1428571492
65934  -34.921  -11.027  -17.845 0.1428571492
65962  -36.063  -10.424  -18.896 0.1428571492
66827  -32.064  -9.134  -19.210 0.1428571492
57246  -23.049  -20.283  -17.565 0.2857142985
64301  -35.961  -12.083  -21.152 0.1428571492
65144  -35.434  -11.004  -22.991 0.1428571492
66875  -35.616  -9.500  -23.163 0.1428571492
74487  -22.851  -0.781  -25.592 0.4285714328
66863  -35.812  -9.435  -22.311 0.1428571492
65993  -36.388  -10.053  -20.228 0.1428571492
66851  -36.041  -9.433  -21.603 0.1428571492
66828  -35.787  -9.207  -19.301 0.1428571492
66852  -36.186  -9.038  -21.025 0.1428571492
67640  -31.927  -8.330  -19.577 0.1428571492
67653  -31.237  -8.461  -20.302 0.1428571492
78510  -22.882  5.066  -23.984 0.4285714328
79345  -23.206  5.656  -23.801 0.4285714328
82558  -25.717  9.010  -27.991 0.1428571492
128180  -23.020  -19.457  -17.947 0.2857142985
115634  -26.394  10.073  -27.281 0.1428571492
65981  -31.837  -10.024  -19.048 0.1428571492
62583  -30.681  -14.965  -17.790 0.1428571492
64275  -31.545  -12.301  -18.400 0.1428571492
65957  -31.612  -10.855  -18.948 0.1428571492
66807  -33.337  -9.503  -18.331 0.1428571492
65960  -34.717  -10.147  -18.139 0.1428571492
65933  -34.247  -10.873  -17.806 0.1428571492
65958  -32.277  -10.545  -18.507 0.1428571492
66809  -34.812  -9.366  -18.480 0.1428571492
128079  -32.825  -8.811  -18.707 0.1428571492
67641  -33.974  -8.038  -18.765 0.1428571492
67626  -35.194  -8.906  -18.914 0.1428571492
65110  -32.080  -11.484  -18.380 0.1428571492
65932  -33.483  -10.964  -17.879 0.1428571492
66810  -35.532  -9.745  -18.669 0.1428571492
65112  -36.020  -11.229  -18.636 0.1428571492
66829  -36.167  -9.476  -19.799 0.1428571492
64269  -33.479  -12.480  -17.275 0.1428571492
65111  -35.545  -11.475  -18.057 0.1428571492
65094  -34.945  -11.839  -17.534 0.1428571492
111956  -36.214  -11.869  -18.943 0.1428571492
62586  -33.421  -13.968  -16.785 0.1428571492
63413  -34.733  -13.286  -16.910 0.1428571492
64278  -36.108  -12.629  -18.497 0.1428571492
60875  -30.680  -16.625  -16.901 0.1428571492
131424  -32.420  -16.034  -16.565 0.1428571492
62575  -35.405  -14.366  -17.148 0.1428571492
60878  -34.562  -16.346  -16.432 0.1428571492
131526  -36.044  -15.032  -18.697 0.1428571492
62604  -36.238  -13.866  -19.000 0.1428571492
62611  -35.615  -14.257  -20.245 0.1428571492
61744  -35.243  -15.156  -17.074 0.1428571492
60879  -35.143  -16.132  -17.003 0.1428571492
113939  -21.774  -25.398  -14.750 0.1428571492
53600  -22.563  -24.492  -15.145 0.1428571492
53586  -21.292  -24.952  -15.202 0.1428571492
53599  -21.788  -24.346  -15.434 0.1428571492
55321  -22.109  -22.855  -15.855 0.1428571492
55336  -22.588  -22.269  -16.312 0.1428571492
55335  -21.740  -22.336  -16.439 0.1428571492
56204  -21.703  -21.282  -17.356 0.1428571492
56196  -22.160  -21.822  -16.901 0.1428571492
56205  -22.707  -21.164  -17.196 0.1428571492
55334  -20.604  -21.889  -16.779 0.1428571492
56194  -20.831  -21.350  -17.297 0.1428571492
57245  -22.044  -20.576  -17.697 0.1428571492
58221  -20.609  -19.990  -18.016 0.1428571492
134751  -21.051  -19.426  -18.307 0.1428571492
59139  -21.162  -18.554  -18.715 0.1428571492
58230  -21.688  -19.294  -18.354 0.1428571492
59147  -21.672  -17.985  -19.344 0.2857142985
60080  -23.127  -17.379  -19.638 0.1428571492
60918  -22.807  -16.684  -20.801 0.2857142985
62628  -23.414  -13.936  -22.685 0.4285714328
63451  -24.047  -13.531  -22.873 0.4285714328
63460  -23.459  -13.358  -23.296 0.4285714328
72809  -22.860  -2.360  -25.776 0.2857142985
74486  -22.099  -0.740  -26.603 0.2857142985
77747  -20.483  3.581  -26.497 0.2857142985
77736  -21.122  3.705  -25.979 0.2857142985
59146  -20.934  -17.774  -19.539 0.1428571492
60078  -21.285  -17.531  -20.082 0.2857142985
60088  -22.716  -17.117  -20.241 0.1428571492
55320  -21.213  -22.843  -16.094 0.1428571492
56195  -21.345  -21.886  -16.969 0.1428571492
57243  -20.300  -20.738  -17.525 0.1428571492
58229  -20.574  -19.054  -18.297 0.1428571492
123729  -20.918  -17.389  -20.968 0.2857142985
60087  -22.084  -17.182  -20.682 0.2857142985
124445  -21.360  -17.360  -20.789 0.2857142985
60917  -21.874  -16.906  -21.107 0.2857142985
61777  -23.254  -16.134  -21.180 0.2857142985
61787  -23.052  -15.418  -21.614 0.4285714328
62616  -23.154  -14.546  -22.151 0.4285714328
120539  -22.720  -13.828  -22.831 0.2857142985
71924  -22.721  -3.288  -25.942 0.2857142985
133210  -22.346  -2.086  -26.328 0.2857142985
73662  -22.575  -1.542  -26.102 0.2857142985
125403  -21.464  -1.065  -27.297 0.2857142985
76140  -21.105  2.059  -26.562 0.2857142985
76139  -20.395  2.106  -26.635 0.2857142985
77737  -21.792  3.375  -25.397 0.2857142985
60927  -22.456  -16.184  -21.355 0.2857142985
73661  -21.799  -1.733  -26.860 0.2857142985
72822  -21.991  -2.712  -26.466 0.2857142985
74503  -21.360  -0.387  -27.190 0.2857142985
119332  -20.728  1.275  -26.748 0.2857142985
75313  -21.763  0.249  -26.528 0.2857142985
76141  -21.401  1.154  -26.467 0.2857142985
76126  -21.735  1.902  -26.011 0.2857142985
74502  -21.025  -0.881  -27.508 0.2857142985
118098  -20.800  -0.196  -27.260 0.2857142985
75312  -21.087  0.438  -26.985 0.2857142985
76937  -22.084  2.564  -25.456 0.2857142985
60079  -22.079  -17.502  -19.992 0.1428571492
117166  -21.990  -24.916  -15.172 0.1428571492
54467  -21.507  -23.549  -15.707 0.1428571492
134253  -21.041  -22.334  -16.547 0.1428571492
57244  -21.119  -20.703  -17.746 0.1428571492
114601  -20.896  -17.473  -20.492 0.2857142985
62627  -22.804  -14.140  -22.568 0.4285714328
76947  -21.337  2.894  -26.239 0.2857142985
123139  -20.405  0.531  -26.941 0.2857142985
64313  -22.943  -12.775  -23.719 0.2857142985
63459  -23.018  -13.399  -23.336 0.2857142985
84613  -23.256  12.369  -28.554 0.1428571492
83912  -23.488  11.568  -28.764 0.1428571492
84602  -24.518  12.510  -27.686 0.1428571492
83903  -25.730  11.309  -27.378 0.1428571492
83214  -25.769  10.551  -27.614 0.1428571492
84612  -22.396  12.704  -29.024 0.1428571492
84603  -25.295  12.071  -27.449 0.1428571492
85267  -25.233  13.439  -26.367 0.1428571492
85904  -23.579  15.062  -26.621 0.1428571492
83213  -25.153  10.146  -28.208 0.1428571492
83203  -26.983  10.221  -26.710 0.1428571492
122654  -24.650  11.835  -27.978 0.1428571492
83212  -25.095  11.133  -28.022 0.1428571492
83204  -27.137  10.817  -26.173 0.1428571492
84595  -25.569  12.594  -26.586 0.1428571492
83897  -26.468  10.944  -26.908 0.1428571492
85281  -24.290  13.254  -27.425 0.1428571492
85916  -23.474  14.507  -27.318 0.1428571492
85266  -24.659  13.674  -26.855 0.1428571492
85897  -25.017  14.116  -25.903 0.1428571492
85896  -24.495  14.724  -25.388 0.1428571492
85906  -24.844  13.935  -26.414 0.1428571492
83896  -25.978  11.788  -26.687 0.1428571492
84614  -24.003  12.075  -28.222 0.1428571492
85298  -23.047  13.175  -28.329 0.1428571492
85282  -24.989  12.960  -27.113 0.1428571492
85297  -22.189  13.556  -28.813 0.1428571492
83913  -24.227  11.298  -28.392 0.1428571492
72834  -20.735  -2.036  -27.158 0.1428571492
72821  -21.212  -2.404  -27.123 0.1428571492
73677  -21.135  -1.575  -27.416 0.1428571492
120898  -19.986  1.330  -26.727 0.1428571492
76114  -18.195  1.284  -24.978 0.1428571492
123462  -18.968  2.413  -26.154 0.1428571492
71939  -22.005  -3.746  -26.469 0.1428571492
129054  -17.953  3.719  -25.231 0.1428571492
77734  -19.123  4.355  -26.208 0.1428571492
78539  -18.608  5.104  -25.628 0.2857142985
67690  -22.822  -9.376  -25.267 0.1428571492
70207  -21.422  -5.619  -26.367 0.1428571492
71033  -22.124  -4.586  -26.564 0.1428571492
114216  -21.288  -3.322  -26.816 0.1428571492
72796  -28.702  -3.489  -26.098 0.1428571492
73687  -20.663  -1.300  -27.293 0.1428571492
76945  -20.058  2.922  -26.674 0.1428571492
78542  -20.565  4.383  -26.020 0.1428571492
77735  -19.828  4.433  -26.352 0.1428571492
78540  -19.280  5.151  -25.920 0.2857142985
79363  -20.693  5.663  -24.728 0.2857142985
81782  -20.688  8.657  -22.764 0.2857142985
81781  -19.659  8.716  -22.639 0.2857142985
126712  -21.307  9.259  -22.448 0.2857142985
84552  -23.283  12.652  -21.970 0.1428571492
83848  -21.235  12.001  -20.236 0.1428571492
78530  -21.697  5.018  -24.572 0.2857142985
79362  -19.811  5.738  -25.334 0.2857142985
79344  -21.904  5.689  -24.110 0.2857142985
80949  -22.787  6.893  -23.449 0.2857142985
80948  -21.783  6.972  -23.430 0.2857142985
80947  -20.521  7.146  -23.455 0.2857142985
81793  -22.416  7.540  -22.999 0.2857142985
80934  -21.207  7.758  -23.033 0.2857142985
80933  -19.984  7.997  -23.164 0.2857142985
81783  -21.984  8.417  -22.481 0.2857142985
133918  -21.756  10.660  -21.635 0.1428571492
82503  -19.514  9.556  -22.247 0.2857142985
84550  -22.118  13.549  -21.075 0.1428571492
80932  -19.165  8.201  -23.269 0.1428571492
80945  -18.976  7.590  -23.743 0.1428571492
82487  -21.292  10.091  -22.014 0.1428571492
82504  -20.363  9.476  -22.381 0.2857142985
83166  -20.954  10.895  -21.442 0.1428571492
83165  -19.765  11.051  -21.688 0.1428571492
76914  -17.401  3.731  -24.345 0.2857142985
82502  -19.128  9.541  -22.018 0.1428571492
83847  -20.161  11.544  -20.238 0.1428571492
82485  -19.335  10.475  -21.975 0.1428571492
77668  -16.377  3.989  -19.821 0.1428571492
132223  -28.798  -3.394  -26.874 0.1428571492
71913  -30.147  -4.495  -24.978 0.1428571492
69363  -22.144  -6.111  -26.304 0.1428571492
133998  -20.950  -4.475  -26.593 0.1428571492
127237  -28.978  -3.667  -26.871 0.1428571492
71923  -20.354  -3.456  -26.212 0.1428571492
73660  -19.394  -1.393  -26.041 0.1428571492
133838  -18.991  -0.928  -25.589 0.1428571492
74501  -20.086  -0.174  -26.958 0.1428571492
76125  -18.735  1.345  -25.749 0.1428571492
76138  -19.682  2.193  -26.502 0.1428571492
77746  -19.633  3.656  -26.564 0.1428571492
77722  -17.930  4.478  -25.093 0.2857142985
80168  -19.656  6.339  -24.793 0.1428571492
80147  -19.988  6.747  -24.109 0.2857142985
80946  -19.412  7.434  -23.636 0.1428571492
82484  -18.982  10.073  -21.687 0.1428571492
82501  -18.872  9.041  -22.012 0.2857142985
129170  -19.571  11.272  -20.888 0.1428571492
83857  -20.492  11.254  -20.886 0.1428571492
71911  -29.049  -4.085  -26.190 0.1428571492
71927  -29.249  -3.779  -26.620 0.1428571492
121377  -22.086  -6.733  -25.871 0.1428571492
68519  -21.573  -7.174  -25.495 0.1428571492
80150  -23.421  6.421  -23.501 0.2857142985
132847  -30.417  -4.766  -24.417 0.1428571492
77723  -21.463  4.232  -25.136 0.1428571492
78529  -20.654  5.030  -25.298 0.1428571492
72820  -20.715  -2.897  -26.785 0.1428571492
125207  -19.999  -0.915  -26.812 0.1428571492
75311  -19.618  0.519  -26.647 0.1428571492
129807  -20.287  -2.320  -26.561 0.1428571492
72808  -19.985  -2.852  -26.095 0.1428571492
75310  -19.322  1.360  -26.313 0.1428571492
76926  -18.368  3.168  -25.769 0.1428571492
135100  -19.420  2.968  -26.555 0.1428571492
71938  -21.413  -4.168  -26.692 0.1428571492
77733  -18.445  4.080  -25.812 0.1428571492
76936  -18.947  3.467  -26.313 0.1428571492
71032  -21.454  -4.902  -26.640 0.1428571492
78541  -19.874  5.115  -25.865 0.2857142985
79376  -19.337  5.663  -25.594 0.2857142985
80169  -20.650  6.196  -24.371 0.2857142985
80148  -21.219  6.458  -23.872 0.2857142985
80149  -22.472  6.273  -23.752 0.2857142985
82486  -20.080  10.500  -22.189 0.1428571492
116682  -22.679  13.671  -21.637 0.1428571492
80167  -19.160  6.161  -25.269 0.1428571492
60077  -20.082  -17.244  -20.110 0.1428571492
60916  -21.233  -17.016  -21.231 0.1428571492
61768  -19.569  -16.073  -20.268 0.1428571492
61784  -20.037  -15.314  -21.206 0.1428571492
62613  -19.948  -14.583  -21.366 0.1428571492
61785  -20.638  -15.860  -21.438 0.1428571492
63440  -20.322  -14.118  -21.804 0.1428571492
60926  -21.740  -16.205  -21.443 0.1428571492
62624  -21.342  -14.396  -22.215 0.1428571492
128571  -21.911  -14.638  -22.187 0.1428571492
61794  -22.506  -14.741  -22.053 0.1428571492
62625  -22.202  -14.192  -22.600 0.1428571492
62626  -22.343  -14.385  -22.392 0.1428571492
63449  -21.772  -13.684  -22.687 0.1428571492
130253  -22.644  -12.875  -23.525 0.1428571492
66028  -22.704  -10.667  -24.706 0.1428571492
78528  -18.106  5.333  -24.989 0.1428571492
60925  -21.215  -16.166  -21.498 0.1428571492
113600  -19.812  -17.422  -19.504 0.1428571492
60907  -19.513  -16.756  -19.650 0.1428571492
61776  -20.040  -16.188  -21.019 0.1428571492
81780  -19.089  8.835  -22.481 0.1428571492
66887  -23.067  -10.140  -25.149 0.1428571492
63450  -23.124  -13.784  -22.902 0.1428571492
60086  -20.589  -17.294  -20.591 0.1428571492
114194  -22.259  -15.486  -21.636 0.1428571492
63458  -22.746  -13.328  -23.299 0.1428571492
60085  -20.044  -16.864  -20.578 0.1428571492
131767  -20.645  -16.877  -21.158 0.1428571492
62607  -19.476  -14.617  -20.693 0.1428571492
62614  -20.606  -14.936  -21.640 0.1428571492
62615  -21.322  -15.177  -21.757 0.1428571492
61786  -21.883  -15.150  -21.760 0.1428571492
63448  -20.840  -13.503  -22.240 0.1428571492
63439  -19.558  -13.881  -21.215 0.1428571492
63422  -36.149  -13.547  -18.405 0.1428571492
63429  -36.052  -13.686  -19.707 0.1428571492
64300  -35.561  -12.476  -21.584 0.1428571492
71937  -20.846  -3.794  -26.655 0.1428571492
72819  -19.671  -2.162  -26.030 0.1428571492
73676  -20.137  -1.667  -26.665 0.1428571492
76929  -24.235  2.035  -23.935 0.8571428657
76946  -20.714  2.757  -26.581 0.2857142985
78447  -16.743  4.809  -19.651 0.1428571492
78495  -25.264  5.109  -22.947 0.8571428657
80135  -25.342  6.135  -22.613 0.8571428657
80181  -28.206  6.757  -25.132 0.1428571492
81784  -23.835  8.639  -22.467 0.7142857313
81825  -26.373  8.592  -27.772 0.1428571492
82520  -27.628  9.547  -25.652 0.2857142985
83199  -27.322  10.462  -24.504 0.2857142985
112606  -33.018  -16.238  -16.374 0.1428571492
119535  -24.824  11.171  -22.566 0.4285714328
125735  -22.440  -13.676  -22.922 0.1428571492
127835  -27.604  -3.021  -23.906 0.7142857313
131158  -36.469  -10.668  -19.977 0.1428571492
131891  -27.159  11.210  -25.515 0.2857142985
133125  -24.517  6.005  -22.890 0.5714285970
133956  -27.554  3.836  -23.398 0.1428571492
135109  -20.545  -0.681  -27.244 0.2857142985
