#!ascii label  , from subject bert vox2ras=TkReg
1046
46060  17.453  -31.803  51.689 0.0000000000
121382  29.012  -28.562  57.953 0.0000000000
113640  33.254  -12.960  35.615 0.0000000000
54807  26.458  -23.229  44.324 0.0000000000
51584  32.551  -27.226  49.293 0.0000000000
112996  43.509  -5.195  28.406 0.0000000000
116782  34.446  -14.119  38.719 0.0000000000
128109  29.173  -15.941  38.910 0.0000000000
46081  13.039  -32.195  51.068 0.0000000000
49868  22.080  -27.379  56.980 0.0000000000
49898  25.980  -27.847  53.408 0.0000000000
49934  18.926  -28.329  51.251 0.0000000000
69597  37.547  -6.341  32.582 0.0000000000
45961  18.936  -30.387  57.589 0.0000000000
45995  15.532  -30.714  56.558 0.0000000000
67973  37.567  -8.177  36.902 0.0000000000
45996  10.656  -32.924  56.201 0.0000000000
41875  8.110  -37.249  55.026 0.0000000000
59401  28.849  -17.571  44.504 0.0000000000
114534  29.503  -25.228  47.872 0.0000000000
49981  28.279  -28.749  46.465 0.0000000000
49043  27.363  -30.548  49.701 0.0000000000
62757  33.781  -13.600  41.107 0.0000000000
60360  31.817  -15.268  38.514 0.0000000000
61105  31.074  -14.441  40.874 0.0000000000
63570  36.206  -12.230  40.879 0.0000000000
45225  18.060  -34.054  50.405 0.0000000000
45247  15.600  -33.637  48.966 0.0000000000
45193  15.969  -32.029  51.434 0.0000000000
113707  19.209  -29.415  54.346 0.0000000000
49900  19.972  -27.763  54.493 0.0000000000
48114  18.504  -30.771  51.353 0.0000000000
46126  18.200  -33.372  48.794 0.0000000000
66330  32.740  -10.888  34.142 0.0000000000
64515  35.730  -12.597  36.758 0.0000000000
66318  35.171  -10.952  36.019 0.0000000000
67985  34.841  -8.311  34.362 0.0000000000
46926  14.303  -29.776  59.616 0.0000000000
48029  12.809  -31.185  56.390 0.0000000000
46940  11.269  -31.425  58.410 0.0000000000
42706  7.240  -36.612  58.943 0.0000000000
43523  8.565  -35.956  57.464 0.0000000000
40912  6.802  -37.688  56.553 0.0000000000
39973  5.424  -39.573  54.971 0.0000000000
39943  4.576  -39.358  56.919 0.0000000000
54761  31.049  -24.070  49.493 0.0000000000
53193  32.032  -25.664  47.802 0.0000000000
51627  28.567  -27.069  46.840 0.0000000000
50807  29.767  -27.263  47.857 0.0000000000
50774  24.148  -27.233  50.946 0.0000000000
49029  26.606  -29.752  51.681 0.0000000000
49960  25.059  -28.801  48.549 0.0000000000
49973  25.627  -29.511  47.024 0.0000000000
120832  26.915  -20.877  44.327 0.0000000000
58585  26.866  -19.252  41.868 0.0000000000
55683  26.111  -22.596  42.147 0.0000000000
70503  46.205  -4.818  26.797 0.0000000000
124455  43.264  -5.151  26.028 0.0000000000
62796  34.867  -14.022  36.736 0.0000000000
61164  31.972  -15.316  36.732 0.0000000000
63593  36.758  -12.475  38.600 0.0000000000
48962  26.451  -27.884  57.789 0.0000000000
48975  27.863  -28.188  56.209 0.0000000000
49889  24.288  -26.731  54.944 0.0000000000
115995  22.765  -27.045  53.195 0.0000000000
51577  20.301  -26.838  50.388 0.0000000000
70386  40.560  -5.303  34.899 0.0000000000
70406  41.099  -5.558  33.127 0.0000000000
116486  41.163  -5.456  30.656 0.0000000000
69621  41.280  -5.675  28.251 0.0000000000
46985  18.117  -31.031  55.744 0.0000000000
45157  16.415  -31.346  54.342 0.0000000000
45979  17.281  -31.291  57.056 0.0000000000
113889  20.047  -28.858  57.306 0.0000000000
68784  37.577  -6.823  34.706 0.0000000000
47004  14.509  -30.936  53.438 0.0000000000
46044  11.791  -32.471  53.390 0.0000000000
44321  10.354  -34.725  53.713 0.0000000000
45092  9.534  -34.051  58.281 0.0000000000
43535  9.201  -35.680  55.568 0.0000000000
39020  1.996  -40.762  56.731 0.0000000000
60305  30.612  -16.308  44.302 0.0000000000
56587  27.667  -21.365  46.187 0.0000000000
55640  29.221  -23.107  48.176 0.0000000000
54797  27.520  -24.276  46.035 0.0000000000
52406  27.769  -26.472  45.609 0.0000000000
50847  27.901  -28.862  44.269 0.0000000000
135725  28.163  -30.384  44.245 0.0000000000
48080  28.975  -29.071  53.858 0.0000000000
48111  29.512  -31.327  51.527 0.0000000000
49057  30.262  -28.605  49.674 0.0000000000
49086  27.912  -29.605  47.367 0.0000000000
49118  27.298  -30.868  45.503 0.0000000000
59430  28.245  -16.693  41.090 0.0000000000
58616  26.686  -18.710  38.698 0.0000000000
62744  33.634  -13.652  41.976 0.0000000000
61937  32.605  -14.102  41.253 0.0000000000
61923  32.447  -14.463  42.241 0.0000000000
62742  34.832  -12.915  42.736 0.0000000000
45207  17.539  -32.917  50.830 0.0000000000
122911  17.354  -33.671  50.649 0.0000000000
120318  16.661  -31.911  52.092 0.0000000000
48082  18.792  -30.264  53.350 0.0000000000
48081  19.043  -29.736  53.513 0.0000000000
47031  18.073  -31.429  50.941 0.0000000000
47032  18.183  -32.415  50.566 0.0000000000
65438  33.217  -11.408  34.904 0.0000000000
65420  34.824  -12.601  35.943 0.0000000000
66310  35.499  -11.743  36.496 0.0000000000
111991  34.603  -12.090  35.837 0.0000000000
66328  34.241  -10.377  35.115 0.0000000000
112666  6.617  -36.994  59.236 0.0000000000
41838  7.108  -37.213  57.648 0.0000000000
41854  6.725  -37.606  57.214 0.0000000000
40932  6.342  -38.179  56.069 0.0000000000
40914  5.809  -38.345  56.950 0.0000000000
39958  5.072  -39.791  55.977 0.0000000000
117916  32.559  -25.434  49.266 0.0000000000
52375  32.422  -26.795  48.471 0.0000000000
51606  31.090  -26.786  47.914 0.0000000000
50796  31.676  -27.855  48.531 0.0000000000
48006  30.269  -28.509  56.853 0.0000000000
130008  22.987  -26.786  49.628 0.0000000000
50785  24.700  -27.678  50.101 0.0000000000
50798  23.922  -27.340  48.457 0.0000000000
50809  24.441  -28.159  46.898 0.0000000000
121551  26.810  -21.682  45.159 0.0000000000
56614  26.598  -21.020  43.056 0.0000000000
70470  43.652  -5.256  29.274 0.0000000000
70452  45.177  -5.562  30.013 0.0000000000
134432  45.044  -5.239  28.397 0.0000000000
70483  45.332  -5.175  27.828 0.0000000000
70496  43.690  -4.972  26.852 0.0000000000
123743  34.468  -14.363  37.287 0.0000000000
61994  33.392  -14.414  36.915 0.0000000000
61154  33.087  -14.992  37.537 0.0000000000
60349  30.033  -15.400  39.158 0.0000000000
60375  30.779  -15.821  37.397 0.0000000000
112896  29.413  -16.413  37.528 0.0000000000
116603  35.581  -13.186  39.961 0.0000000000
62778  35.787  -13.168  38.089 0.0000000000
135346  35.548  -13.514  36.804 0.0000000000
46097  14.294  -32.556  49.879 0.0000000000
111925  12.573  -32.873  50.615 0.0000000000
49857  23.812  -27.488  57.608 0.0000000000
123013  25.285  -27.193  56.339 0.0000000000
49867  23.259  -27.142  56.834 0.0000000000
118312  19.578  -28.195  52.942 0.0000000000
50746  22.160  -26.858  54.115 0.0000000000
127858  20.160  -27.267  52.445 0.0000000000
51565  21.483  -26.688  51.966 0.0000000000
50775  19.519  -27.492  50.847 0.0000000000
49063  18.643  -29.947  49.635 0.0000000000
52423  27.203  -27.369  43.390 0.0000000000
69592  38.806  -6.244  33.567 0.0000000000
134719  40.772  -5.593  33.780 0.0000000000
69595  39.556  -6.077  33.016 0.0000000000
69614  39.705  -5.446  30.424 0.0000000000
69623  39.744  -5.799  28.808 0.0000000000
70473  41.507  -5.327  29.244 0.0000000000
46975  18.471  -30.734  56.463 0.0000000000
131626  17.648  -31.278  56.337 0.0000000000
114587  18.035  -31.110  57.509 0.0000000000
48011  19.597  -29.638  57.270 0.0000000000
48028  19.370  -29.544  56.711 0.0000000000
69581  38.561  -6.851  36.126 0.0000000000
68782  37.611  -7.255  35.537 0.0000000000
67988  35.178  -7.514  33.415 0.0000000000
46008  16.071  -31.021  55.566 0.0000000000
46024  15.685  -31.219  54.198 0.0000000000
46009  15.461  -30.872  55.806 0.0000000000
46979  11.177  -31.857  55.838 0.0000000000
46988  12.103  -31.270  55.340 0.0000000000
46027  11.282  -32.963  54.385 0.0000000000
117358  11.308  -33.447  53.661 0.0000000000
45158  10.641  -33.942  54.224 0.0000000000
45075  10.020  -34.412  59.776 0.0000000000
42742  8.371  -36.640  56.361 0.0000000000
42741  8.782  -36.106  55.952 0.0000000000
42763  8.631  -36.787  54.549 0.0000000000
42762  9.229  -36.465  54.080 0.0000000000
57527  28.148  -19.930  46.772 0.0000000000
54775  30.591  -24.293  48.459 0.0000000000
55639  29.966  -23.737  48.484 0.0000000000
54776  29.797  -23.762  48.263 0.0000000000
54783  28.642  -23.304  47.381 0.0000000000
53995  28.660  -24.180  47.420 0.0000000000
54008  27.664  -25.468  45.966 0.0000000000
53205  28.637  -25.958  47.318 0.0000000000
50820  28.513  -28.158  46.664 0.0000000000
121495  28.210  -27.531  45.909 0.0000000000
50009  27.872  -29.019  45.123 0.0000000000
50010  28.185  -29.716  44.235 0.0000000000
49996  28.254  -29.960  44.978 0.0000000000
48999  27.507  -28.248  54.395 0.0000000000
48063  29.053  -28.730  54.721 0.0000000000
117921  27.596  -28.898  53.476 0.0000000000
48126  27.399  -30.748  50.557 0.0000000000
48113  28.044  -31.150  52.294 0.0000000000
48125  28.635  -30.948  49.831 0.0000000000
49042  30.480  -30.206  49.694 0.0000000000
48142  29.210  -30.046  49.381 0.0000000000
49071  28.711  -28.679  48.670 0.0000000000
48155  28.032  -29.622  48.754 0.0000000000
49983  25.458  -29.527  45.958 0.0000000000
49101  26.784  -30.714  46.100 0.0000000000
59410  29.740  -16.816  44.502 0.0000000000
60315  29.781  -16.349  42.909 0.0000000000
59417  28.502  -17.325  42.923 0.0000000000
57571  26.364  -20.548  40.852 0.0000000000
58596  26.754  -18.916  40.942 0.0000000000
71342  46.176  -4.392  25.391 0.0000000000
61948  34.053  -13.669  40.299 0.0000000000
61127  33.235  -14.382  39.139 0.0000000000
61115  32.818  -14.130  40.182 0.0000000000
60335  31.267  -14.837  39.973 0.0000000000
124105  28.941  -14.840  39.932 0.0000000000
121075  35.963  -12.294  42.416 0.0000000000
62762  35.057  -13.101  40.739 0.0000000000
45246  16.609  -33.689  49.151 0.0000000000
45228  15.822  -33.111  49.864 0.0000000000
46079  15.347  -31.895  51.031 0.0000000000
48989  20.043  -28.356  56.407 0.0000000000
50730  21.241  -27.085  55.843 0.0000000000
49891  19.641  -28.545  54.793 0.0000000000
49910  19.345  -28.847  53.315 0.0000000000
113071  18.565  -30.145  50.792 0.0000000000
49046  18.679  -30.978  49.950 0.0000000000
48131  18.568  -31.856  50.104 0.0000000000
46110  18.272  -33.646  50.066 0.0000000000
68796  36.456  -6.508  31.604 0.0000000000
45932  18.839  -30.110  59.738 0.0000000000
66302  36.479  -11.210  37.402 0.0000000000
66308  36.276  -10.845  37.094 0.0000000000
67177  35.918  -9.528  36.206 0.0000000000
67981  36.406  -8.433  35.757 0.0000000000
67178  35.408  -9.911  35.861 0.0000000000
67187  33.726  -9.748  34.411 0.0000000000
46938  15.033  -30.108  58.714 0.0000000000
46965  14.721  -30.550  56.987 0.0000000000
47994  13.488  -30.540  58.545 0.0000000000
47995  12.468  -30.925  58.072 0.0000000000
46968  10.925  -32.165  57.263 0.0000000000
43516  8.786  -34.975  58.785 0.0000000000
120895  7.859  -36.302  58.649 0.0000000000
41852  7.891  -37.101  56.729 0.0000000000
41876  7.546  -37.578  55.433 0.0000000000
40950  6.496  -38.458  55.176 0.0000000000
135712  32.083  -24.457  48.409 0.0000000000
53993  30.424  -25.282  48.091 0.0000000000
120556  29.598  -26.081  47.843 0.0000000000
121355  30.240  -26.505  47.851 0.0000000000
50819  29.307  -27.190  47.408 0.0000000000
49980  28.834  -27.828  47.224 0.0000000000
49909  25.230  -28.005  52.559 0.0000000000
49018  26.464  -29.034  52.334 0.0000000000
115210  25.682  -28.970  51.085 0.0000000000
49932  25.786  -29.139  50.090 0.0000000000
49062  26.113  -29.988  49.715 0.0000000000
49073  26.895  -30.458  48.507 0.0000000000
49959  25.554  -29.619  48.143 0.0000000000
50808  24.931  -28.854  46.430 0.0000000000
58559  27.595  -19.273  44.141 0.0000000000
58571  27.520  -18.888  43.103 0.0000000000
57551  26.816  -20.368  42.848 0.0000000000
56625  26.249  -21.214  41.393 0.0000000000
70482  46.230  -5.260  27.956 0.0000000000
70504  45.176  -4.756  26.430 0.0000000000
63620  33.918  -13.324  35.989 0.0000000000
63621  32.877  -13.468  35.751 0.0000000000
62798  32.957  -14.248  36.471 0.0000000000
60374  31.685  -15.552  37.683 0.0000000000
60388  30.497  -15.855  36.623 0.0000000000
64477  37.733  -12.003  41.257 0.0000000000
64485  37.555  -12.153  40.098 0.0000000000
64497  37.436  -11.810  39.126 0.0000000000
64506  36.023  -12.835  37.213 0.0000000000
64516  35.228  -13.241  36.344 0.0000000000
48009  27.954  -28.313  57.890 0.0000000000
48026  28.413  -28.341  56.842 0.0000000000
130708  26.912  -27.817  56.724 0.0000000000
49877  26.175  -27.321  55.302 0.0000000000
114278  25.194  -27.209  54.042 0.0000000000
50738  22.019  -26.686  55.175 0.0000000000
50745  23.520  -26.933  53.621 0.0000000000
50744  24.459  -27.590  53.137 0.0000000000
50765  23.818  -27.044  51.990 0.0000000000
51586  22.263  -26.670  50.174 0.0000000000
131748  21.103  -26.680  48.993 0.0000000000
70416  41.701  -5.543  32.773 0.0000000000
69607  39.234  -5.664  31.313 0.0000000000
120767  40.916  -5.560  31.970 0.0000000000
112127  42.252  -5.532  32.421 0.0000000000
70454  42.433  -5.400  30.676 0.0000000000
116485  42.269  -5.294  29.643 0.0000000000
70485  42.645  -5.296  28.100 0.0000000000
69629  42.053  -5.794  26.608 0.0000000000
134386  18.015  -31.166  53.511 0.0000000000
45155  16.996  -31.526  53.788 0.0000000000
46022  17.182  -31.351  54.932 0.0000000000
114136  16.867  -31.052  55.988 0.0000000000
45980  16.668  -31.020  56.848 0.0000000000
115232  17.592  -30.473  59.131 0.0000000000
46937  15.825  -30.311  58.510 0.0000000000
46925  14.826  -29.507  60.221 0.0000000000
118801  28.465  -28.529  58.736 0.0000000000
47990  26.829  -28.371  59.145 0.0000000000
48964  24.608  -27.829  58.419 0.0000000000
48965  23.304  -27.887  58.301 0.0000000000
118682  21.682  -28.475  58.495 0.0000000000
48977  21.424  -27.782  57.423 0.0000000000
48027  19.677  -28.942  56.661 0.0000000000
46994  18.878  -29.821  55.298 0.0000000000
70382  39.694  -5.621  35.975 0.0000000000
69584  38.726  -6.426  35.111 0.0000000000
113854  37.590  -6.607  33.916 0.0000000000
67987  36.200  -7.352  34.357 0.0000000000
68788  36.748  -6.828  33.849 0.0000000000
68791  36.666  -6.523  32.529 0.0000000000
46061  15.915  -31.553  52.586 0.0000000000
46062  15.447  -31.492  52.057 0.0000000000
47018  14.172  -31.061  52.451 0.0000000000
46987  13.399  -31.111  55.130 0.0000000000
47005  13.452  -31.038  53.093 0.0000000000
47020  12.761  -31.985  51.965 0.0000000000
46066  11.764  -33.477  52.136 0.0000000000
44345  11.127  -35.136  51.933 0.0000000000
45949  10.471  -32.527  58.522 0.0000000000
45107  9.913  -33.593  57.376 0.0000000000
119592  9.385  -34.888  56.711 0.0000000000
115855  9.677  -34.242  55.714 0.0000000000
44322  9.682  -35.234  54.126 0.0000000000
39003  3.038  -39.898  57.232 0.0000000000
61087  31.797  -15.299  44.085 0.0000000000
58543  28.902  -18.036  45.360 0.0000000000
58545  27.728  -19.486  45.153 0.0000000000
56598  27.129  -21.111  45.330 0.0000000000
55663  27.071  -22.492  45.663 0.0000000000
55641  28.697  -22.360  47.640 0.0000000000
55654  28.164  -22.649  46.628 0.0000000000
54798  27.085  -23.376  45.622 0.0000000000
54009  27.319  -25.189  45.439 0.0000000000
52407  27.496  -26.595  44.861 0.0000000000
51640  27.668  -27.240  44.867 0.0000000000
51628  28.092  -26.936  45.974 0.0000000000
127585  27.962  -27.531  45.367 0.0000000000
50856  27.773  -28.444  43.830 0.0000000000
50020  28.236  -29.686  43.363 0.0000000000
49159  28.292  -31.018  42.834 0.0000000000
50772  32.286  -28.263  50.553 0.0000000000
131490  29.789  -28.742  55.632 0.0000000000
48061  30.133  -29.407  54.606 0.0000000000
48060  30.475  -30.034  54.286 0.0000000000
48095  28.009  -30.476  53.305 0.0000000000
48094  28.852  -30.969  53.378 0.0000000000
130907  31.061  -31.364  53.046 0.0000000000
49026  31.507  -30.870  51.217 0.0000000000
49040  31.891  -29.697  50.056 0.0000000000
115564  31.092  -28.277  49.570 0.0000000000
49958  30.207  -28.089  48.973 0.0000000000
131288  28.812  -28.343  47.971 0.0000000000
49098  28.160  -29.181  46.885 0.0000000000
119053  27.223  -30.403  47.775 0.0000000000
49100  27.449  -30.547  46.381 0.0000000000
49117  28.028  -30.220  45.743 0.0000000000
49132  27.789  -30.639  44.802 0.0000000000
60323  31.228  -15.277  42.735 0.0000000000
60336  29.056  -14.729  40.883 0.0000000000
59439  27.995  -16.364  40.119 0.0000000000
58595  27.193  -18.312  41.344 0.0000000000
59431  27.613  -17.366  40.730 0.0000000000
59449  27.799  -17.096  38.610 0.0000000000
70497  42.735  -5.436  26.315 0.0000000000
62732  33.530  -13.734  43.008 0.0000000000
61922  32.954  -14.075  42.621 0.0000000000
45208  17.051  -32.763  50.996 0.0000000000
114965  17.136  -32.241  51.504 0.0000000000
46059  18.061  -31.224  52.471 0.0000000000
47017  18.483  -30.833  52.096 0.0000000000
46077  17.891  -31.370  51.411 0.0000000000
46078  17.798  -32.165  50.886 0.0000000000
65429  32.933  -12.247  35.242 0.0000000000
64532  31.903  -12.419  34.620 0.0000000000
64525  32.278  -12.936  35.242 0.0000000000
64524  34.076  -12.686  35.732 0.0000000000
65428  33.784  -11.932  35.469 0.0000000000
41826  6.398  -37.469  58.671 0.0000000000
41839  6.582  -37.511  57.906 0.0000000000
40897  6.251  -37.902  57.428 0.0000000000
40898  5.746  -38.142  57.590 0.0000000000
52369  32.591  -26.447  50.251 0.0000000000
119337  32.702  -26.264  49.261 0.0000000000
51594  32.185  -27.590  48.394 0.0000000000
50795  32.227  -28.119  48.907 0.0000000000
47986  30.096  -28.643  58.265 0.0000000000
117946  29.816  -28.602  57.720 0.0000000000
51596  23.138  -26.950  48.846 0.0000000000
50786  23.916  -27.138  49.542 0.0000000000
112620  23.234  -27.015  47.978 0.0000000000
50810  23.755  -27.398  47.251 0.0000000000
55672  26.634  -22.535  44.993 0.0000000000
55673  26.496  -22.333  44.067 0.0000000000
112730  44.428  -5.324  29.567 0.0000000000
127778  44.376  -5.205  28.766 0.0000000000
120135  44.286  -5.094  27.824 0.0000000000
61974  34.524  -14.426  37.967 0.0000000000
61153  33.842  -14.651  37.770 0.0000000000
60362  30.047  -16.056  38.068 0.0000000000
132458  29.395  -16.303  38.134 0.0000000000
133703  28.875  -16.827  37.310 0.0000000000
124635  28.743  -16.617  38.164 0.0000000000
62771  34.956  -13.723  38.936 0.0000000000
62770  35.626  -13.333  39.085 0.0000000000
62780  34.941  -14.112  38.212 0.0000000000
61973  35.073  -14.118  37.363 0.0000000000
46112  13.975  -33.006  49.150 0.0000000000
46098  13.389  -32.647  50.039 0.0000000000
46099  12.552  -33.330  49.917 0.0000000000
49866  24.267  -27.204  56.893 0.0000000000
49921  19.142  -28.282  52.205 0.0000000000
50748  20.472  -27.373  53.161 0.0000000000
127809  19.486  -27.539  51.710 0.0000000000
50776  19.066  -28.310  50.277 0.0000000000
49935  18.672  -29.185  50.583 0.0000000000
51648  27.535  -27.824  43.866 0.0000000000
69591  39.674  -6.081  33.551 0.0000000000
69596  38.824  -6.145  32.977 0.0000000000
69628  40.065  -6.297  27.947 0.0000000000
46964  18.731  -30.592  57.002 0.0000000000
45977  18.354  -30.951  57.242 0.0000000000
46963  19.348  -30.069  57.390 0.0000000000
46974  19.086  -30.093  56.834 0.0000000000
67978  37.044  -8.670  36.644 0.0000000000
68774  38.256  -7.583  37.126 0.0000000000
68778  37.928  -7.409  36.243 0.0000000000
68779  37.407  -7.877  36.273 0.0000000000
45994  16.175  -30.870  56.301 0.0000000000
120990  10.892  -32.273  56.611 0.0000000000
46010  10.973  -32.909  55.341 0.0000000000
126143  10.786  -33.600  54.978 0.0000000000
130344  9.975  -34.835  60.203 0.0000000000
42752  8.472  -36.672  55.518 0.0000000000
53994  30.130  -24.452  48.232 0.0000000000
54782  29.310  -23.841  47.973 0.0000000000
132747  29.302  -24.529  47.871 0.0000000000
54003  28.648  -25.088  47.394 0.0000000000
50834  28.199  -28.150  45.825 0.0000000000
120397  28.093  -28.726  45.886 0.0000000000
49995  28.019  -29.387  45.682 0.0000000000
49897  26.790  -28.297  53.717 0.0000000000
122543  27.983  -30.929  49.813 0.0000000000
48143  28.441  -30.217  49.223 0.0000000000
48144  27.933  -30.454  49.100 0.0000000000
59416  29.215  -16.951  43.548 0.0000000000
122601  28.485  -17.580  43.641 0.0000000000
61962  33.632  -13.998  39.841 0.0000000000
61949  33.341  -13.865  40.724 0.0000000000
122340  32.090  -14.211  40.851 0.0000000000
114901  29.965  -14.626  40.252 0.0000000000
63545  36.463  -12.309  43.157 0.0000000000
62756  34.316  -13.337  41.409 0.0000000000
62755  34.909  -13.050  41.730 0.0000000000
62763  34.394  -13.397  40.696 0.0000000000
45209  16.607  -32.861  50.857 0.0000000000
45227  16.785  -33.448  50.216 0.0000000000
128483  15.950  -32.846  50.702 0.0000000000
46096  15.141  -32.644  50.369 0.0000000000
128928  19.812  -28.450  55.651 0.0000000000
131474  19.430  -29.044  54.959 0.0000000000
48097  18.795  -30.198  52.467 0.0000000000
48096  19.012  -29.594  52.910 0.0000000000
49031  19.023  -29.155  52.519 0.0000000000
49032  18.741  -30.097  51.807 0.0000000000
48130  18.607  -30.972  50.761 0.0000000000
46095  18.158  -33.569  50.701 0.0000000000
65414  36.032  -11.742  37.142 0.0000000000
66309  35.814  -11.366  36.836 0.0000000000
66317  35.634  -10.726  36.444 0.0000000000
67168  36.153  -10.294  36.704 0.0000000000
66329  33.486  -10.600  34.661 0.0000000000
66338  33.043  -10.106  33.900 0.0000000000
46939  14.269  -30.176  58.879 0.0000000000
46952  14.683  -30.289  57.958 0.0000000000
46967  11.563  -31.380  57.569 0.0000000000
120950  7.796  -36.192  59.599 0.0000000000
43502  8.356  -35.447  59.881 0.0000000000
41853  7.294  -37.342  56.989 0.0000000000
42731  7.674  -36.944  57.383 0.0000000000
41867  7.427  -37.434  56.297 0.0000000000
40949  7.153  -38.156  54.797 0.0000000000
40931  6.894  -37.821  55.762 0.0000000000
40951  5.915  -38.805  55.547 0.0000000000
39942  4.973  -39.440  56.620 0.0000000000
39017  4.520  -39.923  56.341 0.0000000000
53188  32.498  -25.954  48.444 0.0000000000
53978  32.332  -25.145  48.419 0.0000000000
53986  31.864  -24.891  47.931 0.0000000000
53194  31.201  -25.408  47.855 0.0000000000
53200  30.576  -25.892  47.934 0.0000000000
52385  31.256  -26.139  47.764 0.0000000000
50818  30.489  -26.945  47.993 0.0000000000
50764  24.634  -27.453  51.548 0.0000000000
49919  25.815  -28.603  51.974 0.0000000000
49920  25.214  -28.108  51.566 0.0000000000
49948  25.250  -28.534  49.527 0.0000000000
49947  25.626  -29.435  49.117 0.0000000000
49074  26.133  -30.139  48.765 0.0000000000
57544  27.278  -20.252  44.616 0.0000000000
57550  27.202  -20.096  43.487 0.0000000000
56615  26.320  -21.525  42.273 0.0000000000
126468  26.074  -22.022  41.474 0.0000000000
70495  44.756  -4.959  27.117 0.0000000000
70505  44.093  -4.836  26.263 0.0000000000
126029  44.372  -4.780  25.612 0.0000000000
70506  43.468  -5.243  25.225 0.0000000000
63609  34.471  -13.680  36.448 0.0000000000
62805  33.511  -13.734  36.262 0.0000000000
62797  34.016  -14.009  36.718 0.0000000000
61163  32.831  -14.957  37.031 0.0000000000
61995  32.460  -14.848  36.591 0.0000000000
61996  31.522  -15.178  36.156 0.0000000000
61165  30.992  -15.539  36.327 0.0000000000
60346  32.564  -14.862  38.731 0.0000000000
60373  32.499  -15.240  37.961 0.0000000000
60376  29.984  -16.157  37.049 0.0000000000
60389  29.845  -16.406  36.265 0.0000000000
61166  30.290  -16.079  35.923 0.0000000000
62754  36.533  -11.879  41.408 0.0000000000
63556  37.169  -11.704  41.735 0.0000000000
63569  36.930  -12.161  40.989 0.0000000000
63586  36.603  -12.784  39.147 0.0000000000
63585  37.076  -12.406  39.668 0.0000000000
64492  37.282  -12.149  39.326 0.0000000000
64498  36.828  -12.145  38.238 0.0000000000
64499  36.026  -12.537  37.418 0.0000000000
62795  35.241  -14.026  36.708 0.0000000000
63600  35.520  -13.651  36.680 0.0000000000
63608  34.980  -13.815  36.492 0.0000000000
124496  26.881  -28.226  58.443 0.0000000000
124712  27.461  -28.171  57.347 0.0000000000
48988  26.318  -27.493  56.213 0.0000000000
115795  25.242  -26.904  55.114 0.0000000000
50729  22.381  -26.771  55.930 0.0000000000
50739  20.936  -26.958  54.914 0.0000000000
112510  21.651  -27.066  53.288 0.0000000000
50737  24.380  -27.025  53.854 0.0000000000
50754  23.744  -27.288  52.873 0.0000000000
50766  23.078  -27.087  52.590 0.0000000000
51576  21.330  -26.565  50.834 0.0000000000
51575  22.424  -26.677  51.123 0.0000000000
51587  21.241  -26.609  49.828 0.0000000000
51588  20.337  -26.968  49.363 0.0000000000
48149  18.559  -31.659  49.175 0.0000000000
47063  18.375  -32.264  48.386 0.0000000000
70381  40.558  -4.950  35.969 0.0000000000
69590  40.356  -5.858  33.058 0.0000000000
70395  41.074  -5.434  34.051 0.0000000000
70405  41.815  -5.569  33.270 0.0000000000
69608  38.244  -5.996  31.191 0.0000000000
69603  38.573  -5.945  31.893 0.0000000000
70457  40.533  -5.410  30.517 0.0000000000
70443  40.092  -5.446  31.096 0.0000000000
70442  40.778  -5.509  31.251 0.0000000000
70430  41.640  -5.514  32.159 0.0000000000
129875  41.582  -5.477  31.268 0.0000000000
70441  42.296  -5.480  31.693 0.0000000000
70455  41.685  -5.351  30.247 0.0000000000
70472  42.076  -5.359  28.667 0.0000000000
46995  18.145  -30.967  54.583 0.0000000000
46039  17.585  -31.305  54.172 0.0000000000
46021  17.817  -31.230  54.978 0.0000000000
45978  17.793  -31.360  56.973 0.0000000000
133483  17.292  -31.164  56.160 0.0000000000
128522  16.979  -31.168  56.815 0.0000000000
45993  16.715  -31.004  56.169 0.0000000000
45964  17.049  -31.081  57.391 0.0000000000
45945  18.201  -30.544  58.895 0.0000000000
45935  17.103  -30.190  59.482 0.0000000000
45948  16.401  -30.520  58.262 0.0000000000
46936  16.151  -30.175  59.093 0.0000000000
121780  15.365  -29.906  59.351 0.0000000000
47989  27.663  -28.496  58.991 0.0000000000
47992  20.994  -28.973  58.421 0.0000000000
48010  20.873  -28.481  57.823 0.0000000000
48966  22.066  -27.977  58.119 0.0000000000
48978  20.378  -28.309  57.099 0.0000000000
46984  18.856  -30.059  56.181 0.0000000000
48046  19.266  -29.410  56.000 0.0000000000
131985  18.488  -30.448  55.464 0.0000000000
48065  18.626  -30.289  54.441 0.0000000000
63622  31.787  -13.616  35.219 0.0000000000
117766  38.191  -6.861  35.555 0.0000000000
68781  38.184  -6.573  34.873 0.0000000000
69588  38.235  -6.463  34.155 0.0000000000
67184  35.764  -8.767  35.526 0.0000000000
67984  36.322  -7.827  35.038 0.0000000000
118229  35.614  -8.099  34.811 0.0000000000
68789  36.007  -7.042  33.701 0.0000000000
68792  35.898  -6.855  32.927 0.0000000000
114238  36.522  -6.715  33.267 0.0000000000
45156  16.706  -31.389  54.361 0.0000000000
45173  16.493  -31.481  53.342 0.0000000000
45174  16.138  -31.428  53.483 0.0000000000
46025  15.159  -31.110  54.102 0.0000000000
46042  15.413  -31.279  53.240 0.0000000000
46043  14.934  -31.221  52.584 0.0000000000
46966  13.750  -30.943  56.664 0.0000000000
46977  13.716  -31.191  55.954 0.0000000000
46026  11.804  -32.001  54.133 0.0000000000
112691  12.385  -31.311  54.504 0.0000000000
115429  12.545  -31.518  53.636 0.0000000000
47006  12.629  -31.768  52.796 0.0000000000
46065  12.077  -32.599  52.427 0.0000000000
45175  11.153  -34.242  53.352 0.0000000000
45194  11.392  -34.302  52.453 0.0000000000
44333  11.018  -35.079  52.914 0.0000000000
44346  10.620  -35.796  52.381 0.0000000000
45074  9.792  -33.539  59.073 0.0000000000
45091  9.979  -33.278  58.124 0.0000000000
45967  10.509  -32.806  57.666 0.0000000000
43517  8.390  -35.792  58.279 0.0000000000
43522  8.966  -35.345  57.947 0.0000000000
43530  9.114  -35.581  56.372 0.0000000000
44297  9.411  -34.943  56.004 0.0000000000
44296  9.671  -34.144  56.311 0.0000000000
44310  9.478  -34.910  55.083 0.0000000000
39928  3.720  -39.147  57.797 0.0000000000
39004  2.398  -40.138  57.420 0.0000000000
39019  2.532  -40.583  56.751 0.0000000000
59409  30.274  -16.726  45.127 0.0000000000
116751  28.437  -18.790  45.707 0.0000000000
111707  28.613  -18.968  46.515 0.0000000000
56575  28.020  -20.993  46.849 0.0000000000
57528  27.785  -20.516  46.288 0.0000000000
55655  27.467  -22.051  45.960 0.0000000000
54790  28.078  -23.673  46.731 0.0000000000
54791  27.582  -23.057  46.127 0.0000000000
114646  27.114  -24.316  45.432 0.0000000000
53210  27.521  -25.990  45.371 0.0000000000
52392  29.275  -26.705  47.510 0.0000000000
52400  28.598  -26.650  47.082 0.0000000000
50846  27.907  -28.149  45.162 0.0000000000
50855  27.779  -27.898  44.724 0.0000000000
126188  28.057  -29.068  43.151 0.0000000000
49146  28.228  -30.486  43.445 0.0000000000
49147  27.650  -31.335  43.219 0.0000000000
48025  29.302  -28.496  56.331 0.0000000000
48045  28.766  -28.443  55.752 0.0000000000
114590  29.742  -29.028  55.000 0.0000000000
48062  29.624  -29.114  54.193 0.0000000000
112161  29.871  -29.601  53.934 0.0000000000
49017  26.984  -29.788  52.455 0.0000000000
49016  27.440  -30.511  52.461 0.0000000000
48112  28.835  -31.339  51.953 0.0000000000
48093  29.625  -31.291  52.661 0.0000000000
48110  30.190  -31.318  51.814 0.0000000000
48109  30.945  -31.266  52.080 0.0000000000
49058  29.743  -29.232  49.762 0.0000000000
111962  30.441  -29.116  49.863 0.0000000000
116042  31.644  -28.805  50.321 0.0000000000
122583  28.064  -29.079  48.560 0.0000000000
49085  28.170  -28.887  47.831 0.0000000000
49971  28.596  -28.458  47.294 0.0000000000
114130  26.403  -30.180  47.709 0.0000000000
49099  27.987  -29.950  46.609 0.0000000000
61094  31.809  -15.049  42.978 0.0000000000
60313  31.205  -15.613  43.677 0.0000000000
60316  29.074  -16.499  42.455 0.0000000000
60325  29.645  -15.480  41.945 0.0000000000
60326  28.769  -15.810  41.508 0.0000000000
60337  28.549  -15.423  40.500 0.0000000000
57558  27.055  -19.646  42.594 0.0000000000
58584  27.345  -18.689  42.172 0.0000000000
58609  26.619  -18.681  39.857 0.0000000000
59432  27.019  -17.930  40.363 0.0000000000
59441  27.097  -17.824  39.231 0.0000000000
59440  27.576  -17.118  39.698 0.0000000000
118657  47.121  -4.450  25.444 0.0000000000
71341  46.615  -4.297  24.689 0.0000000000
71348  47.586  -4.312  24.438 0.0000000000
69634  41.996  -6.120  25.609 0.0000000000
61936  33.109  -13.920  41.627 0.0000000000
61104  31.794  -14.737  41.826 0.0000000000
62743  34.237  -13.373  42.341 0.0000000000
114240  17.822  -33.998  50.841 0.0000000000
45192  16.386  -32.041  51.693 0.0000000000
48064  18.996  -29.774  54.330 0.0000000000
47043  18.383  -31.675  50.548 0.0000000000
65439  32.349  -11.652  34.430 0.0000000000
65419  35.565  -12.710  36.511 0.0000000000
65418  35.678  -12.170  36.736 0.0000000000
132161  35.188  -12.098  36.125 0.0000000000
65427  35.008  -11.975  35.928 0.0000000000
66319  34.758  -11.177  35.746 0.0000000000
66320  34.034  -11.258  35.357 0.0000000000
47965  13.234  -29.886  60.327 0.0000000000
47980  13.341  -30.259  59.479 0.0000000000
40913  6.323  -38.046  56.782 0.0000000000
40933  5.870  -38.532  56.300 0.0000000000
119469  5.566  -39.176  55.922 0.0000000000
39957  5.389  -38.971  56.489 0.0000000000
39926  5.180  -38.679  57.067 0.0000000000
39927  4.819  -38.624  57.507 0.0000000000
52384  32.046  -26.479  47.817 0.0000000000
51605  31.997  -27.123  47.910 0.0000000000
51595  31.447  -27.285  48.203 0.0000000000
50806  30.766  -27.243  48.405 0.0000000000
132887  24.094  -27.175  50.280 0.0000000000
50773  24.826  -27.806  50.919 0.0000000000
50797  24.586  -27.915  49.030 0.0000000000
114695  24.499  -28.049  47.949 0.0000000000
56613  26.835  -20.722  43.510 0.0000000000
56605  26.679  -21.482  44.072 0.0000000000
55682  26.428  -21.910  43.195 0.0000000000
70453  43.748  -5.357  30.051 0.0000000000
70440  43.940  -5.556  30.868 0.0000000000
112124  44.430  -5.472  30.224 0.0000000000
61992  34.982  -14.094  36.839 0.0000000000
61993  34.349  -14.201  36.960 0.0000000000
61985  33.664  -14.548  37.243 0.0000000000
60348  31.031  -15.164  39.247 0.0000000000
60361  30.942  -15.602  38.326 0.0000000000
60377  29.329  -16.676  36.740 0.0000000000
63579  35.884  -12.791  40.391 0.0000000000
63578  36.656  -12.560  40.163 0.0000000000
62769  36.158  -13.049  38.795 0.0000000000
63594  36.151  -12.796  37.985 0.0000000000
63599  35.755  -13.261  37.277 0.0000000000
61972  35.576  -13.505  37.278 0.0000000000
62788  35.333  -13.907  36.805 0.0000000000
46111  14.861  -33.097  49.477 0.0000000000
45229  12.034  -34.113  49.845 0.0000000000
45210  11.940  -33.590  50.567 0.0000000000
48963  25.552  -27.694  57.988 0.0000000000
48976  25.919  -27.542  57.145 0.0000000000
49856  24.895  -27.464  57.458 0.0000000000
49878  24.257  -26.874  56.046 0.0000000000
131776  19.854  -28.004  53.619 0.0000000000
50747  20.737  -27.140  53.922 0.0000000000
50756  21.238  -27.043  52.768 0.0000000000
50755  22.181  -26.979  52.659 0.0000000000
51566  20.299  -26.846  51.429 0.0000000000
50787  19.605  -27.525  49.852 0.0000000000
50788  19.173  -28.314  49.258 0.0000000000
123434  18.803  -29.010  49.718 0.0000000000
52415  27.093  -26.625  44.070 0.0000000000
121374  39.780  -6.063  33.975 0.0000000000
70396  40.266  -5.743  34.191 0.0000000000
70407  40.468  -5.778  33.567 0.0000000000
69615  38.725  -5.821  30.212 0.0000000000
115164  39.440  -5.605  29.620 0.0000000000
69613  40.193  -5.420  29.654 0.0000000000
70456  40.998  -5.369  29.860 0.0000000000
69622  40.642  -5.574  28.764 0.0000000000
69627  40.617  -6.141  27.834 0.0000000000
45991  18.063  -31.199  56.228 0.0000000000
113901  18.197  -31.187  56.723 0.0000000000
112175  17.568  -31.147  57.471 0.0000000000
114241  20.186  -29.232  57.724 0.0000000000
117501  19.698  -29.232  57.155 0.0000000000
46007  16.444  -31.175  55.217 0.0000000000
46023  16.094  -31.297  54.306 0.0000000000
124210  15.963  -31.190  54.877 0.0000000000
114409  15.392  -31.068  54.952 0.0000000000
46996  14.482  -30.949  54.550 0.0000000000
115136  12.092  -31.285  56.022 0.0000000000
48047  12.843  -31.196  55.782 0.0000000000
46989  11.447  -31.941  54.888 0.0000000000
45950  10.144  -33.624  59.912 0.0000000000
119190  9.464  -34.322  59.135 0.0000000000
43531  8.683  -36.038  56.707 0.0000000000
42751  8.923  -36.218  55.046 0.0000000000
43541  9.380  -35.854  54.645 0.0000000000
58520  28.706  -19.217  47.211 0.0000000000
57518  28.337  -20.390  47.499 0.0000000000
54768  30.809  -24.332  48.821 0.0000000000
55629  30.107  -23.542  49.102 0.0000000000
55648  29.046  -23.157  47.883 0.0000000000
54004  28.011  -24.762  46.729 0.0000000000
53206  28.035  -25.776  46.580 0.0000000000
52401  28.115  -26.579  46.301 0.0000000000
50833  28.566  -27.440  46.698 0.0000000000
48986  28.205  -28.202  55.057 0.0000000000
48998  28.319  -28.697  54.119 0.0000000000
126659  28.244  -29.386  53.578 0.0000000000
126828  26.848  -30.370  51.105 0.0000000000
130418  27.020  -30.310  51.856 0.0000000000
49028  27.436  -30.821  51.520 0.0000000000
118921  28.148  -31.134  50.985 0.0000000000
121035  29.010  -31.221  50.715 0.0000000000
48124  29.905  -30.980  50.246 0.0000000000
49059  29.035  -28.994  49.384 0.0000000000
49070  29.511  -28.531  49.171 0.0000000000
48154  28.480  -29.290  49.044 0.0000000000
49072  27.866  -29.473  48.160 0.0000000000
49972  26.320  -30.205  46.574 0.0000000000
49982  25.962  -30.274  45.574 0.0000000000
49119  26.486  -30.778  45.248 0.0000000000
119568  26.686  -31.021  44.486 0.0000000000
49134  25.628  -30.903  44.281 0.0000000000
60314  30.474  -15.806  43.071 0.0000000000
60306  30.008  -16.480  43.693 0.0000000000
59424  28.330  -16.989  42.068 0.0000000000
57570  26.557  -19.807  41.412 0.0000000000
58597  26.445  -19.689  40.382 0.0000000000
129110  45.867  -4.580  26.111 0.0000000000
71333  46.685  -4.614  26.213 0.0000000000
61961  34.315  -13.823  39.497 0.0000000000
61140  33.884  -14.453  38.500 0.0000000000
131025  33.904  -14.125  39.147 0.0000000000
61128  32.536  -14.490  39.461 0.0000000000
61116  31.988  -14.363  40.116 0.0000000000
60347  31.914  -14.845  39.300 0.0000000000
62730  36.481  -11.790  42.176 0.0000000000
62741  35.911  -12.037  41.649 0.0000000000
63557  35.421  -12.582  42.107 0.0000000000
63571  35.492  -12.529  41.192 0.0000000000
114207  34.869  -13.453  39.906 0.0000000000
134351  16.270  -33.436  49.555 0.0000000000
46080  14.224  -32.055  50.816 0.0000000000
49869  20.924  -27.697  56.835 0.0000000000
49880  21.626  -27.257  56.511 0.0000000000
49881  20.530  -27.723  56.222 0.0000000000
49890  20.184  -27.709  55.442 0.0000000000
49010  19.294  -29.186  53.968 0.0000000000
49901  19.551  -28.541  54.020 0.0000000000
49922  18.747  -29.278  51.595 0.0000000000
47054  18.485  -32.678  49.553 0.0000000000
47044  18.418  -32.796  50.324 0.0000000000
69605  37.128  -6.335  31.865 0.0000000000
69604  37.866  -6.181  31.907 0.0000000000
69609  37.463  -6.254  31.220 0.0000000000
135099  19.116  -30.277  58.268 0.0000000000
45944  18.943  -30.276  58.899 0.0000000000
65412  37.225  -11.113  38.240 0.0000000000
66301  37.283  -10.330  37.897 0.0000000000
66303  35.938  -11.658  37.071 0.0000000000
67167  36.745  -9.775  36.877 0.0000000000
67980  36.982  -8.093  35.991 0.0000000000
67176  36.503  -9.104  36.431 0.0000000000
67185  35.120  -9.071  35.207 0.0000000000
67179  34.906  -10.182  35.484 0.0000000000
67186  34.451  -9.394  34.828 0.0000000000
67190  33.347  -9.341  33.634 0.0000000000
45982  15.527  -30.534  57.336 0.0000000000
46953  13.699  -30.638  57.540 0.0000000000
48012  12.687  -31.115  57.160 0.0000000000
46978  11.632  -31.433  56.695 0.0000000000
44272  8.748  -34.837  59.458 0.0000000000
43510  8.314  -35.617  59.114 0.0000000000
42718  8.008  -36.433  57.816 0.0000000000
42730  8.221  -36.562  57.085 0.0000000000
41866  8.024  -37.184  55.989 0.0000000000
41888  7.829  -37.935  54.446 0.0000000000
53970  32.199  -24.593  49.245 0.0000000000
54767  31.803  -24.115  48.839 0.0000000000
53979  31.536  -24.417  48.382 0.0000000000
53987  31.027  -24.773  48.299 0.0000000000
51612  30.141  -26.797  47.814 0.0000000000
51613  29.329  -26.936  47.440 0.0000000000
49908  25.918  -28.245  52.743 0.0000000000
49009  26.463  -28.551  53.048 0.0000000000
49030  26.117  -29.272  51.568 0.0000000000
49933  25.338  -28.333  50.528 0.0000000000
49045  26.226  -29.738  50.761 0.0000000000
49044  26.746  -30.283  50.205 0.0000000000
49061  26.708  -30.366  49.322 0.0000000000
49060  27.368  -30.557  49.019 0.0000000000
49974  24.993  -28.863  47.517 0.0000000000
50835  24.666  -29.015  45.487 0.0000000000
58544  28.218  -18.550  44.805 0.0000000000
58558  28.021  -18.268  43.905 0.0000000000
57559  26.637  -20.035  42.213 0.0000000000
56624  26.493  -20.717  42.305 0.0000000000
57560  26.446  -20.449  41.717 0.0000000000
127428  46.644  -5.091  27.429 0.0000000000
70494  45.735  -4.994  27.291 0.0000000000
70513  44.215  -5.068  24.683 0.0000000000
62806  32.379  -14.065  35.859 0.0000000000
62002  31.950  -14.688  36.011 0.0000000000
61141  33.230  -14.860  38.249 0.0000000000
61155  32.300  -15.347  37.267 0.0000000000
61156  31.435  -15.651  36.970 0.0000000000
63577  37.354  -12.203  40.494 0.0000000000
65404  36.937  -11.756  38.164 0.0000000000
64505  36.159  -12.121  37.358 0.0000000000
114104  35.703  -13.254  36.944 0.0000000000
64507  35.677  -13.081  36.697 0.0000000000
63619  34.762  -13.201  36.142 0.0000000000
48008  28.801  -28.452  57.433 0.0000000000
48987  27.168  -27.767  55.467 0.0000000000
49887  26.781  -27.750  54.587 0.0000000000
49888  26.061  -27.461  54.282 0.0000000000
114274  22.570  -27.064  56.540 0.0000000000
49879  23.355  -26.809  55.916 0.0000000000
131686  23.219  -26.570  54.815 0.0000000000
49899  25.176  -27.739  53.274 0.0000000000
50753  24.604  -27.539  52.341 0.0000000000
51564  22.723  -26.913  51.961 0.0000000000
51563  23.291  -26.981  51.300 0.0000000000
51585  23.339  -26.869  50.439 0.0000000000
112725  22.129  -26.650  49.147 0.0000000000
51598  21.515  -26.635  48.225 0.0000000000
49064  18.584  -30.745  48.882 0.0000000000
131832  26.588  -24.193  44.375 0.0000000000
112525  42.304  -5.591  32.938 0.0000000000
69602  39.270  -5.880  32.338 0.0000000000
70418  40.226  -5.787  32.499 0.0000000000
70431  40.112  -5.625  31.791 0.0000000000
70417  41.001  -5.564  32.623 0.0000000000
70415  42.707  -5.567  32.642 0.0000000000
70429  42.866  -5.523  32.107 0.0000000000
112125  43.036  -5.483  31.304 0.0000000000
127469  43.015  -5.343  29.871 0.0000000000
70471  42.874  -5.295  29.014 0.0000000000
70484  43.056  -5.224  27.370 0.0000000000
132382  42.422  -5.470  27.431 0.0000000000
46040  17.501  -31.398  53.011 0.0000000000
45191  16.967  -31.716  52.586 0.0000000000
46006  16.793  -31.263  55.137 0.0000000000
46005  17.234  -31.184  55.761 0.0000000000
45981  16.173  -30.794  57.010 0.0000000000
45962  18.477  -30.612  57.988 0.0000000000
45963  17.876  -30.840  58.049 0.0000000000
112363  17.377  -30.790  58.162 0.0000000000
45946  17.106  -30.520  58.735 0.0000000000
112176  16.861  -30.712  58.116 0.0000000000
45965  16.584  -30.824  57.512 0.0000000000
45966  16.075  -30.594  57.736 0.0000000000
46951  15.500  -30.363  58.023 0.0000000000
47950  14.110  -29.155  60.974 0.0000000000
127448  13.889  -29.406  60.446 0.0000000000
47987  29.258  -28.601  58.480 0.0000000000
47988  28.284  -28.452  58.331 0.0000000000
127548  27.553  -28.404  58.622 0.0000000000
48948  25.940  -28.222  59.246 0.0000000000
111802  25.770  -27.942  58.651 0.0000000000
49858  22.648  -27.552  57.542 0.0000000000
48990  19.549  -28.955  55.813 0.0000000000
115125  19.227  -29.352  55.117 0.0000000000
47003  18.413  -30.804  53.391 0.0000000000
71279  40.739  -4.765  36.879 0.0000000000
69583  39.181  -6.223  35.484 0.0000000000
70387  39.753  -5.727  34.949 0.0000000000
69587  38.973  -6.250  34.229 0.0000000000
134889  38.203  -6.413  33.720 0.0000000000
69593  38.088  -6.341  33.243 0.0000000000
67983  36.980  -7.523  35.249 0.0000000000
68785  36.918  -7.097  34.518 0.0000000000
130821  35.583  -7.623  34.145 0.0000000000
68787  37.207  -6.532  33.249 0.0000000000
125013  16.247  -31.603  52.627 0.0000000000
46041  15.858  -31.353  53.580 0.0000000000
46063  14.727  -31.403  51.726 0.0000000000
46064  13.725  -31.607  51.754 0.0000000000
46976  14.686  -30.847  56.188 0.0000000000
46986  14.546  -31.006  55.441 0.0000000000
46997  13.483  -30.935  54.063 0.0000000000
47019  13.368  -31.416  52.415 0.0000000000
46082  12.177  -32.906  51.442 0.0000000000
45211  11.457  -34.128  51.368 0.0000000000
46045  11.577  -33.428  52.913 0.0000000000
46941  10.750  -31.729  59.385 0.0000000000
45983  10.545  -32.956  56.973 0.0000000000
44271  9.564  -34.775  59.607 0.0000000000
44281  9.187  -34.697  58.560 0.0000000000
125523  9.062  -35.488  57.112 0.0000000000
44288  9.366  -34.667  57.534 0.0000000000
44287  9.634  -34.110  56.869 0.0000000000
45125  10.163  -33.548  56.578 0.0000000000
45140  10.294  -33.622  55.769 0.0000000000
44309  9.923  -33.949  55.024 0.0000000000
128526  9.817  -34.429  54.374 0.0000000000
43547  9.745  -36.138  53.716 0.0000000000
44334  10.321  -35.619  53.317 0.0000000000
127891  4.338  -39.062  57.400 0.0000000000
39002  3.844  -39.617  57.026 0.0000000000
114141  3.241  -40.375  56.534 0.0000000000
61914  32.869  -14.232  43.767 0.0000000000
58532  27.993  -19.685  46.010 0.0000000000
57538  27.493  -20.434  45.592 0.0000000000
117986  28.373  -21.503  47.329 0.0000000000
56574  28.313  -21.973  46.821 0.0000000000
55649  28.610  -22.665  47.264 0.0000000000
128964  27.963  -22.043  46.360 0.0000000000
54806  26.740  -23.750  45.040 0.0000000000
54016  26.856  -24.932  44.811 0.0000000000
116708  27.374  -27.168  44.282 0.0000000000
51639  27.909  -27.174  45.440 0.0000000000
50028  28.427  -29.822  42.393 0.0000000000
113305  28.429  -30.323  42.825 0.0000000000
50784  32.286  -27.773  49.887 0.0000000000
48007  29.575  -28.459  57.083 0.0000000000
48024  30.004  -28.605  56.189 0.0000000000
48043  30.317  -29.023  55.353 0.0000000000
48044  29.390  -28.677  55.466 0.0000000000
48077  30.788  -31.195  53.924 0.0000000000
49008  27.075  -29.012  52.935 0.0000000000
49007  27.502  -29.812  53.169 0.0000000000
125090  28.723  -29.743  53.670 0.0000000000
48079  29.357  -29.632  53.787 0.0000000000
130145  29.637  -30.141  53.439 0.0000000000
48076  31.633  -31.265  53.617 0.0000000000
49015  31.885  -31.045  52.317 0.0000000000
49027  30.797  -31.016  50.711 0.0000000000
49041  31.317  -30.229  50.038 0.0000000000
49931  32.394  -29.197  50.714 0.0000000000
49945  32.071  -28.596  49.434 0.0000000000
49957  31.691  -28.288  48.934 0.0000000000
121120  30.913  -27.638  48.935 0.0000000000
49969  30.058  -27.566  48.416 0.0000000000
49084  29.415  -28.127  48.457 0.0000000000
49970  29.205  -27.836  47.819 0.0000000000
48156  27.653  -30.183  48.444 0.0000000000
130054  27.742  -30.041  47.766 0.0000000000
112941  26.970  -30.641  47.002 0.0000000000
49087  27.576  -30.272  47.157 0.0000000000
49116  28.095  -29.496  46.197 0.0000000000
49133  27.604  -30.990  43.870 0.0000000000
61915  32.345  -14.672  43.364 0.0000000000
60324  30.727  -15.075  41.969 0.0000000000
115091  29.897  -14.607  41.186 0.0000000000
128629  28.477  -15.650  39.712 0.0000000000
58570  28.053  -18.013  43.196 0.0000000000
59418  27.919  -17.989  42.493 0.0000000000
59425  27.781  -17.726  41.651 0.0000000000
125719  28.106  -16.304  39.122 0.0000000000
69633  42.616  -5.719  25.381 0.0000000000
43503  7.944  -35.837  60.269 0.0000000000
44261  9.688  -34.526  60.725 0.0000000000
45244  18.081  -33.933  49.590 0.0000000000
45992  17.267  -31.206  56.505 0.0000000000
46004  17.633  -31.275  55.753 0.0000000000
46954  10.953  -32.108  57.893 0.0000000000
48078  29.930  -30.583  53.717 0.0000000000
48092  30.428  -31.286  52.890 0.0000000000
49946  30.963  -29.013  49.822 0.0000000000
62779  35.381  -13.704  38.149 0.0000000000
69586  39.421  -6.075  34.587 0.0000000000
118510  38.357  -6.144  32.529 0.0000000000
128959  41.208  -5.528  33.558 0.0000000000
130197  42.801  -5.610  32.997 0.0000000000
132500  34.738  -12.714  35.978 0.0000000000
134006  17.726  -30.686  58.530 0.0000000000
134366  35.770  -13.035  37.558 0.0000000000
135245  18.460  -30.634  56.066 0.0000000000
