#!ascii label  , from subject bert vox2ras=TkReg
773
39856  22.296  -41.260  62.235 0.0000000000
59389  37.828  -18.811  45.675 0.0000000000
61891  46.335  -15.705  44.452 0.0000000000
50732  42.464  -27.859  54.067 0.0000000000
112972  28.108  -36.311  57.417 0.0000000000
40845  25.163  -39.615  60.486 0.0000000000
61896  42.518  -15.887  45.886 0.0000000000
59313  42.585  -18.967  50.582 0.0000000000
119867  38.956  -30.396  56.515 0.0000000000
126194  33.437  -35.315  59.138 0.0000000000
66297  49.971  -9.948  37.092 0.0000000000
63568  47.435  -13.448  41.780 0.0000000000
116599  38.379  -26.149  51.521 0.0000000000
56481  40.236  -21.698  52.994 0.0000000000
43486  24.528  -38.021  59.879 0.0000000000
39866  23.747  -40.421  61.137 0.0000000000
60286  39.562  -17.445  45.690 0.0000000000
61040  42.656  -16.656  48.655 0.0000000000
60253  40.649  -18.334  48.865 0.0000000000
44299  38.889  -34.645  55.276 0.0000000000
43481  29.982  -37.214  59.301 0.0000000000
45084  30.653  -35.831  58.032 0.0000000000
42666  32.272  -37.240  59.639 0.0000000000
67154  47.872  -9.013  38.239 0.0000000000
65394  49.350  -11.056  38.966 0.0000000000
66265  48.433  -10.647  40.510 0.0000000000
134676  45.426  -15.493  43.685 0.0000000000
61098  45.559  -16.026  40.512 0.0000000000
62727  46.895  -14.818  43.421 0.0000000000
61932  48.317  -15.158  42.067 0.0000000000
61083  48.572  -17.497  43.261 0.0000000000
49860  41.026  -29.267  55.804 0.0000000000
50742  39.005  -28.434  53.773 0.0000000000
52329  40.086  -26.484  55.298 0.0000000000
53948  39.333  -24.223  52.850 0.0000000000
53148  41.590  -25.124  54.495 0.0000000000
54721  43.058  -23.429  52.382 0.0000000000
131087  43.761  -26.873  52.263 0.0000000000
44245  26.114  -37.296  59.288 0.0000000000
111690  42.098  -16.077  42.653 0.0000000000
62717  44.541  -15.574  45.813 0.0000000000
61037  44.547  -16.456  47.938 0.0000000000
134175  44.225  -18.382  48.647 0.0000000000
46948  36.231  -33.464  57.599 0.0000000000
127530  38.645  -32.569  57.372 0.0000000000
46970  40.662  -31.814  55.807 0.0000000000
48072  41.592  -30.820  53.528 0.0000000000
49914  42.365  -29.175  51.623 0.0000000000
45113  34.293  -34.403  57.128 0.0000000000
44264  35.916  -35.485  58.478 0.0000000000
116835  49.821  -12.149  36.507 0.0000000000
64489  45.860  -12.112  39.338 0.0000000000
63566  48.561  -12.851  41.488 0.0000000000
61122  49.328  -16.703  39.928 0.0000000000
58460  39.334  -19.953  49.302 0.0000000000
58422  41.205  -20.104  51.742 0.0000000000
55603  43.471  -22.524  51.164 0.0000000000
131097  22.139  -42.415  62.018 0.0000000000
39868  22.304  -41.227  61.832 0.0000000000
38936  22.992  -41.857  61.533 0.0000000000
60287  38.986  -17.779  45.987 0.0000000000
60265  39.975  -17.809  47.416 0.0000000000
60266  39.069  -18.006  47.218 0.0000000000
43480  30.929  -36.797  59.477 0.0000000000
66298  46.397  -10.158  37.971 0.0000000000
67128  47.803  -9.538  39.699 0.0000000000
116074  47.084  -10.087  39.376 0.0000000000
62722  45.570  -15.606  44.212 0.0000000000
62740  46.478  -14.853  43.351 0.0000000000
61901  46.908  -15.131  43.913 0.0000000000
61909  47.248  -14.983  43.514 0.0000000000
50724  41.393  -28.596  55.332 0.0000000000
51533  40.507  -27.986  55.640 0.0000000000
123674  41.253  -27.149  55.272 0.0000000000
53911  40.414  -25.282  54.753 0.0000000000
114044  42.222  -25.921  54.602 0.0000000000
53147  43.047  -25.748  53.802 0.0000000000
51546  43.016  -27.306  53.425 0.0000000000
43485  25.299  -37.586  59.571 0.0000000000
41766  25.821  -38.727  59.867 0.0000000000
41765  26.893  -38.484  59.997 0.0000000000
119353  40.871  -16.628  43.839 0.0000000000
61093  40.728  -16.645  42.967 0.0000000000
61069  42.463  -15.879  44.939 0.0000000000
61904  43.247  -15.707  44.673 0.0000000000
61894  43.876  -15.602  45.962 0.0000000000
61879  44.868  -15.526  46.856 0.0000000000
61873  43.936  -15.537  47.629 0.0000000000
61011  42.849  -17.559  49.589 0.0000000000
61026  43.165  -16.898  48.851 0.0000000000
59323  43.262  -18.335  49.786 0.0000000000
58458  43.748  -19.646  49.008 0.0000000000
58444  43.454  -19.680  49.831 0.0000000000
132868  37.365  -34.139  57.909 0.0000000000
46946  37.649  -33.057  57.471 0.0000000000
117141  38.059  -34.136  57.612 0.0000000000
45129  40.021  -33.356  55.653 0.0000000000
48055  41.417  -31.247  54.644 0.0000000000
45082  31.682  -35.776  58.558 0.0000000000
45098  32.635  -35.042  57.757 0.0000000000
125092  33.337  -34.888  58.406 0.0000000000
45960  34.723  -34.575  58.455 0.0000000000
44266  34.330  -35.494  59.087 0.0000000000
131712  49.873  -8.895  36.874 0.0000000000
65406  50.479  -10.938  36.878 0.0000000000
63582  49.119  -12.728  39.853 0.0000000000
61946  46.586  -14.899  41.155 0.0000000000
61959  45.443  -15.378  39.370 0.0000000000
62768  45.866  -14.440  39.728 0.0000000000
63591  45.406  -13.763  39.109 0.0000000000
63575  46.902  -13.005  41.144 0.0000000000
64482  47.259  -12.062  40.973 0.0000000000
63567  47.985  -13.057  41.824 0.0000000000
61089  48.922  -17.021  41.583 0.0000000000
112313  48.971  -15.753  40.715 0.0000000000
48983  38.073  -30.813  56.233 0.0000000000
48994  38.461  -30.024  54.490 0.0000000000
51553  38.676  -27.461  52.461 0.0000000000
50751  38.653  -28.466  52.641 0.0000000000
55598  39.491  -22.616  52.546 0.0000000000
54749  38.500  -22.725  50.999 0.0000000000
55611  38.650  -22.012  50.954 0.0000000000
57482  38.360  -21.206  49.033 0.0000000000
57450  39.692  -20.702  51.258 0.0000000000
58435  40.102  -19.928  51.221 0.0000000000
57415  40.517  -21.172  52.640 0.0000000000
53953  43.819  -24.039  51.683 0.0000000000
55595  43.421  -22.690  51.589 0.0000000000
53959  43.740  -23.891  51.115 0.0000000000
54755  43.492  -22.920  50.039 0.0000000000
41769  24.091  -39.365  60.784 0.0000000000
40846  24.511  -39.873  60.825 0.0000000000
38966  24.379  -41.304  60.079 0.0000000000
38952  23.991  -41.190  60.906 0.0000000000
61071  40.948  -16.619  45.797 0.0000000000
61883  42.433  -16.076  47.496 0.0000000000
128633  41.045  -16.828  47.572 0.0000000000
61028  41.479  -17.346  48.805 0.0000000000
60224  41.835  -18.223  50.189 0.0000000000
45060  28.564  -36.409  58.193 0.0000000000
122657  29.129  -36.077  57.462 0.0000000000
45058  30.895  -36.164  58.641 0.0000000000
44252  31.874  -36.276  59.096 0.0000000000
44238  32.748  -36.529  59.504 0.0000000000
43495  33.694  -36.287  59.472 0.0000000000
41817  33.211  -37.516  59.278 0.0000000000
67972  49.189  -8.745  37.784 0.0000000000
65399  49.399  -10.395  38.666 0.0000000000
67126  49.015  -9.615  39.197 0.0000000000
66264  49.195  -10.920  40.184 0.0000000000
65382  49.233  -11.993  40.556 0.0000000000
61935  44.165  -15.907  41.887 0.0000000000
113488  45.376  -15.637  42.158 0.0000000000
61918  46.234  -15.043  42.445 0.0000000000
63555  47.330  -13.926  41.947 0.0000000000
63554  47.742  -13.778  42.064 0.0000000000
62726  47.907  -15.144  43.109 0.0000000000
117811  48.217  -15.672  42.764 0.0000000000
49862  40.341  -29.859  56.074 0.0000000000
49884  39.091  -29.502  55.130 0.0000000000
134267  39.701  -28.543  55.743 0.0000000000
51543  39.764  -27.066  54.927 0.0000000000
53155  39.127  -25.979  53.080 0.0000000000
53166  38.578  -25.230  51.565 0.0000000000
53154  39.520  -25.015  53.550 0.0000000000
54714  40.041  -24.053  54.192 0.0000000000
55563  40.765  -23.016  53.384 0.0000000000
55581  40.995  -22.169  53.091 0.0000000000
53937  42.435  -24.185  53.579 0.0000000000
112201  43.711  -24.876  52.632 0.0000000000
53171  43.492  -26.033  50.882 0.0000000000
44269  24.840  -36.717  58.255 0.0000000000
117704  26.060  -36.429  57.719 0.0000000000
45061  27.465  -36.475  58.096 0.0000000000
43483  27.761  -37.286  59.704 0.0000000000
41764  28.244  -38.116  60.255 0.0000000000
61920  43.714  -15.807  42.941 0.0000000000
61902  44.707  -15.635  44.903 0.0000000000
62716  44.929  -15.806  45.114 0.0000000000
61878  45.264  -15.688  46.128 0.0000000000
61049  45.393  -16.520  47.556 0.0000000000
59348  45.203  -17.970  47.737 0.0000000000
61858  43.570  -15.915  48.159 0.0000000000
60238  44.340  -17.094  48.404 0.0000000000
46001  35.311  -33.076  55.757 0.0000000000
46972  36.404  -32.238  56.741 0.0000000000
48002  38.274  -31.783  57.139 0.0000000000
48959  39.068  -31.353  57.170 0.0000000000
45974  39.332  -33.380  56.898 0.0000000000
46956  39.831  -32.124  56.787 0.0000000000
48000  39.964  -31.364  56.621 0.0000000000
124744  41.209  -30.799  56.034 0.0000000000
48980  41.869  -30.008  54.705 0.0000000000
49883  42.201  -29.502  54.082 0.0000000000
50749  42.732  -28.568  52.767 0.0000000000
49012  41.747  -30.530  52.727 0.0000000000
45975  35.611  -33.631  57.398 0.0000000000
45941  36.156  -34.617  58.241 0.0000000000
44277  36.625  -35.261  58.232 0.0000000000
42695  35.103  -36.398  58.728 0.0000000000
42708  35.998  -36.572  57.821 0.0000000000
64518  50.701  -12.258  35.881 0.0000000000
65401  45.690  -11.463  38.604 0.0000000000
65395  46.824  -11.556  40.136 0.0000000000
65372  48.444  -11.907  41.256 0.0000000000
63574  49.456  -13.270  40.712 0.0000000000
116137  48.846  -13.526  41.351 0.0000000000
62759  49.176  -14.716  40.477 0.0000000000
119273  49.187  -14.941  40.100 0.0000000000
49894  38.864  -29.377  54.080 0.0000000000
57504  37.521  -20.521  47.181 0.0000000000
116214  38.750  -19.114  47.616 0.0000000000
59335  40.249  -18.909  48.924 0.0000000000
59324  40.954  -18.870  50.649 0.0000000000
59304  41.740  -19.429  51.274 0.0000000000
56478  41.872  -21.498  52.526 0.0000000000
133770  42.626  -20.850  51.522 0.0000000000
57449  42.813  -20.405  51.139 0.0000000000
56539  43.417  -21.400  49.995 0.0000000000
51558  43.057  -27.953  51.735 0.0000000000
114603  43.068  -27.228  50.725 0.0000000000
38923  22.303  -41.523  62.124 0.0000000000
38075  22.195  -42.197  62.103 0.0000000000
38924  21.910  -41.971  62.330 0.0000000000
39855  22.272  -41.217  62.146 0.0000000000
38922  22.294  -41.986  62.182 0.0000000000
115718  38.469  -18.189  45.775 0.0000000000
60276  38.749  -18.070  46.507 0.0000000000
59380  38.278  -18.534  46.292 0.0000000000
66293  46.598  -10.327  38.714 0.0000000000
66294  45.949  -10.808  38.290 0.0000000000
62715  45.610  -15.798  44.559 0.0000000000
62721  46.397  -15.172  43.872 0.0000000000
119878  46.952  -15.846  44.444 0.0000000000
119990  42.071  -28.252  54.741 0.0000000000
51537  41.640  -27.672  55.145 0.0000000000
51542  42.179  -27.430  54.766 0.0000000000
52326  41.650  -26.570  55.036 0.0000000000
51541  42.577  -27.178  54.227 0.0000000000
52333  42.843  -26.575  54.051 0.0000000000
40830  24.812  -39.251  60.665 0.0000000000
41767  25.026  -38.843  60.429 0.0000000000
41789  25.439  -39.131  60.233 0.0000000000
40844  25.900  -39.388  59.851 0.0000000000
61070  41.698  -16.204  45.318 0.0000000000
61077  41.708  -16.129  44.233 0.0000000000
61895  43.314  -15.714  45.517 0.0000000000
118227  43.402  -15.666  46.422 0.0000000000
134307  42.676  -15.854  46.732 0.0000000000
60222  42.631  -18.095  50.114 0.0000000000
115942  43.278  -19.083  50.065 0.0000000000
58445  43.018  -19.662  50.632 0.0000000000
45078  37.650  -34.628  57.826 0.0000000000
44275  38.093  -34.635  57.552 0.0000000000
125086  32.531  -35.587  58.984 0.0000000000
45081  32.525  -35.232  58.552 0.0000000000
127445  33.181  -34.869  58.812 0.0000000000
45080  33.896  -34.920  58.839 0.0000000000
45054  33.627  -35.616  59.298 0.0000000000
67970  49.974  -9.117  36.869 0.0000000000
67162  50.167  -9.233  36.472 0.0000000000
67161  50.190  -9.509  36.590 0.0000000000
62760  46.795  -13.988  41.177 0.0000000000
62761  46.396  -14.607  40.543 0.0000000000
63576  46.381  -13.690  40.416 0.0000000000
60318  49.314  -17.573  40.950 0.0000000000
48995  37.897  -30.578  54.995 0.0000000000
48982  38.666  -30.159  55.632 0.0000000000
51559  38.313  -27.041  51.764 0.0000000000
52353  37.935  -26.700  51.204 0.0000000000
55583  39.985  -22.572  53.223 0.0000000000
127484  38.847  -22.166  51.476 0.0000000000
56509  39.251  -21.952  52.072 0.0000000000
56527  39.063  -21.464  51.360 0.0000000000
56526  39.969  -21.311  51.977 0.0000000000
57436  40.456  -20.897  52.213 0.0000000000
57416  40.197  -21.308  52.720 0.0000000000
53954  43.799  -24.674  51.436 0.0000000000
53960  43.625  -24.496  50.734 0.0000000000
53965  43.400  -24.334  49.936 0.0000000000
40832  23.262  -40.399  61.213 0.0000000000
41790  24.015  -38.987  60.655 0.0000000000
40831  24.202  -39.621  60.857 0.0000000000
39881  24.207  -40.558  60.974 0.0000000000
39882  23.483  -41.039  61.351 0.0000000000
60294  39.577  -17.438  44.805 0.0000000000
114194  39.535  -17.387  43.947 0.0000000000
61079  40.229  -17.028  45.276 0.0000000000
61072  40.180  -17.027  46.235 0.0000000000
61060  40.938  -16.681  46.751 0.0000000000
60264  40.456  -18.057  48.063 0.0000000000
61050  40.674  -17.410  47.827 0.0000000000
120021  41.117  -18.075  49.165 0.0000000000
135396  41.604  -17.614  49.252 0.0000000000
60240  41.474  -18.125  49.716 0.0000000000
44255  29.183  -36.529  58.518 0.0000000000
45059  29.820  -36.292  58.160 0.0000000000
44254  30.244  -36.666  58.873 0.0000000000
42667  31.874  -37.294  59.618 0.0000000000
44240  31.564  -36.621  59.333 0.0000000000
44239  32.188  -36.667  59.400 0.0000000000
44251  32.523  -36.179  59.255 0.0000000000
43478  32.482  -36.755  59.694 0.0000000000
42665  32.917  -37.054  59.707 0.0000000000
67155  46.972  -9.587  37.644 0.0000000000
111688  47.648  -9.150  37.243 0.0000000000
67977  48.506  -8.791  37.641 0.0000000000
67958  48.640  -8.902  38.405 0.0000000000
67957  49.173  -8.957  38.294 0.0000000000
67142  48.835  -9.131  38.907 0.0000000000
66280  48.109  -9.921  40.229 0.0000000000
66279  48.692  -10.098  39.870 0.0000000000
65383  48.735  -11.510  40.778 0.0000000000
61919  44.831  -15.740  42.981 0.0000000000
62739  46.950  -14.588  42.642 0.0000000000
62738  47.388  -14.593  42.614 0.0000000000
118029  47.252  -14.784  43.125 0.0000000000
61908  47.894  -15.663  43.380 0.0000000000
114343  48.434  -16.512  43.004 0.0000000000
61090  48.757  -17.311  42.412 0.0000000000
49861  40.748  -29.480  55.998 0.0000000000
49873  40.032  -29.227  55.873 0.0000000000
50719  40.493  -28.869  55.822 0.0000000000
111733  40.212  -27.313  55.557 0.0000000000
52340  39.411  -26.545  53.975 0.0000000000
52335  39.796  -26.089  54.744 0.0000000000
112464  39.506  -25.777  54.006 0.0000000000
53149  39.796  -25.283  54.505 0.0000000000
53910  40.904  -25.228  54.658 0.0000000000
53925  40.441  -24.653  54.414 0.0000000000
54713  40.547  -23.885  53.889 0.0000000000
54712  41.203  -23.700  53.660 0.0000000000
113612  41.726  -24.339  53.961 0.0000000000
52339  43.499  -26.468  53.239 0.0000000000
53153  43.691  -25.648  52.982 0.0000000000
52345  43.964  -26.284  52.424 0.0000000000
53158  44.062  -25.461  52.339 0.0000000000
52352  43.707  -26.638  51.712 0.0000000000
43499  24.257  -37.645  59.346 0.0000000000
44270  24.330  -36.869  58.271 0.0000000000
44260  24.503  -37.174  58.796 0.0000000000
118928  25.757  -37.874  59.792 0.0000000000
44258  25.575  -37.063  58.878 0.0000000000
44267  26.024  -36.659  58.237 0.0000000000
135479  26.545  -36.591  58.118 0.0000000000
44257  26.664  -36.715  58.636 0.0000000000
44256  27.901  -36.530  58.686 0.0000000000
44244  27.214  -36.947  59.272 0.0000000000
61085  41.475  -16.271  43.251 0.0000000000
61921  42.799  -15.836  42.973 0.0000000000
61903  43.914  -15.610  45.131 0.0000000000
118670  43.936  -15.587  44.524 0.0000000000
61893  44.530  -15.517  45.673 0.0000000000
62723  44.738  -15.720  44.955 0.0000000000
62706  45.127  -15.808  45.404 0.0000000000
62707  45.004  -15.529  46.033 0.0000000000
61871  44.674  -15.849  47.414 0.0000000000
61870  45.417  -15.895  46.929 0.0000000000
60262  45.803  -17.430  47.506 0.0000000000
60263  45.104  -17.211  48.012 0.0000000000
61860  42.612  -16.334  48.242 0.0000000000
61859  43.116  -15.983  48.071 0.0000000000
61848  43.197  -16.507  48.422 0.0000000000
59333  43.950  -17.814  49.012 0.0000000000
61025  43.793  -17.256  48.802 0.0000000000
60251  44.600  -17.810  48.336 0.0000000000
59349  44.546  -18.446  48.012 0.0000000000
46961  36.086  -32.917  57.070 0.0000000000
46973  35.837  -32.604  56.301 0.0000000000
46960  36.805  -32.731  57.301 0.0000000000
47983  38.212  -32.518  57.330 0.0000000000
46959  37.587  -32.515  57.263 0.0000000000
46958  38.849  -31.965  57.339 0.0000000000
45111  39.158  -33.936  56.674 0.0000000000
45130  39.488  -33.803  56.072 0.0000000000
133750  40.436  -32.707  55.470 0.0000000000
45987  40.245  -32.913  56.127 0.0000000000
46971  40.285  -32.371  56.333 0.0000000000
48019  40.425  -31.619  56.441 0.0000000000
48969  40.698  -30.878  56.405 0.0000000000
48018  40.942  -31.253  56.155 0.0000000000
48073  41.299  -31.336  53.967 0.0000000000
48993  41.683  -30.699  54.732 0.0000000000
48054  41.675  -30.771  54.184 0.0000000000
49002  41.933  -30.271  53.549 0.0000000000
112740  42.256  -29.633  53.564 0.0000000000
113426  29.906  -36.026  57.764 0.0000000000
45101  29.635  -35.892  57.464 0.0000000000
45117  30.116  -35.686  57.025 0.0000000000
45114  33.611  -34.764  56.415 0.0000000000
45132  33.718  -34.811  55.381 0.0000000000
45131  34.428  -34.241  55.997 0.0000000000
45990  35.007  -33.921  56.861 0.0000000000
45066  35.212  -35.062  58.629 0.0000000000
45942  35.338  -34.600  58.342 0.0000000000
45065  36.017  -35.074  58.413 0.0000000000
43507  34.380  -36.303  59.252 0.0000000000
43519  36.558  -36.128  57.578 0.0000000000
65423  50.720  -11.707  36.401 0.0000000000
64519  50.237  -12.545  35.887 0.0000000000
64520  49.137  -12.706  35.963 0.0000000000
61099  45.087  -16.060  41.126 0.0000000000
61111  44.906  -16.453  40.214 0.0000000000
63584  45.767  -13.245  39.667 0.0000000000
64496  45.272  -12.936  38.859 0.0000000000
65402  45.209  -12.087  38.383 0.0000000000
66281  46.453  -10.972  39.221 0.0000000000
64473  48.288  -12.375  41.553 0.0000000000
64481  47.997  -11.792  41.359 0.0000000000
64472  48.832  -12.411  41.274 0.0000000000
132093  49.227  -12.463  40.941 0.0000000000
63565  49.257  -12.929  41.063 0.0000000000
135446  48.065  -14.538  42.395 0.0000000000
63553  48.153  -13.462  41.823 0.0000000000
62752  48.335  -14.202  41.894 0.0000000000
61945  49.116  -15.793  40.225 0.0000000000
50735  39.368  -28.733  54.807 0.0000000000
53949  38.808  -24.312  51.966 0.0000000000
54750  37.866  -22.980  50.283 0.0000000000
129098  38.901  -20.678  49.352 0.0000000000
57494  37.879  -21.029  48.070 0.0000000000
57493  38.715  -20.461  48.562 0.0000000000
57503  38.311  -19.995  47.626 0.0000000000
58482  39.036  -19.603  48.323 0.0000000000
59336  39.724  -19.367  48.853 0.0000000000
59317  40.601  -19.270  51.063 0.0000000000
58434  40.941  -19.516  51.365 0.0000000000
59315  41.589  -19.135  51.061 0.0000000000
58421  41.676  -19.863  51.563 0.0000000000
55580  41.981  -22.732  53.078 0.0000000000
114972  41.556  -22.094  52.924 0.0000000000
126570  42.089  -22.134  52.693 0.0000000000
55604  43.212  -21.976  51.419 0.0000000000
114887  43.106  -22.165  51.698 0.0000000000
56525  42.982  -21.219  51.272 0.0000000000
57462  43.335  -20.909  50.390 0.0000000000
56524  43.285  -21.593  50.853 0.0000000000
55617  43.213  -22.685  49.250 0.0000000000
50750  42.546  -29.230  52.419 0.0000000000
50760  42.787  -28.579  52.071 0.0000000000
40833  22.554  -40.770  61.475 0.0000000000
39867  22.851  -41.117  61.566 0.0000000000
38074  22.236  -42.233  62.082 0.0000000000
122339  38.937  -17.806  45.256 0.0000000000
61051  40.331  -17.168  47.073 0.0000000000
60275  39.525  -17.623  46.602 0.0000000000
134106  40.195  -18.522  48.315 0.0000000000
41762  30.199  -37.874  59.757 0.0000000000
43463  30.130  -37.605  59.630 0.0000000000
41784  30.745  -37.814  59.741 0.0000000000
130228  31.226  -38.019  59.850 0.0000000000
67143  48.109  -8.976  39.158 0.0000000000
67144  47.251  -9.617  38.736 0.0000000000
130037  47.472  -10.456  40.077 0.0000000000
62729  45.515  -15.521  44.258 0.0000000000
61910  45.973  -15.086  43.741 0.0000000000
62728  46.271  -15.068  43.755 0.0000000000
62720  46.937  -14.884  43.567 0.0000000000
61900  47.397  -15.740  43.969 0.0000000000
50718  41.184  -28.649  55.802 0.0000000000
51538  41.010  -27.830  55.535 0.0000000000
51539  40.633  -27.233  55.436 0.0000000000
52328  40.410  -26.596  55.242 0.0000000000
53140  40.132  -25.740  55.000 0.0000000000
52327  40.959  -26.575  55.190 0.0000000000
53138  41.338  -25.886  54.897 0.0000000000
53923  42.344  -25.014  54.056 0.0000000000
118446  43.607  -27.050  52.698 0.0000000000
117595  24.848  -37.855  59.823 0.0000000000
42669  25.081  -38.088  60.043 0.0000000000
42651  25.335  -38.442  60.064 0.0000000000
43467  25.740  -38.052  59.868 0.0000000000
43484  26.611  -37.635  59.668 0.0000000000
42650  26.498  -38.212  59.892 0.0000000000
60301  40.089  -16.913  43.476 0.0000000000
61084  42.251  -15.876  43.490 0.0000000000
61912  43.236  -15.676  43.804 0.0000000000
127549  42.517  -15.778  44.188 0.0000000000
61880  44.485  -15.502  46.564 0.0000000000
61881  44.083  -15.505  46.895 0.0000000000
61872  44.115  -15.617  47.310 0.0000000000
122395  43.826  -15.558  48.049 0.0000000000
61027  42.818  -17.000  49.020 0.0000000000
60221  43.217  -17.507  49.376 0.0000000000
59334  43.774  -18.858  49.277 0.0000000000
59350  44.086  -18.995  48.472 0.0000000000
57480  43.489  -20.462  49.610 0.0000000000
46947  36.999  -33.414  57.711 0.0000000000
134473  37.282  -32.941  57.459 0.0000000000
113672  37.564  -33.673  57.700 0.0000000000
45957  37.948  -33.730  57.619 0.0000000000
45956  38.389  -33.564  57.453 0.0000000000
45145  39.406  -34.052  55.398 0.0000000000
134941  40.614  -32.199  55.347 0.0000000000
116156  40.955  -31.699  55.016 0.0000000000
46991  40.684  -32.188  54.794 0.0000000000
46999  40.845  -31.920  54.103 0.0000000000
45083  30.884  -35.901  58.378 0.0000000000
45100  30.589  -35.845  57.823 0.0000000000
45115  32.041  -35.402  57.146 0.0000000000
116822  32.828  -35.094  56.834 0.0000000000
45097  33.492  -34.790  57.456 0.0000000000
45096  34.168  -34.596  58.159 0.0000000000
45976  34.939  -34.176  57.790 0.0000000000
45067  34.309  -35.066  58.855 0.0000000000
44265  35.165  -35.504  58.785 0.0000000000
66305  50.684  -10.316  36.321 0.0000000000
64510  50.318  -11.605  36.815 0.0000000000
64488  49.157  -11.731  39.470 0.0000000000
61934  46.077  -15.549  41.325 0.0000000000
61947  45.990  -15.419  40.317 0.0000000000
63583  46.441  -12.603  40.298 0.0000000000
64474  47.703  -12.573  41.532 0.0000000000
128332  48.676  -15.973  41.344 0.0000000000
61097  49.061  -16.636  40.992 0.0000000000
48020  37.280  -31.441  56.299 0.0000000000
51548  38.921  -27.757  53.162 0.0000000000
50761  38.209  -27.914  51.869 0.0000000000
54735  39.047  -23.435  52.358 0.0000000000
54741  38.646  -23.513  51.485 0.0000000000
55605  38.876  -22.706  51.879 0.0000000000
55612  38.276  -22.198  50.274 0.0000000000
129840  38.115  -21.763  49.628 0.0000000000
116157  38.727  -21.589  50.564 0.0000000000
57465  39.085  -20.879  50.690 0.0000000000
57481  39.185  -20.436  50.052 0.0000000000
133484  39.629  -19.842  50.124 0.0000000000
58423  40.685  -20.069  51.625 0.0000000000
57435  40.939  -20.581  52.160 0.0000000000
54733  43.646  -24.131  52.218 0.0000000000
55596  43.077  -22.722  51.936 0.0000000000
53946  43.542  -23.380  51.840 0.0000000000
54740  43.661  -23.293  51.401 0.0000000000
54747  43.653  -23.135  50.802 0.0000000000
55610  43.442  -22.290  50.447 0.0000000000
54748  43.588  -23.719  50.416 0.0000000000
42684  24.097  -38.157  59.809 0.0000000000
42671  24.365  -38.473  60.284 0.0000000000
41768  24.564  -38.962  60.657 0.0000000000
121727  24.835  -40.229  60.588 0.0000000000
135744  24.509  -40.770  60.575 0.0000000000
38953  23.293  -41.544  61.259 0.0000000000
61086  40.178  -16.961  44.346 0.0000000000
61078  40.948  -16.626  44.776 0.0000000000
61059  41.783  -16.206  46.468 0.0000000000
135546  41.568  -16.437  47.295 0.0000000000
61041  41.967  -16.739  48.556 0.0000000000
113152  41.292  -17.032  48.264 0.0000000000
117105  41.929  -17.097  48.839 0.0000000000
60239  41.996  -17.578  49.530 0.0000000000
60223  42.185  -18.145  50.199 0.0000000000
59314  42.140  -18.841  50.734 0.0000000000
44284  37.981  -35.391  56.937 0.0000000000
117396  28.526  -36.285  57.667 0.0000000000
45071  29.055  -36.284  57.799 0.0000000000
45070  30.177  -36.114  58.035 0.0000000000
44241  30.773  -36.630  59.143 0.0000000000
44253  31.442  -36.327  59.137 0.0000000000
45069  30.919  -36.126  58.732 0.0000000000
45068  31.601  -36.024  58.834 0.0000000000
45056  32.155  -35.993  58.983 0.0000000000
45055  32.959  -35.789  59.280 0.0000000000
116163  33.698  -36.014  59.420 0.0000000000
130019  33.367  -36.343  59.520 0.0000000000
42683  33.257  -37.044  59.688 0.0000000000
128280  33.742  -37.084  59.411 0.0000000000
67971  49.663  -8.861  37.304 0.0000000000
134802  49.569  -9.220  37.774 0.0000000000
66292  49.591  -9.843  37.995 0.0000000000
67141  49.353  -9.332  38.327 0.0000000000
121847  49.380  -9.828  38.760 0.0000000000
66278  49.232  -10.302  39.413 0.0000000000
67127  48.331  -9.372  39.635 0.0000000000
65393  49.338  -11.146  39.775 0.0000000000
64487  49.314  -12.238  40.364 0.0000000000
63581  49.395  -13.151  40.479 0.0000000000
61100  44.159  -16.376  40.838 0.0000000000
127906  45.733  -15.203  43.099 0.0000000000
61933  46.610  -14.829  41.885 0.0000000000
62753  47.006  -14.224  41.863 0.0000000000
62737  47.741  -14.331  42.352 0.0000000000
61917  48.487  -16.306  42.135 0.0000000000
60308  49.125  -17.914  41.838 0.0000000000
49863  39.696  -30.210  56.236 0.0000000000
49874  39.414  -29.767  55.895 0.0000000000
50726  39.721  -28.967  55.565 0.0000000000
50720  40.234  -28.268  55.737 0.0000000000
50725  39.867  -28.055  55.482 0.0000000000
50734  39.449  -27.933  54.617 0.0000000000
51547  39.266  -27.442  53.935 0.0000000000
52341  39.032  -26.962  53.132 0.0000000000
52346  38.726  -26.570  52.338 0.0000000000
53160  38.766  -25.808  52.187 0.0000000000
53159  39.002  -25.101  52.517 0.0000000000
53926  40.067  -24.878  54.634 0.0000000000
132797  39.839  -24.590  54.283 0.0000000000
53938  39.753  -24.064  53.724 0.0000000000
54723  39.955  -23.391  53.727 0.0000000000
55582  40.423  -22.322  53.190 0.0000000000
55562  41.382  -22.846  53.254 0.0000000000
54722  42.487  -23.417  53.069 0.0000000000
53922  43.082  -24.936  53.364 0.0000000000
53936  43.084  -24.155  52.901 0.0000000000
53947  44.070  -24.810  52.000 0.0000000000
53165  43.977  -25.586  51.717 0.0000000000
112726  27.137  -36.424  57.047 0.0000000000
44259  24.947  -37.049  58.753 0.0000000000
126069  26.569  -36.417  57.388 0.0000000000
45086  27.575  -36.420  57.464 0.0000000000
45072  27.963  -36.356  57.864 0.0000000000
44243  28.384  -36.807  59.177 0.0000000000
43482  28.812  -37.214  59.514 0.0000000000
43466  27.382  -37.775  59.986 0.0000000000
43465  28.180  -37.622  60.093 0.0000000000
43464  29.061  -37.642  59.849 0.0000000000
61911  44.516  -15.665  43.940 0.0000000000
61068  46.821  -16.480  45.205 0.0000000000
61892  45.941  -16.113  45.445 0.0000000000
134026  45.796  -16.169  46.282 0.0000000000
61874  43.259  -15.936  47.814 0.0000000000
113977  43.819  -15.904  48.040 0.0000000000
61857  44.023  -15.874  47.977 0.0000000000
61039  43.566  -16.447  48.338 0.0000000000
61038  44.025  -16.501  48.263 0.0000000000
46982  35.593  -32.399  55.407 0.0000000000
120242  36.652  -31.813  56.379 0.0000000000
48003  37.266  -31.978  56.900 0.0000000000
116132  37.915  -31.348  56.862 0.0000000000
48972  38.608  -30.994  57.029 0.0000000000
48971  39.322  -30.861  56.779 0.0000000000
45112  38.516  -34.700  57.029 0.0000000000
45095  38.676  -34.000  57.294 0.0000000000
131049  38.936  -33.351  57.275 0.0000000000
45988  39.727  -33.330  56.328 0.0000000000
45973  39.870  -32.849  56.572 0.0000000000
46957  39.201  -32.307  57.254 0.0000000000
48001  39.400  -31.647  57.056 0.0000000000
48958  39.517  -31.198  56.810 0.0000000000
48970  40.049  -30.728  56.453 0.0000000000
114921  40.634  -30.261  56.238 0.0000000000
48968  41.060  -30.120  56.034 0.0000000000
48036  41.293  -31.171  55.412 0.0000000000
48981  41.534  -30.472  55.413 0.0000000000
49872  41.504  -29.640  55.357 0.0000000000
49871  42.012  -29.170  54.731 0.0000000000
50733  42.359  -28.726  54.046 0.0000000000
50741  42.663  -28.218  53.341 0.0000000000
49893  42.497  -29.011  53.449 0.0000000000
49903  42.249  -29.794  52.909 0.0000000000
49021  42.191  -29.959  52.093 0.0000000000
117717  41.282  -31.036  52.241 0.0000000000
49022  41.556  -30.603  51.869 0.0000000000
45102  28.732  -36.061  57.195 0.0000000000
126254  35.002  -33.642  56.115 0.0000000000
45989  35.506  -33.295  56.606 0.0000000000
120194  35.525  -34.112  57.940 0.0000000000
45959  36.230  -34.086  57.947 0.0000000000
45958  36.965  -34.094  58.033 0.0000000000
45079  37.034  -34.626  58.133 0.0000000000
129819  37.276  -35.028  58.041 0.0000000000
43494  34.326  -35.877  59.227 0.0000000000
43506  35.545  -35.900  58.655 0.0000000000
130717  35.694  -36.342  58.310 0.0000000000
43514  36.239  -35.910  58.189 0.0000000000
38937  21.876  -41.595  62.199 0.0000000000
63613  50.002  -13.105  35.240 0.0000000000
66266  48.041  -10.568  40.626 0.0000000000
65385  47.726  -11.236  40.739 0.0000000000
65384  48.192  -11.238  40.954 0.0000000000
64471  49.013  -12.051  40.963 0.0000000000
64480  49.379  -12.684  40.758 0.0000000000
62766  49.482  -13.958  40.345 0.0000000000
62751  48.916  -14.675  41.185 0.0000000000
115272  49.392  -13.751  40.837 0.0000000000
61958  48.925  -15.739  39.663 0.0000000000
58502  37.707  -19.740  46.871 0.0000000000
58501  38.185  -19.272  47.130 0.0000000000
58514  37.905  -19.058  46.540 0.0000000000
59368  39.011  -18.498  47.559 0.0000000000
59352  39.530  -18.890  48.142 0.0000000000
117521  40.465  -18.760  49.634 0.0000000000
128464  39.997  -19.438  50.651 0.0000000000
59325  40.420  -18.942  50.377 0.0000000000
60241  40.898  -18.620  49.878 0.0000000000
60212  41.489  -18.826  50.733 0.0000000000
128900  41.724  -19.117  51.027 0.0000000000
58433  42.092  -19.252  51.012 0.0000000000
56480  40.711  -21.582  52.913 0.0000000000
57414  41.083  -20.959  52.550 0.0000000000
57413  41.602  -20.844  52.315 0.0000000000
55597  42.544  -21.930  52.129 0.0000000000
56507  42.233  -20.948  51.969 0.0000000000
57433  41.817  -20.264  51.804 0.0000000000
57432  42.264  -20.267  51.559 0.0000000000
58432  42.375  -19.709  51.169 0.0000000000
57463  43.257  -20.317  50.459 0.0000000000
56546  43.451  -21.141  49.039 0.0000000000
55616  43.357  -22.051  49.600 0.0000000000
51552  43.096  -27.753  52.747 0.0000000000
51557  43.483  -27.419  52.144 0.0000000000
50768  42.686  -28.408  51.506 0.0000000000
51569  43.290  -27.344  51.362 0.0000000000
52356  43.343  -26.811  50.982 0.0000000000
39854  22.319  -41.551  62.026 0.0000000000
41763  29.157  -37.942  60.034 0.0000000000
42648  28.428  -37.902  60.221 0.0000000000
42649  27.659  -38.064  60.203 0.0000000000
42653  24.498  -38.743  60.535 0.0000000000
42668  30.940  -37.386  59.640 0.0000000000
43477  33.087  -36.645  59.608 0.0000000000
43479  31.793  -36.992  59.572 0.0000000000
43496  33.318  -36.683  59.615 0.0000000000
43497  25.017  -37.417  59.343 0.0000000000
43498  24.688  -37.527  59.385 0.0000000000
44242  29.652  -36.809  58.928 0.0000000000
44250  32.797  -36.041  59.547 0.0000000000
45057  31.458  -36.041  58.843 0.0000000000
45085  29.318  -36.163  57.674 0.0000000000
45955  38.792  -32.953  57.373 0.0000000000
46945  38.150  -33.158  57.458 0.0000000000
48992  41.944  -30.150  54.168 0.0000000000
49925  42.321  -28.519  51.043 0.0000000000
50759  43.013  -28.035  52.310 0.0000000000
51570  42.824  -27.829  50.989 0.0000000000
52334  42.263  -26.783  54.742 0.0000000000
53139  40.678  -25.903  54.973 0.0000000000
53924  41.033  -24.506  54.201 0.0000000000
54711  41.872  -23.503  53.497 0.0000000000
54734  39.670  -23.362  53.089 0.0000000000
55564  40.177  -23.217  53.558 0.0000000000
55579  42.531  -22.698  52.552 0.0000000000
56479  41.268  -21.471  52.764 0.0000000000
56506  42.818  -21.511  51.643 0.0000000000
56508  39.887  -21.852  52.680 0.0000000000
56540  38.726  -21.210  49.908 0.0000000000
57434  41.428  -20.419  51.986 0.0000000000
57448  43.142  -20.880  50.879 0.0000000000
57464  39.615  -20.176  50.689 0.0000000000
58420  42.042  -19.822  51.459 0.0000000000
58459  39.968  -19.223  49.785 0.0000000000
59305  41.517  -19.471  51.330 0.0000000000
59316  41.252  -19.114  51.079 0.0000000000
59351  39.718  -18.330  47.742 0.0000000000
60211  41.766  -18.769  50.722 0.0000000000
60225  41.222  -18.572  50.168 0.0000000000
60252  40.980  -17.717  48.490 0.0000000000
61012  42.389  -17.574  49.617 0.0000000000
61882  43.376  -15.701  47.252 0.0000000000
63612  50.573  -12.724  35.445 0.0000000000
66291  49.667  -9.470  37.679 0.0000000000
67153  49.831  -9.240  37.289 0.0000000000
67163  49.664  -8.917  36.351 0.0000000000
67956  49.495  -8.989  37.827 0.0000000000
67976  49.179  -8.595  37.023 0.0000000000
112561  26.967  -36.521  57.732 0.0000000000
115546  41.056  -31.617  54.521 0.0000000000
116508  41.791  -16.516  48.001 0.0000000000
116638  40.233  -20.551  51.687 0.0000000000
117694  40.455  -32.462  55.852 0.0000000000
118480  39.395  -32.829  57.067 0.0000000000
118521  44.373  -15.476  46.256 0.0000000000
121694  38.534  -18.624  46.981 0.0000000000
122037  43.674  -25.190  51.063 0.0000000000
122586  34.969  -35.941  59.036 0.0000000000
124117  31.443  -37.501  59.669 0.0000000000
127824  42.445  -17.158  49.135 0.0000000000
130151  41.848  -27.096  55.075 0.0000000000
131111  42.509  -29.220  53.055 0.0000000000
131698  50.500  -12.074  36.293 0.0000000000
131849  31.498  -37.199  59.623 0.0000000000
131991  37.643  -34.156  57.799 0.0000000000
132598  38.480  -21.718  50.085 0.0000000000
134259  40.765  -18.491  49.380 0.0000000000
