#!ascii label  , from subject bert vox2ras=TkReg
1038
47123  28.234  -32.544  42.816 0.0000000000
66355  36.253  -10.069  29.051 0.0000000000
133301  29.812  -21.590  35.061 0.0000000000
133569  10.444  -37.446  50.844 0.0000000000
52376  21.953  -26.684  47.551 0.0000000000
115810  30.250  -16.893  34.373 0.0000000000
44394  16.840  -35.025  47.287 0.0000000000
43568  14.587  -37.440  50.145 0.0000000000
47083  19.523  -33.024  46.730 0.0000000000
64588  40.254  -12.937  28.064 0.0000000000
50865  27.867  -28.472  42.867 0.0000000000
52467  29.008  -26.725  38.673 0.0000000000
49145  32.293  -30.809  43.206 0.0000000000
68812  39.274  -6.663  28.029 0.0000000000
132596  42.386  -9.729  25.630 0.0000000000
67194  32.904  -9.792  32.303 0.0000000000
62842  36.690  -14.959  31.053 0.0000000000
62031  32.918  -15.837  32.131 0.0000000000
57641  34.630  -20.811  34.477 0.0000000000
46137  25.993  -34.255  47.059 0.0000000000
39050  9.765  -41.471  53.315 0.0000000000
39053  5.765  -42.312  53.097 0.0000000000
39030  2.994  -41.082  55.804 0.0000000000
50011  24.734  -30.149  44.551 0.0000000000
49075  22.422  -30.900  47.870 0.0000000000
55715  26.006  -21.928  38.841 0.0000000000
54834  31.830  -23.545  40.384 0.0000000000
70519  44.292  -5.630  23.791 0.0000000000
65517  38.173  -11.852  28.125 0.0000000000
64566  37.660  -13.524  30.127 0.0000000000
116680  28.756  -30.640  42.412 0.0000000000
50038  29.508  -29.934  41.283 0.0000000000
47121  30.099  -32.607  43.121 0.0000000000
68806  36.026  -7.600  30.233 0.0000000000
69615  38.725  -5.821  30.212 0.0000000000
125430  37.522  -8.702  28.123 0.0000000000
66369  39.136  -10.403  27.185 0.0000000000
133211  3.369  -45.777  56.705 0.0000000000
63659  31.974  -12.926  32.008 0.0000000000
63643  31.340  -13.372  33.505 0.0000000000
58666  29.750  -19.407  34.326 0.0000000000
58678  31.013  -19.216  33.446 0.0000000000
56725  32.084  -21.730  34.459 0.0000000000
56676  32.748  -22.335  37.344 0.0000000000
125633  12.187  -36.546  49.780 0.0000000000
130622  13.889  -37.882  51.827 0.0000000000
41009  12.113  -39.237  51.356 0.0000000000
40983  11.378  -40.190  53.028 0.0000000000
41011  10.600  -39.733  51.154 0.0000000000
39984  6.546  -39.729  53.393 0.0000000000
128795  4.005  -40.787  54.546 0.0000000000
51629  23.545  -27.968  45.517 0.0000000000
49121  23.037  -30.468  45.012 0.0000000000
50000  21.647  -28.774  45.465 0.0000000000
43589  20.504  -36.393  48.636 0.0000000000
45242  21.231  -34.365  49.212 0.0000000000
117213  32.037  -26.212  41.838 0.0000000000
131008  30.948  -24.999  39.820 0.0000000000
121413  31.343  -14.469  35.179 0.0000000000
60377  29.329  -16.676  36.740 0.0000000000
135558  27.965  -18.133  36.426 0.0000000000
42828  18.248  -37.427  48.000 0.0000000000
130297  16.743  -38.659  50.878 0.0000000000
42830  15.533  -37.109  48.546 0.0000000000
44371  13.251  -35.490  49.050 0.0000000000
45230  11.431  -34.543  50.325 0.0000000000
50824  19.965  -28.916  46.978 0.0000000000
49077  18.553  -30.506  47.936 0.0000000000
45284  18.439  -34.467  46.506 0.0000000000
52415  27.093  -26.625  44.070 0.0000000000
52440  26.288  -25.867  41.362 0.0000000000
50887  28.591  -28.739  39.743 0.0000000000
50876  31.384  -28.847  41.195 0.0000000000
69635  41.515  -6.726  25.716 0.0000000000
68024  40.419  -8.593  26.338 0.0000000000
65538  40.740  -11.063  26.717 0.0000000000
131629  34.119  -9.897  30.514 0.0000000000
64580  35.715  -12.390  30.100 0.0000000000
64555  33.636  -12.483  31.121 0.0000000000
62043  34.228  -15.424  31.578 0.0000000000
60419  35.707  -17.577  33.328 0.0000000000
62021  31.145  -15.950  33.272 0.0000000000
59510  33.576  -18.319  32.827 0.0000000000
111564  26.745  -33.645  44.990 0.0000000000
46157  29.863  -33.489  45.096 0.0000000000
68797  35.152  -7.179  32.398 0.0000000000
42788  9.153  -37.456  52.631 0.0000000000
40999  8.550  -40.312  51.971 0.0000000000
38195  8.286  -42.388  53.368 0.0000000000
37327  7.374  -43.668  56.143 0.0000000000
36457  5.638  -44.605  55.378 0.0000000000
36458  3.822  -44.885  55.333 0.0000000000
38176  2.077  -42.955  55.577 0.0000000000
37320  0.833  -42.339  55.934 0.0000000000
48219  26.212  -31.715  43.717 0.0000000000
47093  24.675  -32.543  45.481 0.0000000000
47070  24.382  -32.311  47.376 0.0000000000
48167  21.195  -31.101  47.143 0.0000000000
56679  27.383  -21.707  37.130 0.0000000000
54062  26.547  -24.505  39.238 0.0000000000
54862  28.219  -24.083  37.956 0.0000000000
55737  30.454  -22.797  37.280 0.0000000000
111692  32.401  -32.720  45.836 0.0000000000
68046  46.183  -7.834  22.571 0.0000000000
68829  42.791  -7.335  24.537 0.0000000000
67236  44.786  -8.918  23.935 0.0000000000
65519  36.780  -10.780  28.734 0.0000000000
64591  37.622  -12.425  28.773 0.0000000000
65503  36.803  -11.890  29.180 0.0000000000
47143  28.113  -32.095  42.674 0.0000000000
48232  29.309  -31.687  42.432 0.0000000000
47122  29.312  -32.864  43.061 0.0000000000
67204  35.828  -9.139  29.435 0.0000000000
68006  36.421  -8.198  29.321 0.0000000000
67213  36.531  -9.163  28.774 0.0000000000
66361  37.419  -10.275  28.125 0.0000000000
35497  2.170  -46.011  56.981 0.0000000000
65440  31.700  -12.024  33.829 0.0000000000
64526  31.614  -13.085  34.701 0.0000000000
57632  29.199  -19.989  34.800 0.0000000000
57643  30.760  -20.759  34.033 0.0000000000
56726  31.086  -21.603  34.415 0.0000000000
56710  32.483  -22.173  35.251 0.0000000000
130232  30.671  -22.216  35.664 0.0000000000
42812  11.020  -37.185  50.438 0.0000000000
41929  12.684  -37.966  50.714 0.0000000000
41931  10.870  -37.959  50.653 0.0000000000
41010  11.493  -39.724  51.424 0.0000000000
41921  10.168  -38.178  50.891 0.0000000000
51615  23.143  -27.337  46.136 0.0000000000
51631  22.390  -27.742  45.319 0.0000000000
50822  21.243  -27.781  46.067 0.0000000000
135615  19.859  -37.466  49.658 0.0000000000
55674  26.252  -22.904  43.344 0.0000000000
117753  32.202  -25.313  41.995 0.0000000000
59475  28.558  -17.356  36.632 0.0000000000
59448  28.184  -17.199  37.593 0.0000000000
42838  17.561  -36.804  47.439 0.0000000000
134276  16.994  -37.779  48.449 0.0000000000
44380  16.199  -35.565  47.539 0.0000000000
45265  14.248  -34.382  48.418 0.0000000000
46113  13.151  -33.360  49.202 0.0000000000
45249  12.350  -34.530  49.416 0.0000000000
50788  19.173  -28.314  49.258 0.0000000000
126669  17.789  -33.818  48.575 0.0000000000
123597  18.045  -33.647  47.667 0.0000000000
44393  17.466  -35.467  46.961 0.0000000000
43601  18.475  -36.553  47.275 0.0000000000
51657  26.982  -27.597  42.294 0.0000000000
112285  27.947  -28.561  41.781 0.0000000000
49158  31.066  -30.880  42.076 0.0000000000
50036  30.872  -29.442  41.132 0.0000000000
50026  32.070  -29.498  42.289 0.0000000000
129786  32.338  -28.830  42.608 0.0000000000
50008  32.830  -29.339  43.772 0.0000000000
113047  38.875  -6.045  29.026 0.0000000000
68822  40.569  -7.062  26.473 0.0000000000
68818  39.504  -7.535  27.226 0.0000000000
65531  39.432  -11.463  27.335 0.0000000000
66368  39.954  -10.804  26.939 0.0000000000
65530  40.256  -11.713  27.162 0.0000000000
67202  33.753  -9.442  31.000 0.0000000000
65493  34.400  -11.455  30.576 0.0000000000
66347  33.146  -10.856  31.387 0.0000000000
62846  32.223  -14.313  31.972 0.0000000000
62845  33.055  -14.332  31.480 0.0000000000
62044  33.446  -15.246  31.700 0.0000000000
61199  35.017  -16.551  32.236 0.0000000000
113382  34.188  -17.061  32.265 0.0000000000
61185  30.497  -16.072  34.601 0.0000000000
62011  30.797  -15.598  33.955 0.0000000000
61193  30.669  -16.474  33.773 0.0000000000
58677  32.860  -19.748  33.183 0.0000000000
59511  32.612  -18.695  32.994 0.0000000000
124614  33.666  -19.206  33.069 0.0000000000
59501  35.062  -19.078  33.881 0.0000000000
46147  26.563  -34.200  46.397 0.0000000000
46146  28.142  -34.069  46.172 0.0000000000
67990  33.668  -8.736  33.367 0.0000000000
68000  33.976  -8.248  32.002 0.0000000000
67199  34.058  -8.525  31.221 0.0000000000
42808  15.404  -37.806  50.165 0.0000000000
42797  15.289  -38.763  51.859 0.0000000000
39993  10.395  -41.007  53.704 0.0000000000
39969  11.200  -40.332  54.881 0.0000000000
39035  10.132  -41.215  55.192 0.0000000000
119245  9.706  -41.764  54.803 0.0000000000
41898  8.703  -37.983  53.122 0.0000000000
41910  9.113  -38.461  52.201 0.0000000000
40984  7.954  -39.139  52.915 0.0000000000
39995  6.422  -40.815  52.899 0.0000000000
39051  7.232  -41.613  52.672 0.0000000000
38196  7.346  -42.518  53.083 0.0000000000
38185  7.834  -43.178  54.697 0.0000000000
130737  7.252  -43.376  54.265 0.0000000000
135559  6.890  -43.914  55.837 0.0000000000
37351  5.655  -43.866  53.858 0.0000000000
39039  3.462  -40.889  55.154 0.0000000000
38187  3.628  -43.159  54.415 0.0000000000
39040  2.952  -41.924  54.879 0.0000000000
37340  3.303  -44.144  55.022 0.0000000000
38160  2.363  -41.971  55.424 0.0000000000
49120  25.628  -30.578  44.832 0.0000000000
119568  26.686  -31.021  44.486 0.0000000000
49135  24.993  -30.945  44.248 0.0000000000
47127  25.476  -32.013  44.105 0.0000000000
48208  24.298  -31.060  44.467 0.0000000000
49102  22.618  -30.609  46.088 0.0000000000
48179  23.325  -31.192  46.070 0.0000000000
48166  23.490  -31.324  47.243 0.0000000000
127497  19.470  -31.431  46.717 0.0000000000
48180  19.936  -30.633  46.731 0.0000000000
47082  19.890  -32.215  46.799 0.0000000000
46109  21.485  -33.629  49.537 0.0000000000
63654  36.298  -14.351  30.588 0.0000000000
63668  36.670  -13.844  30.439 0.0000000000
62841  37.490  -14.715  31.481 0.0000000000
57595  26.070  -20.533  38.680 0.0000000000
58627  26.713  -19.781  37.393 0.0000000000
56680  26.604  -21.580  37.669 0.0000000000
52469  27.216  -26.448  39.244 0.0000000000
53247  26.193  -25.366  40.442 0.0000000000
53259  27.991  -25.910  38.647 0.0000000000
54823  31.627  -24.049  40.523 0.0000000000
54059  29.567  -24.759  38.580 0.0000000000
54850  30.925  -23.707  39.058 0.0000000000
55728  29.663  -23.680  37.744 0.0000000000
55712  31.275  -23.183  38.867 0.0000000000
55711  31.828  -22.745  38.984 0.0000000000
46143  31.130  -33.510  45.886 0.0000000000
69645  44.690  -6.315  23.233 0.0000000000
68027  41.664  -8.417  25.604 0.0000000000
68825  42.306  -7.616  25.040 0.0000000000
67232  42.734  -8.955  25.103 0.0000000000
67230  44.202  -9.506  24.385 0.0000000000
66384  45.287  -10.709  24.308 0.0000000000
134895  17.179  -33.695  48.994 0.0000000000
113174  15.834  -34.494  48.135 0.0000000000
65516  38.965  -12.131  27.882 0.0000000000
63689  39.977  -13.445  28.829 0.0000000000
63690  38.971  -13.410  29.111 0.0000000000
50028  28.427  -29.822  42.393 0.0000000000
134335  28.591  -29.613  41.664 0.0000000000
49174  29.000  -30.204  41.699 0.0000000000
48231  30.451  -31.401  42.244 0.0000000000
48217  31.766  -31.505  43.173 0.0000000000
69604  37.866  -6.181  31.907 0.0000000000
68799  37.076  -6.564  30.561 0.0000000000
68814  37.727  -7.189  28.804 0.0000000000
68013  38.111  -7.614  28.213 0.0000000000
68019  39.022  -8.542  27.374 0.0000000000
67218  38.601  -9.542  27.498 0.0000000000
66370  38.500  -10.410  27.528 0.0000000000
35485  4.289  -45.548  57.825 0.0000000000
67191  32.805  -9.805  33.102 0.0000000000
65478  32.482  -11.488  31.819 0.0000000000
65453  31.713  -11.616  33.023 0.0000000000
63648  31.550  -13.125  32.705 0.0000000000
131169  31.718  -14.297  32.386 0.0000000000
59503  29.728  -18.377  34.475 0.0000000000
117715  30.248  -18.151  33.917 0.0000000000
59502  30.290  -18.902  33.859 0.0000000000
57654  31.307  -20.162  33.528 0.0000000000
115747  32.664  -21.100  33.929 0.0000000000
56709  33.420  -22.066  35.511 0.0000000000
56692  33.613  -22.182  36.519 0.0000000000
46123  25.713  -34.187  48.814 0.0000000000
42810  13.662  -37.473  50.633 0.0000000000
117785  14.136  -37.789  51.482 0.0000000000
41918  13.502  -37.777  51.092 0.0000000000
131028  13.242  -38.188  51.492 0.0000000000
124733  12.763  -39.187  52.591 0.0000000000
40004  10.952  -40.402  52.340 0.0000000000
40005  10.345  -40.645  52.105 0.0000000000
40968  7.546  -38.636  53.817 0.0000000000
39972  6.098  -39.165  54.485 0.0000000000
39986  5.149  -40.338  53.942 0.0000000000
38186  5.162  -42.948  53.459 0.0000000000
39974  4.672  -40.191  54.785 0.0000000000
39038  4.272  -40.269  55.617 0.0000000000
39018  4.028  -39.899  56.505 0.0000000000
49998  24.254  -29.318  44.849 0.0000000000
50012  23.811  -29.559  44.550 0.0000000000
50013  23.036  -29.018  44.498 0.0000000000
49122  22.647  -29.593  44.776 0.0000000000
49103  22.055  -30.167  46.168 0.0000000000
44399  20.038  -34.951  46.788 0.0000000000
45261  20.678  -34.210  47.635 0.0000000000
44369  20.942  -35.742  49.031 0.0000000000
62028  36.618  -15.779  32.330 0.0000000000
115852  25.937  -22.015  40.630 0.0000000000
52451  31.277  -26.911  40.286 0.0000000000
53245  30.471  -25.617  39.317 0.0000000000
123025  31.739  -25.537  41.121 0.0000000000
54025  31.985  -24.616  41.442 0.0000000000
70506  43.468  -5.243  25.225 0.0000000000
114781  1.107  -45.465  55.496 0.0000000000
61996  31.522  -15.178  36.156 0.0000000000
61178  30.690  -15.637  35.524 0.0000000000
123104  29.831  -16.774  35.529 0.0000000000
128404  29.238  -18.056  35.152 0.0000000000
59490  28.582  -18.273  35.703 0.0000000000
56714  28.767  -20.566  35.361 0.0000000000
42805  18.309  -38.227  50.012 0.0000000000
42795  17.854  -38.571  50.916 0.0000000000
131520  17.749  -38.217  49.343 0.0000000000
42819  15.874  -37.688  49.205 0.0000000000
42820  15.031  -37.251  49.231 0.0000000000
44381  15.326  -35.522  48.083 0.0000000000
44382  14.492  -35.256  48.367 0.0000000000
43580  13.480  -36.434  49.325 0.0000000000
43581  12.699  -36.108  49.470 0.0000000000
44361  11.301  -35.497  50.112 0.0000000000
44362  10.877  -36.155  50.592 0.0000000000
50811  20.396  -27.501  47.348 0.0000000000
51599  19.845  -27.619  47.949 0.0000000000
49961  19.084  -29.378  47.777 0.0000000000
133133  18.958  -31.509  46.814 0.0000000000
48160  18.436  -31.323  48.092 0.0000000000
134754  18.690  -32.200  46.988 0.0000000000
46150  19.290  -33.710  46.429 0.0000000000
44390  19.816  -35.637  47.063 0.0000000000
42827  19.049  -37.414  48.406 0.0000000000
54016  26.856  -24.932  44.811 0.0000000000
54018  26.315  -24.081  43.435 0.0000000000
53224  26.557  -25.875  43.197 0.0000000000
51669  26.914  -27.321  41.282 0.0000000000
50896  28.546  -28.159  39.123 0.0000000000
50049  28.818  -29.245  40.469 0.0000000000
50886  29.564  -28.982  39.873 0.0000000000
51679  31.064  -27.668  40.301 0.0000000000
51655  31.900  -27.728  41.842 0.0000000000
51647  32.581  -27.496  43.303 0.0000000000
69630  41.192  -6.381  26.496 0.0000000000
68821  41.114  -7.541  25.869 0.0000000000
68023  41.019  -8.510  25.909 0.0000000000
68025  39.724  -8.520  26.793 0.0000000000
67222  40.899  -9.428  26.054 0.0000000000
66356  35.421  -10.285  29.582 0.0000000000
133064  36.119  -11.876  29.671 0.0000000000
65506  34.898  -10.924  30.147 0.0000000000
64569  35.231  -12.586  30.457 0.0000000000
63655  35.542  -14.105  30.574 0.0000000000
64556  32.693  -12.525  31.541 0.0000000000
116378  33.832  -13.953  31.184 0.0000000000
62832  35.976  -15.557  31.540 0.0000000000
62029  35.819  -16.126  32.277 0.0000000000
111675  36.304  -17.155  33.461 0.0000000000
134086  31.312  -13.744  34.367 0.0000000000
119751  31.156  -15.105  33.381 0.0000000000
61202  31.633  -16.220  32.775 0.0000000000
60422  31.269  -17.647  33.160 0.0000000000
60431  31.769  -17.031  32.787 0.0000000000
60430  32.540  -17.262  32.544 0.0000000000
60420  34.334  -17.853  32.744 0.0000000000
46178  27.411  -33.266  44.224 0.0000000000
46177  28.313  -33.244  43.895 0.0000000000
112804  28.454  -33.729  45.316 0.0000000000
119119  29.731  -34.055  46.842 0.0000000000
67998  35.182  -7.162  31.429 0.0000000000
68007  35.294  -8.392  30.054 0.0000000000
44346  10.620  -35.796  52.381 0.0000000000
43553  10.121  -36.384  52.829 0.0000000000
42813  9.942  -37.229  51.342 0.0000000000
41922  9.604  -38.829  51.329 0.0000000000
40020  9.324  -40.354  51.753 0.0000000000
39061  9.225  -41.433  52.526 0.0000000000
41000  7.835  -39.963  52.410 0.0000000000
126168  7.963  -41.387  52.464 0.0000000000
38194  9.038  -41.959  53.237 0.0000000000
38184  8.421  -42.714  54.272 0.0000000000
38158  8.617  -42.784  56.104 0.0000000000
130247  5.439  -44.956  57.056 0.0000000000
37352  4.672  -43.719  53.966 0.0000000000
116810  4.724  -44.863  55.411 0.0000000000
36444  4.765  -45.215  56.357 0.0000000000
35515  3.522  -45.286  55.864 0.0000000000
36459  3.037  -44.939  55.519 0.0000000000
36445  2.248  -44.859  55.827 0.0000000000
38148  2.048  -41.183  56.312 0.0000000000
38162  1.362  -42.605  55.782 0.0000000000
36446  1.409  -44.630  55.691 0.0000000000
48234  27.800  -31.692  42.806 0.0000000000
49148  26.571  -31.410  43.821 0.0000000000
47125  26.615  -32.094  43.394 0.0000000000
46179  26.494  -32.979  44.297 0.0000000000
122913  25.879  -32.969  44.736 0.0000000000
46148  25.746  -33.765  46.158 0.0000000000
48192  23.755  -31.206  44.999 0.0000000000
47081  24.396  -32.499  46.423 0.0000000000
46138  25.159  -33.677  47.222 0.0000000000
49986  20.485  -29.011  46.366 0.0000000000
49104  21.361  -29.917  46.222 0.0000000000
49076  21.870  -30.832  47.424 0.0000000000
47062  20.979  -32.677  48.220 0.0000000000
122750  21.493  -31.896  48.740 0.0000000000
48158  22.519  -31.343  48.726 0.0000000000
64567  36.890  -13.357  30.158 0.0000000000
59450  27.400  -17.973  37.965 0.0000000000
58638  27.264  -19.742  36.663 0.0000000000
56696  28.434  -21.196  35.966 0.0000000000
54036  25.892  -24.258  41.697 0.0000000000
54837  26.037  -23.605  40.446 0.0000000000
54853  26.274  -23.637  39.460 0.0000000000
122954  28.877  -25.320  38.557 0.0000000000
54073  27.682  -24.456  38.283 0.0000000000
55730  26.829  -23.112  38.015 0.0000000000
55740  27.020  -22.514  37.576 0.0000000000
55754  28.811  -22.649  36.855 0.0000000000
55753  29.672  -22.548  36.620 0.0000000000
55736  31.175  -22.545  37.097 0.0000000000
46175  29.808  -33.151  44.347 0.0000000000
121927  31.542  -32.494  44.402 0.0000000000
48206  32.458  -31.883  44.358 0.0000000000
48176  33.685  -31.896  46.552 0.0000000000
49115  33.436  -30.923  45.064 0.0000000000
69656  46.330  -6.089  21.958 0.0000000000
69637  42.906  -6.278  24.531 0.0000000000
69641  43.482  -6.547  23.983 0.0000000000
67231  43.377  -9.199  24.748 0.0000000000
68029  43.843  -8.631  24.208 0.0000000000
68832  44.480  -7.114  23.271 0.0000000000
68047  45.587  -7.916  22.978 0.0000000000
67247  46.541  -9.303  22.958 0.0000000000
65504  36.133  -11.066  29.310 0.0000000000
47142  28.739  -32.219  42.596 0.0000000000
66362  36.783  -9.905  28.518 0.0000000000
56713  29.467  -20.917  34.863 0.0000000000
56727  30.225  -21.272  34.559 0.0000000000
56712  30.493  -21.879  35.051 0.0000000000
51607  22.736  -26.868  47.168 0.0000000000
51616  22.320  -27.096  46.333 0.0000000000
52386  21.927  -26.822  46.948 0.0000000000
42804  19.862  -37.687  50.348 0.0000000000
42794  19.958  -37.923  51.121 0.0000000000
54807  26.458  -23.229  44.324 0.0000000000
43602  17.030  -36.026  47.176 0.0000000000
43592  16.627  -36.740  47.565 0.0000000000
45263  17.248  -34.046  48.095 0.0000000000
45277  17.371  -34.622  47.136 0.0000000000
51656  27.512  -28.014  42.572 0.0000000000
49157  31.724  -30.932  42.583 0.0000000000
121352  31.654  -30.265  42.040 0.0000000000
49156  32.201  -30.179  42.738 0.0000000000
50019  32.517  -29.407  43.010 0.0000000000
49144  32.664  -30.097  43.405 0.0000000000
69623  39.744  -5.799  28.808 0.0000000000
134184  39.762  -6.848  27.508 0.0000000000
68817  40.177  -6.821  27.159 0.0000000000
64606  39.790  -12.327  27.638 0.0000000000
64605  40.575  -12.461  27.441 0.0000000000
36422  5.429  -44.866  58.175 0.0000000000
124139  33.221  -9.984  31.537 0.0000000000
66353  33.674  -10.322  30.928 0.0000000000
62045  32.552  -15.041  31.976 0.0000000000
61200  34.006  -16.033  32.004 0.0000000000
58676  33.728  -20.104  33.429 0.0000000000
58665  34.387  -20.310  33.869 0.0000000000
45274  26.870  -34.501  47.239 0.0000000000
67193  33.224  -9.104  32.811 0.0000000000
67993  33.790  -8.468  32.683 0.0000000000
67200  33.466  -9.027  31.877 0.0000000000
112565  14.981  -37.980  51.067 0.0000000000
134041  10.181  -41.085  53.130 0.0000000000
39043  10.028  -41.393  54.291 0.0000000000
39044  9.442  -41.906  54.044 0.0000000000
41899  8.190  -38.366  53.495 0.0000000000
39052  6.494  -41.945  52.831 0.0000000000
38197  6.587  -42.735  53.125 0.0000000000
37349  6.978  -43.179  53.580 0.0000000000
37350  6.583  -43.666  54.135 0.0000000000
37361  6.159  -43.250  53.398 0.0000000000
38175  2.686  -43.080  55.047 0.0000000000
49997  25.063  -29.763  45.135 0.0000000000
49134  25.628  -30.903  44.281 0.0000000000
116965  24.120  -30.334  44.483 0.0000000000
49088  22.893  -30.941  47.123 0.0000000000
48157  23.270  -31.301  48.161 0.0000000000
57586  26.117  -20.706  39.714 0.0000000000
57587  25.956  -21.308  39.006 0.0000000000
56668  26.115  -21.404  38.346 0.0000000000
52468  28.087  -26.564  38.746 0.0000000000
54835  31.356  -23.913  39.743 0.0000000000
55713  30.444  -23.710  38.353 0.0000000000
55698  31.609  -23.381  39.577 0.0000000000
122130  31.836  -22.972  39.431 0.0000000000
70518  44.840  -4.940  24.067 0.0000000000
70525  44.846  -5.603  23.382 0.0000000000
119916  42.206  -9.156  25.524 0.0000000000
68026  42.286  -8.387  25.248 0.0000000000
45245  17.729  -33.856  49.398 0.0000000000
45226  17.566  -34.009  50.278 0.0000000000
64590  38.483  -12.763  28.546 0.0000000000
64577  38.019  -13.170  29.344 0.0000000000
130720  29.254  -30.956  42.159 0.0000000000
47141  29.506  -32.338  42.709 0.0000000000
135339  29.893  -31.760  42.424 0.0000000000
47140  30.380  -32.046  42.703 0.0000000000
48230  31.141  -31.603  42.579 0.0000000000
131174  31.076  -32.217  43.297 0.0000000000
68800  36.451  -6.721  30.774 0.0000000000
69610  36.888  -6.408  31.223 0.0000000000
68805  36.707  -7.176  29.926 0.0000000000
68015  36.981  -8.453  28.523 0.0000000000
68815  37.105  -7.617  29.042 0.0000000000
68014  37.577  -7.982  28.371 0.0000000000
68020  38.238  -8.495  27.872 0.0000000000
66371  38.111  -10.107  27.724 0.0000000000
66360  38.050  -10.891  27.870 0.0000000000
65532  38.690  -11.193  27.627 0.0000000000
35496  3.868  -45.789  57.110 0.0000000000
66339  32.431  -10.515  33.366 0.0000000000
66340  31.992  -10.902  33.018 0.0000000000
65452  32.054  -11.231  33.603 0.0000000000
64533  31.436  -12.830  34.073 0.0000000000
64540  31.485  -12.515  33.317 0.0000000000
116224  31.430  -13.896  32.814 0.0000000000
57642  31.690  -21.008  33.911 0.0000000000
56724  33.101  -21.673  34.606 0.0000000000
55751  31.982  -22.397  35.888 0.0000000000
56693  32.734  -22.387  36.198 0.0000000000
66338  33.043  -10.106  33.900 0.0000000000
43570  12.962  -36.987  49.878 0.0000000000
115153  12.997  -37.576  50.382 0.0000000000
41919  12.393  -38.638  51.029 0.0000000000
41909  12.846  -38.849  51.900 0.0000000000
40996  12.217  -39.513  52.020 0.0000000000
40018  10.852  -40.233  51.674 0.0000000000
40019  10.065  -40.323  51.527 0.0000000000
39973  5.424  -39.573  54.971 0.0000000000
39985  5.772  -39.991  53.685 0.0000000000
39017  4.520  -39.923  56.341 0.0000000000
51614  23.842  -27.805  46.338 0.0000000000
50821  24.247  -28.374  45.935 0.0000000000
50835  24.666  -29.015  45.487 0.0000000000
50836  23.909  -28.658  45.149 0.0000000000
50848  23.617  -28.946  44.638 0.0000000000
50837  23.253  -28.368  44.839 0.0000000000
50838  21.844  -28.125  45.375 0.0000000000
49999  22.278  -28.819  44.937 0.0000000000
49984  21.956  -29.464  45.526 0.0000000000
43599  20.188  -36.096  47.802 0.0000000000
44379  20.477  -35.166  47.485 0.0000000000
56625  26.249  -21.214  41.393 0.0000000000
55691  25.888  -22.782  40.999 0.0000000000
52437  31.635  -26.532  41.097 0.0000000000
52438  31.339  -26.114  40.531 0.0000000000
119922  32.574  -25.157  42.675 0.0000000000
54024  32.415  -24.503  42.222 0.0000000000
60389  29.845  -16.406  36.265 0.0000000000
60403  29.636  -17.511  35.025 0.0000000000
60390  29.262  -17.240  35.830 0.0000000000
58651  28.523  -19.488  35.406 0.0000000000
58637  27.848  -19.022  36.083 0.0000000000
114671  18.563  -37.924  48.974 0.0000000000
123121  16.356  -37.443  48.317 0.0000000000
125286  14.997  -34.521  48.349 0.0000000000
44383  13.761  -34.823  48.556 0.0000000000
44370  14.016  -35.846  48.774 0.0000000000
44373  11.805  -34.947  49.694 0.0000000000
44352  10.985  -35.194  50.884 0.0000000000
126087  20.481  -27.011  48.269 0.0000000000
51589  19.690  -27.544  48.791 0.0000000000
49949  18.873  -29.272  48.720 0.0000000000
49092  18.875  -30.197  47.453 0.0000000000
48169  18.654  -31.151  47.247 0.0000000000
45276  18.002  -34.128  46.865 0.0000000000
128357  18.491  -33.278  46.965 0.0000000000
46151  18.671  -33.839  46.536 0.0000000000
47084  18.966  -33.040  46.712 0.0000000000
45283  19.001  -34.400  46.296 0.0000000000
44400  19.412  -35.080  46.506 0.0000000000
44401  18.651  -35.113  46.453 0.0000000000
43591  19.012  -36.961  47.867 0.0000000000
131765  19.201  -37.853  49.799 0.0000000000
53216  26.871  -25.817  44.097 0.0000000000
127625  26.816  -26.344  43.634 0.0000000000
51668  27.423  -28.041  41.246 0.0000000000
51682  27.242  -27.484  40.453 0.0000000000
51681  27.784  -28.037  39.854 0.0000000000
50039  28.979  -29.628  41.139 0.0000000000
50048  29.564  -29.516  40.721 0.0000000000
50046  30.825  -28.804  40.792 0.0000000000
50047  30.251  -29.184  40.616 0.0000000000
50894  29.870  -28.210  39.414 0.0000000000
50884  31.176  -28.233  40.786 0.0000000000
121960  31.627  -28.211  41.315 0.0000000000
50854  32.622  -28.509  43.352 0.0000000000
50863  32.280  -28.036  42.579 0.0000000000
69607  39.234  -5.664  31.313 0.0000000000
69626  41.813  -5.691  27.577 0.0000000000
125544  40.627  -7.928  26.204 0.0000000000
67224  39.340  -9.384  26.986 0.0000000000
66375  40.413  -10.176  26.481 0.0000000000
66374  41.238  -10.440  26.248 0.0000000000
66357  34.660  -10.026  30.065 0.0000000000
64571  33.910  -11.821  30.893 0.0000000000
64570  34.530  -12.369  30.730 0.0000000000
64553  35.126  -13.291  30.647 0.0000000000
64554  34.213  -13.225  31.031 0.0000000000
64557  32.091  -12.192  31.979 0.0000000000
62844  33.971  -14.735  31.277 0.0000000000
62833  34.853  -15.187  31.244 0.0000000000
62030  34.977  -15.804  31.823 0.0000000000
60428  35.063  -17.341  32.720 0.0000000000
60427  35.851  -16.780  32.884 0.0000000000
63622  31.787  -13.616  35.219 0.0000000000
62033  31.514  -15.422  32.767 0.0000000000
59513  30.786  -18.320  33.488 0.0000000000
59512  31.585  -18.526  33.163 0.0000000000
60421  32.060  -17.842  32.894 0.0000000000
59518  32.807  -17.940  32.752 0.0000000000
60429  33.420  -17.561  32.488 0.0000000000
114821  28.147  -33.537  44.642 0.0000000000
46159  27.640  -33.780  45.164 0.0000000000
45272  28.493  -34.274  46.972 0.0000000000
46136  28.988  -34.093  46.645 0.0000000000
121730  35.836  -6.704  32.014 0.0000000000
67206  34.464  -9.069  30.388 0.0000000000
68003  34.724  -7.948  30.816 0.0000000000
67205  35.086  -9.386  29.804 0.0000000000
41917  17.699  -39.063  51.628 0.0000000000
112622  17.003  -39.081  51.392 0.0000000000
40967  11.745  -39.884  54.588 0.0000000000
44345  11.127  -35.136  51.933 0.0000000000
42775  9.565  -36.758  53.221 0.0000000000
43547  9.745  -36.138  53.716 0.0000000000
42787  9.665  -36.971  52.244 0.0000000000
42799  9.519  -37.843  51.682 0.0000000000
132320  8.369  -39.579  52.267 0.0000000000
40998  9.061  -39.502  51.832 0.0000000000
40007  8.736  -41.086  52.077 0.0000000000
40985  7.277  -39.448  53.133 0.0000000000
38208  7.892  -42.035  52.758 0.0000000000
39062  8.532  -41.771  52.684 0.0000000000
38183  8.875  -42.301  53.912 0.0000000000
38173  7.916  -43.234  55.645 0.0000000000
36456  6.420  -44.219  55.612 0.0000000000
37328  6.692  -44.046  56.497 0.0000000000
36442  5.989  -44.603  56.256 0.0000000000
39046  4.654  -41.449  53.640 0.0000000000
129032  4.326  -42.645  53.842 0.0000000000
37353  4.214  -44.341  54.657 0.0000000000
35514  4.139  -45.296  55.954 0.0000000000
37341  2.502  -44.035  55.548 0.0000000000
38149  1.447  -41.599  56.123 0.0000000000
37330  1.020  -43.433  55.703 0.0000000000
49149  25.740  -31.313  44.039 0.0000000000
48218  27.019  -31.802  43.229 0.0000000000
47109  26.372  -32.410  43.800 0.0000000000
47126  25.985  -32.017  43.789 0.0000000000
47111  25.191  -32.396  44.633 0.0000000000
47092  25.392  -33.102  45.381 0.0000000000
49136  23.360  -29.895  44.514 0.0000000000
48209  23.709  -30.574  44.609 0.0000000000
48178  23.938  -31.778  46.773 0.0000000000
48191  23.988  -31.935  45.673 0.0000000000
118417  24.697  -32.942  47.042 0.0000000000
47069  24.703  -32.910  47.872 0.0000000000
50812  19.883  -28.231  47.402 0.0000000000
50823  20.521  -28.176  46.638 0.0000000000
48168  20.285  -31.284  46.798 0.0000000000
49091  20.813  -30.546  46.627 0.0000000000
49090  21.611  -30.551  46.701 0.0000000000
46125  20.663  -33.378  47.746 0.0000000000
45260  21.038  -33.696  48.578 0.0000000000
47053  21.891  -32.845  49.812 0.0000000000
47061  21.396  -32.749  49.122 0.0000000000
126907  21.791  -32.155  49.421 0.0000000000
48159  21.781  -31.148  48.240 0.0000000000
64579  36.433  -12.622  29.819 0.0000000000
64568  36.154  -13.189  30.189 0.0000000000
58616  26.686  -18.710  38.698 0.0000000000
57605  26.950  -20.711  37.179 0.0000000000
56697  27.686  -20.918  36.565 0.0000000000
53225  26.236  -25.477  42.297 0.0000000000
54027  26.048  -24.603  42.406 0.0000000000
53235  25.945  -25.035  41.485 0.0000000000
53261  26.518  -25.255  39.412 0.0000000000
54049  26.252  -24.464  39.962 0.0000000000
54048  30.182  -24.999  39.091 0.0000000000
54852  28.894  -24.496  38.215 0.0000000000
54863  27.159  -23.809  38.163 0.0000000000
55729  27.733  -23.367  37.689 0.0000000000
55738  29.653  -23.131  37.311 0.0000000000
112301  28.719  -23.313  37.379 0.0000000000
55752  30.481  -22.470  36.431 0.0000000000
56667  31.840  -22.596  38.383 0.0000000000
46158  29.012  -33.500  44.685 0.0000000000
46176  29.103  -33.110  43.743 0.0000000000
47091  31.696  -32.915  45.417 0.0000000000
47090  32.412  -32.388  45.111 0.0000000000
48189  33.595  -31.351  45.677 0.0000000000
49114  33.771  -30.310  45.584 0.0000000000
69643  45.807  -6.326  22.428 0.0000000000
68841  46.248  -7.000  22.200 0.0000000000
69629  42.053  -5.794  26.608 0.0000000000
69638  42.266  -6.685  24.982 0.0000000000
68828  43.233  -7.034  24.102 0.0000000000
67229  45.089  -9.803  24.143 0.0000000000
68033  44.358  -7.968  23.643 0.0000000000
68831  45.003  -7.696  23.189 0.0000000000
68032  45.243  -8.403  23.363 0.0000000000
65518  37.437  -11.398  28.403 0.0000000000
64578  37.189  -12.878  29.566 0.0000000000
48233  28.628  -31.518  42.605 0.0000000000
132905  35.879  -8.345  29.713 0.0000000000
67212  37.106  -9.287  28.206 0.0000000000
122070  3.064  -45.921  57.178 0.0000000000
65439  32.349  -11.652  34.430 0.0000000000
64532  31.903  -12.419  34.620 0.0000000000
56728  29.928  -20.397  34.338 0.0000000000
56711  31.426  -22.148  35.211 0.0000000000
56694  31.957  -22.506  36.740 0.0000000000
42811  12.074  -37.325  50.101 0.0000000000
41930  11.692  -38.056  50.511 0.0000000000
41920  11.233  -38.903  50.875 0.0000000000
115469  10.257  -39.103  51.004 0.0000000000
119469  5.566  -39.176  55.922 0.0000000000
51630  22.941  -27.729  45.270 0.0000000000
114247  22.567  -27.431  45.716 0.0000000000
51632  21.908  -27.500  45.776 0.0000000000
49985  21.109  -28.464  45.905 0.0000000000
43578  20.206  -37.044  49.153 0.0000000000
42803  20.438  -37.165  49.956 0.0000000000
55683  26.111  -22.596  42.147 0.0000000000
52414  32.703  -26.552  43.286 0.0000000000
53223  32.467  -25.962  42.608 0.0000000000
133703  28.875  -16.827  37.310 0.0000000000
59461  27.759  -17.701  37.020 0.0000000000
113831  17.620  -37.930  48.582 0.0000000000
42829  17.224  -37.475  47.963 0.0000000000
114477  15.766  -36.518  47.986 0.0000000000
46127  14.544  -33.649  48.701 0.0000000000
46112  13.975  -33.006  49.150 0.0000000000
46128  13.737  -33.811  48.617 0.0000000000
45248  13.018  -34.437  49.011 0.0000000000
49950  18.629  -30.047  48.593 0.0000000000
46126  18.200  -33.372  48.794 0.0000000000
44402  17.926  -34.934  46.674 0.0000000000
44392  18.190  -35.753  46.791 0.0000000000
123117  17.747  -36.167  47.089 0.0000000000
52424  26.797  -26.815  43.011 0.0000000000
52423  27.203  -27.369  43.390 0.0000000000
116514  28.088  -28.699  40.675 0.0000000000
49172  30.371  -30.719  41.740 0.0000000000
50037  30.195  -29.932  41.221 0.0000000000
49171  30.990  -30.198  41.521 0.0000000000
50027  31.567  -29.558  41.552 0.0000000000
50864  31.915  -28.681  41.885 0.0000000000
50007  33.241  -29.381  44.474 0.0000000000
69624  38.112  -6.485  29.431 0.0000000000
115164  39.440  -5.605  29.620 0.0000000000
69631  40.927  -6.284  27.301 0.0000000000
68823  40.132  -7.746  26.625 0.0000000000
66376  39.743  -10.014  26.769 0.0000000000
65529  41.028  -11.921  26.987 0.0000000000
66352  34.239  -10.619  30.505 0.0000000000
65494  33.769  -11.129  30.915 0.0000000000
63658  32.467  -13.545  31.676 0.0000000000
62004  30.864  -15.289  34.830 0.0000000000
125188  31.909  -19.470  33.212 0.0000000000
59509  34.592  -18.642  33.239 0.0000000000
58675  34.520  -19.573  33.503 0.0000000000
135533  26.427  -33.890  45.707 0.0000000000
46160  27.113  -34.077  45.791 0.0000000000
45281  27.299  -34.293  46.527 0.0000000000
45273  27.798  -34.409  47.072 0.0000000000
67189  33.960  -8.859  34.102 0.0000000000
67989  34.285  -8.221  33.473 0.0000000000
67992  34.459  -7.827  32.633 0.0000000000
67999  34.515  -7.712  31.735 0.0000000000
42807  16.314  -38.186  50.099 0.0000000000
115651  16.154  -39.142  51.556 0.0000000000
42796  15.767  -38.508  50.981 0.0000000000
39982  11.105  -40.423  53.943 0.0000000000
39983  10.621  -40.843  54.615 0.0000000000
39036  9.667  -41.855  55.662 0.0000000000
42776  8.867  -37.011  53.551 0.0000000000
41911  8.565  -38.844  52.619 0.0000000000
39994  7.264  -40.564  52.620 0.0000000000
117893  7.724  -42.975  53.843 0.0000000000
37339  7.070  -43.715  55.117 0.0000000000
36466  6.124  -44.178  54.713 0.0000000000
38174  3.712  -41.774  54.259 0.0000000000
48220  25.563  -31.558  44.000 0.0000000000
48221  24.961  -31.606  44.286 0.0000000000
120062  24.407  -31.838  44.818 0.0000000000
48165  24.028  -31.625  47.830 0.0000000000
47060  24.404  -32.228  48.191 0.0000000000
49975  19.452  -29.665  47.152 0.0000000000
49987  19.992  -29.486  46.738 0.0000000000
125758  20.561  -31.790  47.123 0.0000000000
45224  21.542  -34.546  50.034 0.0000000000
64552  35.889  -13.670  30.404 0.0000000000
63653  37.336  -14.382  30.922 0.0000000000
58610  26.286  -19.609  39.246 0.0000000000
58617  26.349  -19.644  38.206 0.0000000000
57606  26.329  -20.594  37.843 0.0000000000
52455  26.477  -26.197  40.594 0.0000000000
53246  26.616  -26.044  39.755 0.0000000000
53260  27.067  -25.757  38.933 0.0000000000
54047  31.131  -24.499  39.813 0.0000000000
54836  30.592  -24.327  39.149 0.0000000000
54851  30.086  -24.230  38.492 0.0000000000
54861  29.393  -24.095  38.017 0.0000000000
117059  28.727  -23.809  37.708 0.0000000000
55727  30.646  -23.228  38.015 0.0000000000
128662  31.408  -22.937  38.467 0.0000000000
46144  30.420  -33.842  46.350 0.0000000000
128687  30.323  -33.612  45.627 0.0000000000
47079  31.909  -33.131  46.292 0.0000000000
69644  45.268  -5.988  22.849 0.0000000000
68842  45.379  -7.049  22.781 0.0000000000
68826  41.805  -7.686  25.444 0.0000000000
124625  41.935  -7.024  25.324 0.0000000000
68030  42.957  -8.299  24.695 0.0000000000
67235  45.691  -9.304  23.490 0.0000000000
66390  45.852  -10.208  23.815 0.0000000000
45264  16.562  -34.256  48.021 0.0000000000
45246  16.609  -33.689  49.151 0.0000000000
47054  18.485  -32.678  49.553 0.0000000000
64589  39.397  -12.925  28.323 0.0000000000
131950  28.229  -29.103  42.147 0.0000000000
49173  29.694  -30.536  41.610 0.0000000000
48248  29.825  -31.200  42.063 0.0000000000
69609  37.463  -6.254  31.220 0.0000000000
112391  37.816  -6.319  30.427 0.0000000000
68804  37.365  -6.829  29.680 0.0000000000
68813  38.410  -6.874  28.468 0.0000000000
68819  38.733  -7.622  27.784 0.0000000000
67219  37.876  -9.416  27.902 0.0000000000
36434  4.630  -45.490  57.113 0.0000000000
66343  32.396  -10.407  32.693 0.0000000000
66348  32.617  -10.558  31.988 0.0000000000
131845  32.102  -11.066  32.470 0.0000000000
65464  31.931  -11.712  32.329 0.0000000000
64546  31.700  -12.330  32.547 0.0000000000
62847  31.837  -13.695  32.203 0.0000000000
62834  31.862  -14.899  32.329 0.0000000000
60413  30.042  -17.613  34.372 0.0000000000
57655  30.468  -19.839  33.849 0.0000000000
57653  32.243  -20.378  33.456 0.0000000000
57652  33.057  -20.490  33.539 0.0000000000
119816  33.696  -20.934  34.028 0.0000000000
56708  34.303  -21.851  35.821 0.0000000000
56691  34.486  -21.858  36.770 0.0000000000
114411  25.673  -34.306  47.891 0.0000000000
45259  26.569  -34.579  48.219 0.0000000000
43569  13.875  -37.067  50.065 0.0000000000
42809  14.302  -37.625  50.938 0.0000000000
40997  11.539  -39.994  52.211 0.0000000000
39992  10.639  -40.727  52.942 0.0000000000
39060  9.956  -41.074  52.622 0.0000000000
40969  6.835  -38.890  54.119 0.0000000000
39045  5.670  -41.138  53.224 0.0000000000
39958  5.072  -39.791  55.977 0.0000000000
39029  3.757  -40.352  56.034 0.0000000000
114141  3.241  -40.375  56.534 0.0000000000
50849  22.629  -28.230  44.892 0.0000000000
116585  22.394  -30.063  45.391 0.0000000000
49089  22.238  -30.739  46.895 0.0000000000
128490  20.124  -34.007  46.668 0.0000000000
46139  20.318  -33.646  47.006 0.0000000000
45275  20.296  -34.389  46.923 0.0000000000
45243  20.946  -34.876  48.482 0.0000000000
43577  20.813  -36.518  49.496 0.0000000000
44368  21.196  -35.052  49.367 0.0000000000
62831  37.065  -15.225  31.822 0.0000000000
56635  26.086  -21.295  40.418 0.0000000000
56654  25.907  -21.843  39.634 0.0000000000
52466  30.014  -26.527  38.970 0.0000000000
52452  30.888  -26.306  39.721 0.0000000000
53234  31.219  -25.480  40.198 0.0000000000
54035  31.528  -24.696  40.618 0.0000000000
70514  43.634  -5.800  24.228 0.0000000000
66380  42.563  -10.253  25.774 0.0000000000
62806  32.379  -14.065  35.859 0.0000000000
62003  31.210  -15.093  35.555 0.0000000000
60402  30.195  -16.442  35.169 0.0000000000
61166  30.290  -16.079  35.923 0.0000000000
135267  29.985  -17.098  34.926 0.0000000000
58650  29.138  -18.936  34.945 0.0000000000
113378  19.064  -38.266  50.737 0.0000000000
42806  17.310  -38.410  50.081 0.0000000000
128806  16.867  -37.998  49.128 0.0000000000
43593  14.869  -36.367  48.478 0.0000000000
43579  14.272  -36.771  49.260 0.0000000000
44372  12.494  -35.232  49.359 0.0000000000
43582  11.968  -35.786  49.733 0.0000000000
43571  11.504  -36.428  50.054 0.0000000000
43572  10.381  -36.697  51.003 0.0000000000
51608  21.203  -26.950  47.348 0.0000000000
120383  19.509  -28.913  47.479 0.0000000000
50799  19.341  -28.406  48.148 0.0000000000
128148  19.202  -30.670  46.916 0.0000000000
116689  19.170  -32.204  46.698 0.0000000000
47073  18.335  -32.765  47.613 0.0000000000
129518  18.396  -31.873  47.508 0.0000000000
46149  19.892  -33.654  46.598 0.0000000000
45282  19.773  -34.315  46.485 0.0000000000
44391  19.029  -35.861  46.773 0.0000000000
43600  19.428  -36.399  47.434 0.0000000000
43590  19.760  -36.882  48.301 0.0000000000
42818  19.487  -37.507  49.019 0.0000000000
54017  26.549  -25.021  43.880 0.0000000000
54026  26.311  -25.036  43.072 0.0000000000
131103  26.683  -27.036  42.039 0.0000000000
52425  26.504  -26.341  42.213 0.0000000000
52439  26.592  -26.646  41.295 0.0000000000
52454  26.892  -26.786  40.313 0.0000000000
52453  27.431  -27.173  39.524 0.0000000000
51693  28.238  -27.421  38.879 0.0000000000
50877  28.400  -29.181  41.254 0.0000000000
50895  29.192  -28.444  39.257 0.0000000000
51692  29.378  -27.594  38.880 0.0000000000
51680  30.538  -27.369  39.540 0.0000000000
51667  31.519  -27.467  41.043 0.0000000000
118440  31.874  -26.980  41.670 0.0000000000
51654  32.205  -26.988  42.501 0.0000000000
132382  42.422  -5.470  27.431 0.0000000000
131144  41.543  -9.069  25.775 0.0000000000
67223  40.076  -9.337  26.538 0.0000000000
66381  41.858  -9.830  25.868 0.0000000000
65505  35.548  -11.391  29.839 0.0000000000
65492  35.068  -11.856  30.319 0.0000000000
62843  35.655  -14.841  30.819 0.0000000000
65477  33.258  -11.707  31.266 0.0000000000
63657  33.290  -13.343  31.301 0.0000000000
63656  34.711  -14.187  30.910 0.0000000000
61198  36.375  -16.244  32.786 0.0000000000
62010  31.000  -14.723  34.194 0.0000000000
62822  31.222  -14.244  33.509 0.0000000000
62835  31.429  -14.650  32.810 0.0000000000
62032  32.079  -15.647  32.373 0.0000000000
60423  30.572  -17.428  33.678 0.0000000000
61192  31.152  -16.794  33.205 0.0000000000
61201  32.294  -16.444  32.449 0.0000000000
123746  33.199  -16.709  32.236 0.0000000000
111714  35.051  -17.964  33.204 0.0000000000
46191  27.804  -32.839  43.313 0.0000000000
46190  28.585  -32.952  43.127 0.0000000000
46145  29.374  -33.808  45.855 0.0000000000
68801  35.808  -6.823  31.090 0.0000000000
68002  35.383  -7.500  30.679 0.0000000000
42782  16.653  -39.406  52.055 0.0000000000
42798  14.655  -38.175  51.727 0.0000000000
44353  10.646  -35.900  51.417 0.0000000000
43561  10.155  -36.466  51.839 0.0000000000
41012  9.807  -39.691  51.309 0.0000000000
40006  9.593  -40.871  51.991 0.0000000000
40008  8.044  -40.755  52.206 0.0000000000
38171  9.127  -42.289  54.787 0.0000000000
39037  9.066  -42.425  55.637 0.0000000000
38172  8.523  -42.804  55.187 0.0000000000
36467  5.167  -44.397  54.532 0.0000000000
36443  5.321  -44.902  56.066 0.0000000000
35504  4.251  -45.563  56.581 0.0000000000
35505  3.681  -45.604  56.378 0.0000000000
35506  2.874  -45.586  56.246 0.0000000000
35507  1.831  -45.593  56.098 0.0000000000
38147  2.482  -41.167  56.147 0.0000000000
38161  1.836  -41.963  55.726 0.0000000000
133728  1.655  -42.779  55.741 0.0000000000
37329  1.763  -43.723  55.861 0.0000000000
53215  27.238  -25.894  44.808 0.0000000000
49159  28.292  -31.018  42.834 0.0000000000
47124  27.447  -32.227  42.956 0.0000000000
46192  26.991  -32.628  43.591 0.0000000000
47110  25.886  -32.462  44.189 0.0000000000
134408  26.302  -33.269  44.819 0.0000000000
46161  26.066  -33.480  45.276 0.0000000000
47080  24.987  -33.138  46.269 0.0000000000
46124  25.104  -33.630  48.328 0.0000000000
51618  20.915  -27.483  46.724 0.0000000000
49105  20.498  -29.801  46.527 0.0000000000
120977  21.155  -29.232  45.936 0.0000000000
47072  20.463  -32.661  47.312 0.0000000000
47071  21.076  -31.831  47.741 0.0000000000
63667  37.498  -13.939  30.599 0.0000000000
62830  37.886  -14.744  32.166 0.0000000000
59449  27.799  -17.096  38.610 0.0000000000
59462  27.308  -18.579  36.897 0.0000000000
58626  26.837  -18.945  37.666 0.0000000000
135067  26.954  -19.216  37.095 0.0000000000
124760  28.042  -20.174  35.963 0.0000000000
112000  29.176  -21.451  35.449 0.0000000000
54816  26.000  -23.652  42.421 0.0000000000
54824  25.887  -23.556  41.402 0.0000000000
121776  25.937  -24.402  40.868 0.0000000000
55699  25.939  -22.774  40.039 0.0000000000
55714  26.053  -22.656  39.108 0.0000000000
53258  29.258  -25.862  38.713 0.0000000000
114127  27.824  -25.413  38.559 0.0000000000
54061  27.102  -24.996  38.637 0.0000000000
54060  28.312  -24.930  38.390 0.0000000000
54074  26.788  -24.141  38.720 0.0000000000
54864  26.493  -23.298  38.622 0.0000000000
55731  26.341  -22.385  38.260 0.0000000000
55739  27.937  -22.603  37.196 0.0000000000
56678  28.167  -21.880  36.613 0.0000000000
117765  28.988  -21.971  36.181 0.0000000000
56695  29.869  -22.070  35.726 0.0000000000
55765  31.266  -22.419  36.176 0.0000000000
55726  31.243  -22.780  37.874 0.0000000000
56677  31.861  -22.518  37.669 0.0000000000
130802  32.311  -22.287  38.161 0.0000000000
47108  29.737  -32.883  43.606 0.0000000000
47107  30.457  -32.676  43.992 0.0000000000
46156  30.715  -33.168  44.957 0.0000000000
48207  31.831  -31.884  43.807 0.0000000000
48216  32.412  -31.346  43.736 0.0000000000
47078  32.805  -32.726  46.609 0.0000000000
48177  33.029  -32.176  45.788 0.0000000000
48190  33.026  -31.654  45.051 0.0000000000
49131  33.020  -31.008  44.366 0.0000000000
49130  33.408  -30.192  44.779 0.0000000000
69634  41.996  -6.120  25.609 0.0000000000
124455  43.264  -5.151  26.028 0.0000000000
69640  44.014  -6.427  23.629 0.0000000000
67227  42.886  -9.697  25.317 0.0000000000
68034  43.482  -7.762  24.113 0.0000000000
68833  43.786  -7.152  23.697 0.0000000000
67248  46.016  -8.574  22.973 0.0000000000
45262  17.591  -34.022  47.594 0.0000000000
49106  19.762  -30.046  46.793 0.0000000000
49962  18.714  -29.853  48.002 0.0000000000
50885  30.494  -28.370  40.131 0.0000000000
51597  22.481  -26.714  48.156 0.0000000000
51617  21.525  -27.202  46.472 0.0000000000
69628  40.065  -6.297  27.947 0.0000000000
118941  28.856  -32.662  42.807 0.0000000000
123066  33.007  -30.115  44.094 0.0000000000
123087  20.009  -33.076  46.860 0.0000000000
125287  35.631  -13.028  30.382 0.0000000000
131537  32.739  -30.693  43.735 0.0000000000
131906  20.664  -35.693  48.257 0.0000000000
132516  26.250  -34.511  47.605 0.0000000000
