#!ascii label  , from subject bert vox2ras=TkReg
1237
92197  42.078  27.490  14.991 0.0000000000
94661  46.395  33.079  16.923 0.0000000000
88500  48.017  20.479  18.811 0.0000000000
111610  36.844  26.236  16.815 0.0000000000
90088  37.917  23.420  16.424 0.0000000000
133721  46.619  35.594  14.098 0.0000000000
96852  41.788  36.122  22.481 0.0000000000
98503  46.099  39.627  26.413 0.0000000000
88989  48.444  20.799  25.494 0.0000000000
87352  43.555  18.295  25.040 0.0000000000
93656  47.393  30.216  10.910 0.0000000000
90140  44.400  23.267  12.636 0.0000000000
91727  47.830  26.424  15.662 0.0000000000
114840  46.515  26.719  23.038 0.0000000000
98545  42.424  39.904  20.593 0.0000000000
97445  49.111  36.927  18.984 0.0000000000
90036  41.610  23.355  21.589 0.0000000000
91730  39.437  26.476  15.357 0.0000000000
90701  37.057  24.033  14.250 0.0000000000
91234  39.169  24.526  13.196 0.0000000000
93633  44.242  30.987  14.755 0.0000000000
93130  41.927  29.505  16.412 0.0000000000
112089  41.124  38.458  27.864 0.0000000000
87881  47.849  19.745  28.681 0.0000000000
86178  47.508  16.771  26.871 0.0000000000
85554  48.244  15.293  28.569 0.0000000000
101696  45.115  45.346  18.586 0.0000000000
94168  48.480  31.757  13.923 0.0000000000
92208  47.321  27.883  12.601 0.0000000000
116289  46.480  29.771  15.911 0.0000000000
93565  46.176  30.334  25.241 0.0000000000
131714  48.191  29.054  21.805 0.0000000000
93044  48.422  29.712  25.598 0.0000000000
126768  45.985  25.762  25.972 0.0000000000
112875  46.698  36.766  22.617 0.0000000000
98005  47.857  38.338  22.973 0.0000000000
96301  48.392  35.275  17.947 0.0000000000
95246  49.340  33.945  13.805 0.0000000000
89569  46.738  22.018  15.744 0.0000000000
90679  43.336  24.200  16.977 0.0000000000
89535  45.392  21.997  19.821 0.0000000000
90091  35.910  22.445  17.083 0.0000000000
90055  36.601  23.311  20.117 0.0000000000
123594  48.310  39.978  16.465 0.0000000000
97485  44.546  37.477  15.564 0.0000000000
118578  44.121  34.416  20.799 0.0000000000
93613  44.826  30.724  18.245 0.0000000000
98962  42.822  41.280  31.022 0.0000000000
99532  43.793  41.536  27.874 0.0000000000
97997  43.986  38.332  24.969 0.0000000000
89023  48.531  20.609  21.887 0.0000000000
88469  46.703  19.740  21.720 0.0000000000
87357  47.021  18.502  24.442 0.0000000000
86181  44.117  16.251  26.657 0.0000000000
115756  44.558  28.516  12.501 0.0000000000
91240  42.006  25.123  11.812 0.0000000000
91765  45.337  26.123  11.015 0.0000000000
90707  47.232  23.850  13.129 0.0000000000
90084  48.041  23.176  16.914 0.0000000000
124384  46.977  28.418  19.088 0.0000000000
91697  48.309  26.232  19.263 0.0000000000
90047  47.038  23.618  20.515 0.0000000000
90021  46.204  23.497  23.914 0.0000000000
90004  47.584  22.742  26.842 0.0000000000
100636  42.158  43.044  18.805 0.0000000000
118003  45.208  42.179  19.557 0.0000000000
98015  45.634  38.707  20.439 0.0000000000
98555  48.897  40.189  17.608 0.0000000000
96918  49.437  37.080  14.822 0.0000000000
94699  46.829  32.817  12.724 0.0000000000
90116  40.517  23.438  14.142 0.0000000000
90662  40.154  24.158  18.380 0.0000000000
123369  38.729  22.270  22.663 0.0000000000
89000  43.091  21.440  23.150 0.0000000000
92198  41.316  27.197  15.410 0.0000000000
91738  39.274  25.910  14.388 0.0000000000
121902  40.174  26.080  14.077 0.0000000000
93141  43.780  29.322  14.380 0.0000000000
133174  43.280  30.223  15.541 0.0000000000
92645  42.344  28.826  15.780 0.0000000000
128243  41.005  27.867  16.161 0.0000000000
116043  47.843  18.820  29.193 0.0000000000
86744  48.336  17.411  28.765 0.0000000000
86136  48.038  16.519  30.280 0.0000000000
88486  35.729  20.925  21.022 0.0000000000
94678  47.492  32.181  15.625 0.0000000000
93632  47.207  30.234  15.030 0.0000000000
127562  46.121  31.147  16.459 0.0000000000
122200  47.080  31.840  27.006 0.0000000000
93563  47.905  31.219  25.282 0.0000000000
96290  46.397  35.456  19.615 0.0000000000
96289  47.785  35.955  19.602 0.0000000000
95764  47.586  34.704  17.626 0.0000000000
95239  48.485  33.523  15.554 0.0000000000
89061  47.643  20.981  17.551 0.0000000000
89552  46.031  21.526  17.937 0.0000000000
89044  47.051  20.500  18.931 0.0000000000
131070  35.587  25.724  17.081 0.0000000000
91213  35.548  24.742  16.069 0.0000000000
90120  37.139  23.212  14.904 0.0000000000
118144  36.536  22.847  15.356 0.0000000000
90090  36.564  22.788  16.765 0.0000000000
90066  35.883  22.967  18.985 0.0000000000
90076  37.249  23.403  17.964 0.0000000000
97482  47.668  37.545  15.170 0.0000000000
98033  46.511  38.835  16.122 0.0000000000
96930  45.864  36.800  14.808 0.0000000000
92183  38.381  27.073  17.527 0.0000000000
91714  36.817  26.534  17.524 0.0000000000
96277  43.552  35.087  21.676 0.0000000000
95179  43.564  33.658  20.981 0.0000000000
95724  42.348  34.015  22.035 0.0000000000
98000  41.000  38.028  24.918 0.0000000000
129653  42.846  38.528  26.244 0.0000000000
97429  42.728  37.415  23.419 0.0000000000
96841  44.187  36.887  22.976 0.0000000000
88998  48.403  20.717  23.641 0.0000000000
87932  48.259  19.459  22.671 0.0000000000
87912  48.409  19.227  24.368 0.0000000000
85569  46.901  15.433  27.712 0.0000000000
86166  45.943  16.371  27.177 0.0000000000
84977  44.610  14.520  27.227 0.0000000000
93152  45.752  29.372  11.535 0.0000000000
92213  44.667  27.428  11.321 0.0000000000
117162  46.317  28.135  10.789 0.0000000000
92202  47.145  27.108  14.444 0.0000000000
91744  47.266  25.935  13.587 0.0000000000
91224  47.717  25.156  14.243 0.0000000000
90111  47.728  23.105  15.112 0.0000000000
91210  48.242  25.410  16.403 0.0000000000
93107  44.485  29.542  19.636 0.0000000000
130161  45.393  29.153  18.371 0.0000000000
92613  45.949  28.754  20.471 0.0000000000
92139  48.108  27.556  22.696 0.0000000000
92145  48.529  27.842  21.263 0.0000000000
91682  47.256  26.427  21.343 0.0000000000
90647  47.289  24.696  19.570 0.0000000000
131414  46.009  25.282  21.519 0.0000000000
90623  46.285  23.702  22.000 0.0000000000
91173  45.539  25.290  22.961 0.0000000000
134780  46.784  25.619  27.518 0.0000000000
90603  46.480  24.159  26.521 0.0000000000
99595  42.027  42.095  19.392 0.0000000000
133610  43.913  43.484  19.385 0.0000000000
99100  43.282  41.011  19.611 0.0000000000
99531  44.821  40.870  27.386 0.0000000000
113567  43.693  40.711  25.234 0.0000000000
99054  46.043  40.403  25.191 0.0000000000
97446  48.625  37.001  19.731 0.0000000000
130691  46.937  38.320  20.578 0.0000000000
98019  47.369  38.466  19.798 0.0000000000
98549  47.131  39.189  19.288 0.0000000000
98024  48.633  38.815  18.066 0.0000000000
111622  49.311  39.400  16.577 0.0000000000
97467  49.595  37.741  16.083 0.0000000000
94712  48.584  32.052  11.997 0.0000000000
95815  48.814  33.661  12.724 0.0000000000
94185  47.408  31.381  11.423 0.0000000000
93645  45.583  30.368  12.432 0.0000000000
90162  43.315  23.575  11.638 0.0000000000
90154  40.944  23.562  12.163 0.0000000000
90129  42.454  23.548  13.553 0.0000000000
90063  42.820  23.976  19.836 0.0000000000
90660  41.681  24.537  17.996 0.0000000000
90639  41.103  24.115  19.846 0.0000000000
90052  39.518  23.668  20.553 0.0000000000
90026  39.904  23.073  22.028 0.0000000000
87923  45.189  19.539  23.898 0.0000000000
88471  45.107  20.422  22.699 0.0000000000
126213  43.685  19.394  24.358 0.0000000000
121917  38.058  26.309  15.791 0.0000000000
91211  36.864  25.481  15.504 0.0000000000
91218  37.917  25.283  14.463 0.0000000000
90700  37.813  23.966  13.725 0.0000000000
90133  38.393  23.713  13.769 0.0000000000
132486  45.176  32.950  14.522 0.0000000000
92190  39.451  27.179  16.660 0.0000000000
88437  48.297  19.852  26.852 0.0000000000
87905  48.496  18.877  26.028 0.0000000000
87332  48.569  17.826  27.055 0.0000000000
86163  48.269  16.492  27.680 0.0000000000
93643  48.539  30.899  12.297 0.0000000000
92679  47.504  28.999  11.156 0.0000000000
93138  47.629  29.532  13.313 0.0000000000
92659  47.225  28.649  14.198 0.0000000000
92196  47.154  27.502  15.587 0.0000000000
93061  45.765  29.444  23.628 0.0000000000
93083  45.998  28.973  21.936 0.0000000000
93060  47.539  29.688  23.346 0.0000000000
93058  48.313  29.394  23.488 0.0000000000
92124  47.967  28.053  24.128 0.0000000000
91659  46.427  26.917  24.684 0.0000000000
92117  47.437  28.127  25.836 0.0000000000
128376  46.951  26.996  27.216 0.0000000000
91645  47.220  26.419  28.621 0.0000000000
98527  41.470  39.604  22.409 0.0000000000
97416  47.191  38.001  24.322 0.0000000000
97993  47.424  38.867  24.169 0.0000000000
130627  48.028  37.054  23.212 0.0000000000
96862  48.093  36.461  20.394 0.0000000000
96875  49.138  36.129  18.952 0.0000000000
96325  49.547  35.789  16.069 0.0000000000
95781  49.131  34.782  16.420 0.0000000000
94687  48.903  32.674  13.609 0.0000000000
90126  45.547  22.900  14.257 0.0000000000
90114  43.567  23.817  15.236 0.0000000000
90100  45.291  23.052  16.037 0.0000000000
90062  44.360  23.436  18.861 0.0000000000
89537  43.658  23.019  20.721 0.0000000000
86188  42.274  16.322  25.669 0.0000000000
86779  41.701  17.462  25.040 0.0000000000
89562  34.687  21.807  16.686 0.0000000000
90694  35.828  23.285  15.212 0.0000000000
89570  35.394  22.293  15.871 0.0000000000
89555  34.630  21.366  17.426 0.0000000000
89554  35.291  22.089  18.210 0.0000000000
89538  35.611  22.335  20.367 0.0000000000
89027  35.954  21.637  21.308 0.0000000000
99109  47.163  41.351  16.979 0.0000000000
98564  45.605  39.483  16.352 0.0000000000
95201  45.035  34.069  19.133 0.0000000000
94662  45.401  32.280  17.677 0.0000000000
128924  44.252  32.761  19.396 0.0000000000
94126  43.498  31.138  20.147 0.0000000000
93086  43.123  30.201  21.643 0.0000000000
93076  43.731  29.312  22.668 0.0000000000
93046  44.193  30.119  25.242 0.0000000000
99519  43.218  41.392  29.193 0.0000000000
116665  44.495  41.320  29.011 0.0000000000
98488  45.170  39.722  27.700 0.0000000000
97986  45.821  38.901  26.174 0.0000000000
97427  45.741  37.412  23.684 0.0000000000
96282  45.117  35.482  20.762 0.0000000000
89033  48.544  20.672  20.493 0.0000000000
131929  47.354  20.103  20.068 0.0000000000
87953  48.109  19.695  21.094 0.0000000000
115047  46.948  18.985  23.447 0.0000000000
87359  45.262  18.469  24.822 0.0000000000
86774  47.447  17.677  25.647 0.0000000000
86766  46.284  17.475  26.036 0.0000000000
86768  44.019  17.089  26.204 0.0000000000
92204  43.162  27.516  13.656 0.0000000000
91748  41.866  26.287  13.168 0.0000000000
91746  43.500  27.195  12.637 0.0000000000
91767  43.732  25.514  11.335 0.0000000000
90720  44.586  24.097  11.150 0.0000000000
91754  46.670  26.558  11.935 0.0000000000
90718  46.262  24.229  11.907 0.0000000000
89591  46.224  22.825  12.699 0.0000000000
89581  46.753  22.625  14.497 0.0000000000
89567  47.885  21.559  16.421 0.0000000000
134668  48.213  21.713  17.861 0.0000000000
93618  45.586  29.968  17.129 0.0000000000
92644  46.268  28.716  17.047 0.0000000000
92180  47.470  27.748  17.145 0.0000000000
92611  47.986  28.894  20.432 0.0000000000
92164  48.138  28.303  19.052 0.0000000000
91711  48.336  26.879  17.536 0.0000000000
91199  48.197  25.245  17.770 0.0000000000
90646  47.536  23.818  18.858 0.0000000000
89543  48.257  21.959  19.608 0.0000000000
89523  47.899  22.134  21.570 0.0000000000
89503  47.832  21.893  22.948 0.0000000000
89493  47.716  22.109  24.616 0.0000000000
132208  45.733  24.471  25.131 0.0000000000
90011  46.666  23.357  25.669 0.0000000000
88984  48.250  21.614  26.176 0.0000000000
130315  47.846  21.185  28.098 0.0000000000
100650  44.220  44.283  19.003 0.0000000000
101134  45.901  44.495  19.347 0.0000000000
100106  47.166  43.056  19.521 0.0000000000
131478  46.530  39.570  23.382 0.0000000000
98551  44.214  39.575  19.920 0.0000000000
99099  45.019  39.972  19.559 0.0000000000
125755  47.192  41.079  19.260 0.0000000000
99604  49.177  41.996  18.184 0.0000000000
98559  49.192  40.439  16.909 0.0000000000
98047  48.563  38.348  15.438 0.0000000000
96929  47.378  36.302  14.345 0.0000000000
96342  49.342  35.327  14.278 0.0000000000
96352  48.362  35.103  13.375 0.0000000000
95808  46.451  33.920  13.628 0.0000000000
94169  45.524  31.883  13.554 0.0000000000
93140  44.462  29.720  13.769 0.0000000000
91232  40.702  24.958  12.375 0.0000000000
90145  39.564  23.627  12.900 0.0000000000
90692  39.449  23.621  15.178 0.0000000000
90689  41.993  23.968  15.253 0.0000000000
128575  40.795  24.207  16.111 0.0000000000
90673  39.591  24.054  17.500 0.0000000000
90064  38.385  23.713  19.467 0.0000000000
90040  37.320  23.072  21.571 0.0000000000
123532  45.727  20.898  21.084 0.0000000000
135079  44.325  21.954  21.600 0.0000000000
89011  42.599  22.099  22.698 0.0000000000
87916  42.189  19.029  24.592 0.0000000000
89505  40.900  22.277  22.980 0.0000000000
84947  48.394  14.054  29.641 0.0000000000
84301  47.831  13.047  28.603 0.0000000000
91737  41.576  26.847  14.713 0.0000000000
91728  40.814  26.560  14.846 0.0000000000
112047  41.207  26.277  13.925 0.0000000000
92662  42.835  27.859  14.598 0.0000000000
92653  43.119  28.849  15.090 0.0000000000
92654  42.466  28.213  15.251 0.0000000000
86736  48.059  17.323  29.814 0.0000000000
94668  46.871  32.596  16.273 0.0000000000
94155  46.682  31.662  16.069 0.0000000000
94669  45.921  32.023  16.869 0.0000000000
95211  46.508  34.382  17.992 0.0000000000
95220  46.936  33.931  17.238 0.0000000000
95229  47.341  33.482  16.555 0.0000000000
89062  47.085  20.962  17.503 0.0000000000
89053  47.531  20.613  18.343 0.0000000000
118280  36.167  26.066  17.079 0.0000000000
91724  35.876  25.469  16.533 0.0000000000
91723  36.529  25.788  16.316 0.0000000000
90103  37.844  23.306  15.430 0.0000000000
90104  37.089  22.932  15.846 0.0000000000
90089  37.361  23.285  16.894 0.0000000000
90075  38.053  23.595  17.476 0.0000000000
97494  46.939  36.894  14.746 0.0000000000
97483  46.459  37.447  15.263 0.0000000000
96931  45.462  36.014  14.522 0.0000000000
91713  37.517  26.554  17.109 0.0000000000
92184  37.516  27.030  17.924 0.0000000000
96851  42.864  36.188  22.426 0.0000000000
95731  42.989  34.533  21.866 0.0000000000
130366  42.314  35.533  22.329 0.0000000000
97430  41.751  37.358  23.419 0.0000000000
97420  42.279  37.829  24.139 0.0000000000
97437  42.245  36.879  22.761 0.0000000000
97436  43.225  36.951  22.838 0.0000000000
88995  48.410  20.763  24.558 0.0000000000
88449  48.560  19.929  23.993 0.0000000000
88446  48.599  19.898  24.878 0.0000000000
84972  45.434  14.534  27.552 0.0000000000
93657  46.755  30.027  10.919 0.0000000000
92673  45.726  28.715  11.117 0.0000000000
93157  47.061  29.501  10.761 0.0000000000
92195  47.357  26.938  15.264 0.0000000000
91735  47.478  26.276  14.633 0.0000000000
91217  47.944  25.539  15.178 0.0000000000
116130  48.109  24.910  15.684 0.0000000000
122810  48.181  25.972  16.034 0.0000000000
111728  44.294  29.229  20.957 0.0000000000
93097  44.868  29.118  20.394 0.0000000000
92599  45.232  28.993  21.237 0.0000000000
129003  47.314  27.076  22.711 0.0000000000
91672  47.810  26.977  22.011 0.0000000000
91673  46.787  26.606  22.151 0.0000000000
135662  46.833  25.870  20.866 0.0000000000
91674  45.991  26.055  22.501 0.0000000000
90630  45.740  25.315  22.051 0.0000000000
91668  45.848  26.094  23.441 0.0000000000
90600  47.260  24.829  28.364 0.0000000000
126052  41.888  40.423  20.237 0.0000000000
99102  41.548  41.298  19.788 0.0000000000
99101  42.449  41.420  19.661 0.0000000000
99594  43.252  42.017  19.408 0.0000000000
99089  42.720  40.385  20.076 0.0000000000
99023  45.382  40.423  26.908 0.0000000000
125328  45.685  40.566  26.254 0.0000000000
99038  46.194  40.375  25.889 0.0000000000
111876  48.172  37.680  19.990 0.0000000000
98018  48.492  37.719  19.005 0.0000000000
98548  48.057  38.576  19.130 0.0000000000
134711  48.754  37.805  18.204 0.0000000000
97457  49.196  37.654  17.309 0.0000000000
97456  49.346  37.284  16.889 0.0000000000
94191  48.044  31.246  11.405 0.0000000000
94184  48.021  32.049  11.687 0.0000000000
93651  46.835  30.736  11.230 0.0000000000
93652  46.066  30.110  11.538 0.0000000000
90152  43.303  23.406  12.297 0.0000000000
90142  42.318  23.417  12.660 0.0000000000
90141  43.674  23.564  13.179 0.0000000000
132262  42.328  23.857  20.378 0.0000000000
90638  41.950  24.111  19.836 0.0000000000
90050  41.554  23.887  20.639 0.0000000000
121488  40.777  23.678  21.135 0.0000000000
90025  40.630  23.269  21.876 0.0000000000
87914  44.580  19.123  24.453 0.0000000000
125827  43.656  18.836  24.677 0.0000000000
91721  38.897  26.567  16.098 0.0000000000
91731  38.491  26.078  15.051 0.0000000000
91226  38.894  25.184  13.726 0.0000000000
91739  38.539  25.448  14.248 0.0000000000
91227  38.306  24.555  13.736 0.0000000000
90699  38.789  23.947  13.230 0.0000000000
116361  44.999  32.242  14.380 0.0000000000
94679  44.530  32.754  15.132 0.0000000000
94164  44.328  31.830  14.933 0.0000000000
93626  42.408  30.311  16.284 0.0000000000
93635  43.021  30.753  15.833 0.0000000000
92189  40.153  27.474  16.408 0.0000000000
92191  38.838  26.919  16.874 0.0000000000
87897  48.191  19.442  27.652 0.0000000000
87896  48.462  18.716  26.929 0.0000000000
87880  48.349  18.585  27.976 0.0000000000
86150  48.349  16.143  28.292 0.0000000000
123273  48.488  16.869  28.073 0.0000000000
85568  48.199  15.900  28.044 0.0000000000
84970  47.490  14.942  28.109 0.0000000000
84958  47.987  14.339  28.609 0.0000000000
101712  44.309  45.352  17.793 0.0000000000
102233  44.281  46.209  16.164 0.0000000000
94176  48.303  30.999  13.274 0.0000000000
93644  48.131  30.266  12.654 0.0000000000
93139  47.329  29.559  14.321 0.0000000000
93134  46.846  29.035  15.197 0.0000000000
92660  46.912  28.161  15.093 0.0000000000
92652  46.817  28.126  15.819 0.0000000000
93050  46.048  29.856  24.484 0.0000000000
93571  47.347  30.462  24.680 0.0000000000
93043  48.406  30.447  25.123 0.0000000000
93048  48.341  29.955  24.115 0.0000000000
92575  48.498  29.603  24.646 0.0000000000
92585  48.354  28.587  23.817 0.0000000000
92580  48.297  28.775  24.412 0.0000000000
92120  47.663  28.177  24.905 0.0000000000
92576  48.145  28.902  25.250 0.0000000000
92113  47.253  28.031  26.974 0.0000000000
114721  47.272  28.311  27.834 0.0000000000
115500  47.199  27.261  27.947 0.0000000000
92104  47.113  27.211  28.616 0.0000000000
97426  46.837  37.490  23.749 0.0000000000
97425  47.708  37.517  23.616 0.0000000000
96847  47.820  36.786  22.776 0.0000000000
96876  48.612  35.783  18.898 0.0000000000
96867  48.634  36.167  19.582 0.0000000000
96300  49.016  35.590  18.151 0.0000000000
96316  49.229  35.452  17.483 0.0000000000
95772  49.003  35.046  17.291 0.0000000000
94677  48.235  32.690  15.233 0.0000000000
94676  48.759  33.162  14.713 0.0000000000
94688  48.550  32.418  14.492 0.0000000000
94175  48.635  31.691  12.880 0.0000000000
89577  46.447  22.535  14.899 0.0000000000
90112  45.867  22.509  15.278 0.0000000000
90099  46.128  22.076  15.988 0.0000000000
89544  45.709  21.796  18.885 0.0000000000
89545  45.170  22.526  18.437 0.0000000000
120714  44.822  22.691  19.376 0.0000000000
90048  43.870  23.524  19.864 0.0000000000
89536  44.491  22.642  20.270 0.0000000000
89563  34.070  21.976  16.705 0.0000000000
89571  34.803  22.311  16.173 0.0000000000
91220  36.554  24.565  14.986 0.0000000000
91221  35.909  24.185  15.329 0.0000000000
90693  36.405  23.723  14.800 0.0000000000
90105  36.347  22.580  15.827 0.0000000000
89578  35.922  22.602  15.489 0.0000000000
89560  35.763  22.254  16.200 0.0000000000
112436  35.209  22.056  16.278 0.0000000000
89561  35.291  21.921  16.958 0.0000000000
90078  35.707  22.519  17.875 0.0000000000
90065  36.834  23.402  19.021 0.0000000000
90056  35.856  22.872  19.972 0.0000000000
89527  36.156  22.886  20.753 0.0000000000
89528  35.936  22.268  21.145 0.0000000000
99114  48.881  40.678  16.731 0.0000000000
99115  47.843  40.635  16.656 0.0000000000
98049  45.815  38.036  15.791 0.0000000000
98050  44.749  38.244  15.806 0.0000000000
98051  43.999  38.071  15.611 0.0000000000
95738  44.657  34.379  19.979 0.0000000000
95213  44.696  33.123  18.740 0.0000000000
113786  44.398  33.474  19.604 0.0000000000
113229  43.572  32.914  20.616 0.0000000000
93600  43.430  30.466  20.761 0.0000000000
93064  42.881  29.674  23.124 0.0000000000
93052  43.641  29.749  24.449 0.0000000000
98989  42.203  41.180  28.739 0.0000000000
98976  42.379  41.122  29.724 0.0000000000
99506  44.439  41.128  29.680 0.0000000000
98460  44.638  40.074  29.359 0.0000000000
98988  44.780  40.731  28.988 0.0000000000
118337  43.289  38.463  25.671 0.0000000000
97987  44.162  38.524  25.889 0.0000000000
97974  44.840  38.875  26.530 0.0000000000
118338  45.033  38.554  25.648 0.0000000000
97996  45.127  38.288  24.762 0.0000000000
131367  45.221  37.814  24.116 0.0000000000
122985  44.218  35.446  21.577 0.0000000000
96859  44.782  35.993  22.060 0.0000000000
127565  44.684  34.952  20.512 0.0000000000
95737  45.336  35.155  20.120 0.0000000000
89024  48.403  21.316  21.471 0.0000000000
88490  48.294  19.990  20.625 0.0000000000
88481  48.448  19.894  21.409 0.0000000000
87367  47.446  18.823  23.767 0.0000000000
87921  47.431  19.118  22.967 0.0000000000
87368  46.790  18.746  23.912 0.0000000000
87358  46.240  18.629  24.380 0.0000000000
86764  48.314  17.360  26.491 0.0000000000
87343  48.073  17.726  25.860 0.0000000000
86765  47.909  17.220  26.268 0.0000000000
86167  45.025  16.154  27.146 0.0000000000
86180  45.598  16.889  26.680 0.0000000000
125572  44.749  16.794  26.581 0.0000000000
86767  45.031  17.396  26.202 0.0000000000
86182  43.445  16.335  26.319 0.0000000000
85578  43.415  15.483  26.457 0.0000000000
92668  43.865  28.048  13.091 0.0000000000
92675  44.283  27.749  12.141 0.0000000000
92222  44.996  26.902  10.982 0.0000000000
91755  44.281  26.524  11.408 0.0000000000
91766  44.589  25.805  11.127 0.0000000000
91248  44.092  24.748  11.082 0.0000000000
91247  44.958  25.026  11.124 0.0000000000
92672  47.643  28.876  11.967 0.0000000000
123280  47.359  28.325  11.638 0.0000000000
92212  47.044  27.547  11.792 0.0000000000
91230  47.353  24.870  13.354 0.0000000000
91745  46.982  25.679  12.681 0.0000000000
91231  46.904  24.588  12.548 0.0000000000
125923  46.354  23.283  12.269 0.0000000000
90139  46.896  23.043  13.039 0.0000000000
89586  46.534  22.743  13.569 0.0000000000
90125  47.026  22.870  14.014 0.0000000000
90098  47.839  23.059  15.754 0.0000000000
126891  47.980  22.488  16.278 0.0000000000
129910  48.157  21.980  16.746 0.0000000000
90072  48.168  22.357  17.404 0.0000000000
94148  45.221  31.433  17.796 0.0000000000
93123  45.221  30.419  17.706 0.0000000000
93115  45.951  28.619  18.889 0.0000000000
118585  45.935  28.663  17.895 0.0000000000
92637  46.753  28.214  17.488 0.0000000000
92636  47.491  28.017  17.975 0.0000000000
93082  47.060  29.186  21.925 0.0000000000
92598  46.529  28.876  21.226 0.0000000000
92597  47.674  29.059  21.276 0.0000000000
91680  48.530  27.462  20.412 0.0000000000
92155  48.427  27.986  19.681 0.0000000000
92163  48.357  27.466  18.824 0.0000000000
92172  48.244  27.308  18.105 0.0000000000
91703  48.373  26.767  18.207 0.0000000000
91198  48.398  26.151  17.624 0.0000000000
91704  48.346  26.064  18.406 0.0000000000
90637  46.805  24.458  20.330 0.0000000000
90061  47.260  23.752  19.728 0.0000000000
90060  47.718  22.847  19.134 0.0000000000
117841  47.543  23.018  19.935 0.0000000000
90046  47.589  22.698  20.748 0.0000000000
90024  46.026  23.733  22.965 0.0000000000
90023  46.754  23.007  22.938 0.0000000000
90020  46.878  22.812  23.845 0.0000000000
89500  47.728  21.965  23.772 0.0000000000
89501  47.311  22.471  24.226 0.0000000000
91652  46.351  26.597  25.753 0.0000000000
90609  45.640  25.218  24.792 0.0000000000
91162  45.729  25.102  25.581 0.0000000000
90005  47.104  23.391  26.688 0.0000000000
89489  47.948  22.270  26.077 0.0000000000
89485  47.969  22.163  26.932 0.0000000000
118693  48.170  21.546  26.942 0.0000000000
100111  41.683  42.490  19.095 0.0000000000
100637  41.299  42.887  18.738 0.0000000000
118949  41.731  43.322  18.507 0.0000000000
100651  43.374  44.078  18.696 0.0000000000
100108  44.802  43.006  19.614 0.0000000000
100633  44.613  43.749  19.446 0.0000000000
126812  45.497  43.719  19.545 0.0000000000
100632  46.599  43.918  19.513 0.0000000000
100107  45.883  43.011  19.632 0.0000000000
98002  47.751  38.354  23.614 0.0000000000
117963  46.973  39.527  24.167 0.0000000000
98006  47.110  38.979  22.663 0.0000000000
98011  46.218  38.673  21.541 0.0000000000
98012  44.998  38.794  21.088 0.0000000000
134225  44.782  39.051  20.391 0.0000000000
98542  45.235  39.255  19.951 0.0000000000
98556  48.260  39.606  18.503 0.0000000000
125548  46.759  40.062  19.260 0.0000000000
99098  47.847  40.330  18.860 0.0000000000
99591  48.386  41.531  18.779 0.0000000000
99105  48.869  40.912  18.266 0.0000000000
99104  49.256  41.316  17.596 0.0000000000
97468  49.511  38.297  15.737 0.0000000000
98030  49.434  39.039  15.951 0.0000000000
97481  49.225  37.871  15.179 0.0000000000
127921  48.646  37.639  14.962 0.0000000000
97492  49.016  37.171  14.627 0.0000000000
95788  49.375  34.927  14.942 0.0000000000
96334  49.537  35.654  15.156 0.0000000000
95796  49.360  34.580  14.094 0.0000000000
95269  47.714  32.825  12.358 0.0000000000
95806  48.768  34.382  13.033 0.0000000000
115124  48.094  34.553  13.036 0.0000000000
95807  47.328  34.266  13.224 0.0000000000
95257  47.130  33.475  12.951 0.0000000000
95258  46.282  33.144  13.417 0.0000000000
94700  46.154  32.415  13.014 0.0000000000
93147  44.831  29.290  12.875 0.0000000000
93646  45.068  30.097  13.109 0.0000000000
93148  44.164  28.893  13.456 0.0000000000
91757  42.465  26.038  12.378 0.0000000000
91758  41.549  25.463  12.409 0.0000000000
91241  41.236  24.426  11.886 0.0000000000
90130  40.655  23.327  13.140 0.0000000000
90144  40.138  23.353  12.540 0.0000000000
90131  39.960  23.358  13.338 0.0000000000
90117  39.713  23.472  14.258 0.0000000000
90691  40.269  23.722  15.119 0.0000000000
90688  43.421  23.968  16.084 0.0000000000
131501  42.780  23.962  15.531 0.0000000000
90680  42.442  24.216  16.317 0.0000000000
90661  40.925  24.425  18.331 0.0000000000
112092  41.094  24.555  17.616 0.0000000000
90672  40.461  24.340  17.636 0.0000000000
90681  40.163  24.213  16.748 0.0000000000
133733  39.502  23.953  18.411 0.0000000000
90653  39.016  23.838  18.919 0.0000000000
90641  39.229  23.837  19.777 0.0000000000
126700  39.191  23.138  21.807 0.0000000000
90039  38.266  23.283  21.490 0.0000000000
90028  37.848  22.803  22.038 0.0000000000
89516  37.177  22.297  22.089 0.0000000000
89015  37.553  21.435  22.580 0.0000000000
88482  47.134  19.880  20.885 0.0000000000
88493  46.485  20.454  20.539 0.0000000000
88483  46.198  20.312  21.381 0.0000000000
88459  43.690  20.620  23.475 0.0000000000
120272  44.589  20.968  22.510 0.0000000000
89010  43.913  21.205  22.794 0.0000000000
131957  43.784  22.198  21.816 0.0000000000
86191  41.125  16.669  24.924 0.0000000000
125603  41.992  18.303  24.780 0.0000000000
87362  41.117  18.073  24.691 0.0000000000
91729  40.369  26.903  15.653 0.0000000000
128594  40.007  26.393  14.886 0.0000000000
91225  39.552  25.380  13.418 0.0000000000
93640  44.118  30.150  14.608 0.0000000000
93634  43.653  30.559  15.257 0.0000000000
128593  43.515  29.798  15.168 0.0000000000
93135  42.842  29.748  15.778 0.0000000000
92646  41.650  28.624  16.187 0.0000000000
92647  41.057  28.829  16.744 0.0000000000
87322  48.243  18.099  28.636 0.0000000000
86735  48.382  16.532  29.024 0.0000000000
120571  48.418  15.738  28.859 0.0000000000
94162  48.011  31.885  14.867 0.0000000000
93631  47.816  31.084  14.371 0.0000000000
94163  47.293  31.288  15.326 0.0000000000
93624  46.606  30.735  15.891 0.0000000000
93551  46.798  31.357  26.294 0.0000000000
93564  47.075  30.929  25.524 0.0000000000
94083  47.714  31.527  25.820 0.0000000000
126632  48.433  30.391  26.007 0.0000000000
96863  46.575  36.222  21.242 0.0000000000
96280  47.127  36.116  20.462 0.0000000000
130017  47.313  35.269  18.596 0.0000000000
95773  48.404  34.791  17.265 0.0000000000
95782  48.663  34.522  16.704 0.0000000000
95219  47.889  34.263  16.897 0.0000000000
94667  47.801  33.048  15.929 0.0000000000
134647  47.035  21.105  16.905 0.0000000000
119240  46.403  21.478  17.120 0.0000000000
89054  46.646  20.980  18.439 0.0000000000
89045  46.252  21.123  19.318 0.0000000000
90135  36.909  23.551  14.599 0.0000000000
90121  36.432  23.123  15.004 0.0000000000
90077  36.270  23.048  17.988 0.0000000000
98032  48.068  39.153  16.023 0.0000000000
98563  47.110  39.705  16.456 0.0000000000
98048  47.183  38.187  15.691 0.0000000000
97484  45.424  37.356  15.377 0.0000000000
92175  38.177  27.637  18.367 0.0000000000
134801  37.464  27.529  18.561 0.0000000000
91705  36.217  26.423  17.844 0.0000000000
91715  35.626  26.082  17.656 0.0000000000
131527  43.955  34.899  21.274 0.0000000000
95189  44.041  33.606  20.365 0.0000000000
95730  43.541  34.373  21.361 0.0000000000
95180  43.019  33.753  21.535 0.0000000000
97989  41.454  38.321  25.666 0.0000000000
113020  42.072  38.466  26.412 0.0000000000
97988  42.355  38.389  25.604 0.0000000000
97998  42.808  38.252  24.869 0.0000000000
97419  43.304  37.910  24.144 0.0000000000
97418  44.329  37.909  24.139 0.0000000000
97428  43.738  37.426  23.477 0.0000000000
96271  43.800  35.823  22.109 0.0000000000
89007  48.482  20.679  22.758 0.0000000000
88468  48.566  19.875  22.225 0.0000000000
88456  48.563  19.912  23.097 0.0000000000
87920  48.322  19.356  23.512 0.0000000000
87356  47.657  18.540  24.564 0.0000000000
86165  46.775  16.196  27.333 0.0000000000
85571  44.977  15.240  27.403 0.0000000000
85577  44.248  15.386  27.002 0.0000000000
92667  45.230  28.940  11.979 0.0000000000
92674  44.942  28.214  11.515 0.0000000000
92682  45.447  27.887  10.935 0.0000000000
92221  45.750  27.188  10.938 0.0000000000
116335  47.147  26.946  13.644 0.0000000000
91753  47.048  26.770  12.708 0.0000000000
90706  47.605  24.065  13.911 0.0000000000
90124  47.540  23.249  14.351 0.0000000000
90697  47.903  24.244  14.812 0.0000000000
90687  47.948  23.865  15.509 0.0000000000
90678  48.027  24.110  16.343 0.0000000000
93607  44.378  30.395  18.906 0.0000000000
93116  44.927  29.911  18.279 0.0000000000
115081  45.007  29.335  18.952 0.0000000000
93106  45.458  28.888  19.711 0.0000000000
92621  46.533  28.568  19.721 0.0000000000
92592  48.386  28.941  22.557 0.0000000000
92596  48.377  28.603  21.335 0.0000000000
92146  48.321  27.456  21.871 0.0000000000
91681  48.257  26.929  21.133 0.0000000000
91688  48.327  26.588  20.145 0.0000000000
91185  47.872  25.732  19.735 0.0000000000
91689  47.738  26.182  20.543 0.0000000000
91186  47.062  25.361  20.291 0.0000000000
90629  46.439  24.163  21.078 0.0000000000
123895  46.878  23.439  21.255 0.0000000000
122388  45.945  24.686  21.622 0.0000000000
90624  45.702  24.478  22.482 0.0000000000
90621  45.666  24.368  23.461 0.0000000000
91649  46.469  26.072  26.791 0.0000000000
91159  46.031  25.027  26.336 0.0000000000
91157  46.524  25.003  27.102 0.0000000000
90601  47.020  24.220  27.497 0.0000000000
99596  41.181  41.910  19.508 0.0000000000
100110  42.562  42.787  19.105 0.0000000000
122140  43.380  43.212  19.265 0.0000000000
123196  42.896  42.487  19.316 0.0000000000
99593  44.147  41.820  19.421 0.0000000000
132102  44.387  41.350  27.701 0.0000000000
99564  43.495  41.301  26.480 0.0000000000
99550  45.017  40.933  26.362 0.0000000000
99040  44.701  40.828  25.486 0.0000000000
98014  48.010  37.581  21.156 0.0000000000
98010  47.566  38.264  21.905 0.0000000000
132648  47.753  38.064  20.383 0.0000000000
98020  46.241  38.810  19.829 0.0000000000
128581  49.226  39.585  17.170 0.0000000000
118239  49.177  38.484  17.298 0.0000000000
98026  49.511  38.391  16.436 0.0000000000
97480  49.539  37.478  15.468 0.0000000000
94698  49.129  32.997  12.941 0.0000000000
95804  49.261  34.240  13.437 0.0000000000
95268  48.504  32.839  12.428 0.0000000000
94177  46.981  32.137  12.068 0.0000000000
94178  46.045  31.675  12.531 0.0000000000
94186  46.038  30.929  12.032 0.0000000000
93146  45.438  29.682  12.280 0.0000000000
90722  42.615  23.932  11.480 0.0000000000
90712  41.540  23.885  11.849 0.0000000000
90153  42.111  23.525  12.012 0.0000000000
120170  41.385  23.431  12.434 0.0000000000
90698  41.497  23.485  14.070 0.0000000000
90669  43.255  24.186  17.954 0.0000000000
90670  42.444  24.414  17.457 0.0000000000
90659  42.422  24.324  18.454 0.0000000000
90650  41.577  24.282  18.989 0.0000000000
90651  40.616  24.169  19.122 0.0000000000
90640  40.174  23.948  19.946 0.0000000000
90051  40.223  23.703  20.671 0.0000000000
90037  39.906  23.389  21.300 0.0000000000
89514  39.428  22.614  22.512 0.0000000000
88457  45.759  19.728  23.061 0.0000000000
88470  45.914  20.083  22.192 0.0000000000
88458  44.720  20.149  23.373 0.0000000000
87924  44.156  19.809  23.951 0.0000000000
88450  43.058  20.030  24.175 0.0000000000
91722  37.333  26.184  16.161 0.0000000000
91732  37.622  25.792  15.265 0.0000000000
91219  37.204  24.958  14.683 0.0000000000
90134  37.516  23.636  14.205 0.0000000000
90119  38.003  23.425  14.538 0.0000000000
95798  45.887  34.370  14.090 0.0000000000
96345  45.698  35.092  14.273 0.0000000000
95240  44.433  33.495  15.429 0.0000000000
94165  43.654  31.379  15.426 0.0000000000
121885  40.520  28.148  16.724 0.0000000000
92181  39.886  27.969  17.079 0.0000000000
92182  39.203  27.494  17.352 0.0000000000
91712  38.175  26.570  16.607 0.0000000000
97976  41.012  38.439  26.627 0.0000000000
130632  40.552  38.267  25.610 0.0000000000
97422  40.515  37.674  24.265 0.0000000000
88441  48.485  19.849  25.789 0.0000000000
87342  48.435  18.026  26.228 0.0000000000
87321  48.510  17.619  27.893 0.0000000000
86754  48.441  17.113  27.258 0.0000000000
86755  48.090  16.840  26.971 0.0000000000
86164  47.705  16.044  27.701 0.0000000000
84971  46.542  14.474  27.886 0.0000000000
93655  47.937  30.521  11.210 0.0000000000
93156  47.721  29.758  11.034 0.0000000000
93650  48.269  30.175  11.691 0.0000000000
93145  47.931  29.543  12.264 0.0000000000
92666  47.556  28.720  12.979 0.0000000000
93638  47.700  30.305  13.797 0.0000000000
124793  47.213  27.835  13.759 0.0000000000
92203  47.025  27.664  14.736 0.0000000000
92187  47.682  27.006  16.077 0.0000000000
93075  44.592  29.099  22.460 0.0000000000
92593  45.074  28.997  22.005 0.0000000000
93074  45.591  29.147  22.700 0.0000000000
112961  46.666  29.449  23.108 0.0000000000
93073  47.461  29.437  22.646 0.0000000000
93049  47.954  30.130  23.942 0.0000000000
93071  48.268  29.251  23.010 0.0000000000
92584  48.445  28.853  23.271 0.0000000000
92133  48.238  28.055  23.422 0.0000000000
92125  47.257  27.369  23.638 0.0000000000
91667  46.298  26.697  23.846 0.0000000000
126890  47.260  27.624  24.532 0.0000000000
92121  46.993  27.453  25.339 0.0000000000
92118  46.883  27.220  26.332 0.0000000000
91646  47.021  26.346  27.741 0.0000000000
91156  47.114  25.647  28.216 0.0000000000
91151  47.446  25.549  29.120 0.0000000000
123120  41.895  39.783  20.824 0.0000000000
97985  46.485  38.927  25.806 0.0000000000
98509  46.842  39.565  25.637 0.0000000000
97994  47.280  38.669  24.704 0.0000000000
97415  47.731  38.123  24.016 0.0000000000
97424  48.100  37.607  23.327 0.0000000000
111620  47.654  36.458  21.336 0.0000000000
113607  48.066  36.667  21.369 0.0000000000
97439  48.208  36.937  21.871 0.0000000000
97443  48.271  36.871  20.636 0.0000000000
96866  48.641  36.493  19.710 0.0000000000
96890  49.360  36.441  17.289 0.0000000000
96891  49.292  35.927  17.937 0.0000000000
96326  49.380  35.222  16.758 0.0000000000
95789  49.165  34.594  15.533 0.0000000000
95228  48.767  34.266  15.956 0.0000000000
95238  48.931  33.959  15.118 0.0000000000
95247  49.146  33.571  14.226 0.0000000000
122928  48.756  32.281  12.622 0.0000000000
94183  48.629  31.503  12.145 0.0000000000
90127  44.899  23.131  13.360 0.0000000000
130430  44.519  23.376  13.990 0.0000000000
90113  44.689  23.287  14.981 0.0000000000
112200  44.276  23.661  15.782 0.0000000000
90101  44.294  23.754  16.573 0.0000000000
90085  45.856  22.183  16.664 0.0000000000
90086  45.073  23.218  17.056 0.0000000000
90087  44.149  23.860  17.487 0.0000000000
90648  43.299  24.016  18.955 0.0000000000
90049  43.009  23.567  20.494 0.0000000000
90035  42.967  23.148  21.031 0.0000000000
86777  43.492  17.623  25.539 0.0000000000
87353  42.679  17.925  25.120 0.0000000000
86778  42.484  17.169  25.479 0.0000000000
91212  36.190  25.081  15.786 0.0000000000
90684  35.273  23.778  15.681 0.0000000000
90106  35.276  22.825  15.651 0.0000000000
89546  34.940  21.432  18.647 0.0000000000
127724  35.448  22.299  19.398 0.0000000000
89037  35.505  21.653  20.718 0.0000000000
99116  46.369  40.397  16.757 0.0000000000
96346  44.799  35.203  14.845 0.0000000000
96335  44.552  36.055  15.189 0.0000000000
95212  45.516  33.810  18.351 0.0000000000
128333  45.741  32.772  17.385 0.0000000000
94654  45.264  32.997  17.952 0.0000000000
94655  44.882  32.226  18.278 0.0000000000
94646  44.312  32.182  18.965 0.0000000000
95202  43.944  32.844  19.989 0.0000000000
94647  43.925  32.240  19.564 0.0000000000
94134  43.880  31.391  19.392 0.0000000000
93108  43.824  30.392  19.818 0.0000000000
93098  43.965  29.611  20.399 0.0000000000
93062  44.634  29.237  23.240 0.0000000000
93051  44.710  29.582  24.281 0.0000000000
93045  45.252  29.954  25.047 0.0000000000
99533  42.833  41.347  28.103 0.0000000000
99508  43.461  41.319  30.204 0.0000000000
99507  44.098  41.419  29.579 0.0000000000
135702  44.374  41.437  28.399 0.0000000000
99517  44.677  41.056  28.335 0.0000000000
99003  45.095  40.378  27.930 0.0000000000
98487  45.564  39.918  27.047 0.0000000000
97975  42.939  38.630  27.014 0.0000000000
98489  44.703  39.331  28.174 0.0000000000
97973  45.562  39.404  26.803 0.0000000000
112815  46.155  39.225  26.242 0.0000000000
118055  45.989  38.552  25.383 0.0000000000
97417  46.211  37.996  24.483 0.0000000000
96848  46.247  37.029  23.139 0.0000000000
96840  45.164  36.858  23.102 0.0000000000
119588  45.521  36.538  22.596 0.0000000000
96276  45.860  36.296  21.902 0.0000000000
96281  46.008  35.742  20.543 0.0000000000
95750  45.997  34.674  18.833 0.0000000000
120084  48.538  20.812  19.679 0.0000000000
88492  47.792  20.139  19.272 0.0000000000
88491  48.204  20.188  19.805 0.0000000000
128897  47.733  19.642  21.029 0.0000000000
87946  47.348  19.576  21.460 0.0000000000
87944  48.216  19.560  21.876 0.0000000000
87934  47.253  19.349  22.185 0.0000000000
87935  46.465  19.584  22.405 0.0000000000
87922  46.196  19.097  23.713 0.0000000000
87913  45.527  18.989  24.307 0.0000000000
87351  44.376  18.121  25.235 0.0000000000
87911  48.473  19.053  25.194 0.0000000000
86773  47.857  18.165  25.254 0.0000000000
87349  47.356  18.220  25.030 0.0000000000
128191  47.293  17.158  26.254 0.0000000000
87350  46.454  18.129  25.122 0.0000000000
86775  45.302  17.900  25.512 0.0000000000
86776  44.424  17.688  25.750 0.0000000000
86187  43.064  16.783  25.913 0.0000000000
91736  42.290  26.936  14.115 0.0000000000
91747  42.698  26.822  13.087 0.0000000000
133953  43.008  26.639  12.537 0.0000000000
91756  43.401  26.354  11.962 0.0000000000
92214  44.043  27.069  11.880 0.0000000000
91239  42.803  25.316  11.614 0.0000000000
91249  43.148  24.522  11.218 0.0000000000
90161  44.326  23.593  11.516 0.0000000000
90150  45.004  23.077  11.873 0.0000000000
92680  47.013  28.842  10.781 0.0000000000
92220  46.526  27.354  11.199 0.0000000000
91764  46.108  26.333  11.316 0.0000000000
91238  46.449  25.434  11.946 0.0000000000
91246  45.765  25.224  11.379 0.0000000000
90719  45.433  24.213  11.363 0.0000000000
90149  45.713  23.046  12.015 0.0000000000
89588  45.275  22.897  12.853 0.0000000000
89587  45.968  22.711  13.136 0.0000000000
89576  47.068  22.244  15.399 0.0000000000
89580  47.226  22.704  14.913 0.0000000000
89575  47.619  22.225  15.750 0.0000000000
89568  47.449  21.620  16.126 0.0000000000
89060  48.036  21.311  17.165 0.0000000000
89052  47.986  21.006  18.153 0.0000000000
124287  45.657  30.912  17.071 0.0000000000
93625  46.029  30.344  16.507 0.0000000000
93122  45.400  29.511  17.774 0.0000000000
135494  45.774  29.205  17.302 0.0000000000
93128  46.430  28.835  16.171 0.0000000000
92643  46.841  28.161  16.652 0.0000000000
92188  47.361  27.550  16.360 0.0000000000
117215  47.937  27.216  16.797 0.0000000000
92612  47.141  28.731  20.470 0.0000000000
119347  47.699  28.642  19.622 0.0000000000
92610  48.353  28.449  20.555 0.0000000000
123359  48.151  28.588  19.841 0.0000000000
92630  47.638  28.329  18.778 0.0000000000
92629  47.939  28.075  18.405 0.0000000000
117636  48.268  26.981  17.020 0.0000000000
91719  48.119  26.699  16.434 0.0000000000
91209  48.373  26.302  16.857 0.0000000000
91205  48.320  25.347  17.039 0.0000000000
90668  48.089  24.398  17.161 0.0000000000
91192  47.776  25.143  18.707 0.0000000000
90658  47.790  23.860  17.815 0.0000000000
114193  47.963  22.732  18.259 0.0000000000
89551  48.255  21.769  18.600 0.0000000000
89043  48.387  20.866  18.926 0.0000000000
89534  48.354  21.615  20.579 0.0000000000
90034  47.142  22.886  21.842 0.0000000000
89509  47.518  22.339  22.504 0.0000000000
89508  48.047  21.854  22.206 0.0000000000
88999  48.131  21.413  23.289 0.0000000000
88996  48.077  21.477  24.171 0.0000000000
88990  48.132  21.670  25.202 0.0000000000
91660  45.827  26.083  24.346 0.0000000000
90617  45.714  24.356  24.396 0.0000000000
90616  46.049  23.716  24.956 0.0000000000
90608  45.993  24.238  25.741 0.0000000000
90017  46.741  23.030  24.626 0.0000000000
89494  47.276  22.660  25.064 0.0000000000
128663  47.724  22.320  25.362 0.0000000000
88983  48.350  20.812  26.423 0.0000000000
88979  48.128  20.978  27.344 0.0000000000
88424  47.939  20.353  27.891 0.0000000000
101147  44.192  44.706  18.543 0.0000000000
100634  43.896  43.805  19.240 0.0000000000
101135  44.824  44.352  19.208 0.0000000000
101146  45.615  45.053  19.030 0.0000000000
101133  47.300  44.753  19.205 0.0000000000
100631  47.778  43.990  19.256 0.0000000000
119834  42.162  39.485  21.997 0.0000000000
98535  42.510  39.536  21.265 0.0000000000
98514  46.566  40.010  24.727 0.0000000000
99067  45.777  40.258  24.428 0.0000000000
98534  43.459  39.303  21.441 0.0000000000
98544  43.227  39.656  20.540 0.0000000000
128447  43.442  40.141  19.878 0.0000000000
118612  44.120  40.476  19.522 0.0000000000
99592  45.082  41.092  19.461 0.0000000000
98550  45.959  39.537  19.547 0.0000000000
124170  45.995  40.554  19.432 0.0000000000
120005  46.315  41.885  19.504 0.0000000000
117783  47.777  42.217  19.282 0.0000000000
100105  48.235  43.112  19.096 0.0000000000
100120  48.726  42.829  18.334 0.0000000000
134007  49.314  42.017  17.616 0.0000000000
98562  49.081  39.722  16.325 0.0000000000
98031  49.077  39.083  15.761 0.0000000000
97493  48.078  36.957  14.718 0.0000000000
96908  49.542  36.736  16.273 0.0000000000
96917  49.609  36.555  15.299 0.0000000000
96926  49.444  36.255  14.627 0.0000000000
95805  49.130  34.500  13.286 0.0000000000
96351  49.056  35.122  13.562 0.0000000000
96938  48.692  35.646  13.790 0.0000000000
96344  47.838  35.698  13.856 0.0000000000
96353  47.456  35.021  13.504 0.0000000000
95797  46.549  34.720  13.819 0.0000000000
95248  45.664  33.564  14.160 0.0000000000
94689  45.645  32.676  13.895 0.0000000000
94170  44.879  31.405  14.148 0.0000000000
94179  45.408  30.985  13.143 0.0000000000
93639  44.727  30.549  13.973 0.0000000000
92661  43.498  28.408  14.088 0.0000000000
130115  41.148  25.721  13.049 0.0000000000
91749  40.399  25.550  13.171 0.0000000000
91233  39.859  24.575  12.472 0.0000000000
90713  40.552  23.796  11.927 0.0000000000
128303  39.966  23.793  11.969 0.0000000000
90714  39.609  23.930  12.577 0.0000000000
90132  39.260  23.559  13.602 0.0000000000
90118  38.867  23.485  14.350 0.0000000000
90102  38.632  23.486  15.245 0.0000000000
90128  43.611  23.725  14.259 0.0000000000
90115  42.610  23.789  14.641 0.0000000000
129644  41.591  24.174  15.951 0.0000000000
90690  41.105  23.846  15.100 0.0000000000
120081  39.992  24.035  15.870 0.0000000000
90682  39.283  23.865  16.227 0.0000000000
90674  38.685  23.813  16.959 0.0000000000
118422  38.227  23.674  18.508 0.0000000000
115078  37.580  23.592  19.867 0.0000000000
90053  38.494  23.648  20.481 0.0000000000
90054  37.469  23.466  20.827 0.0000000000
128001  36.591  22.696  21.454 0.0000000000
89034  46.802  20.497  19.681 0.0000000000
89035  45.785  21.228  20.318 0.0000000000
89009  45.268  20.855  21.907 0.0000000000
113775  44.949  21.585  21.267 0.0000000000
89036  44.950  21.984  20.569 0.0000000000
89524  44.228  22.356  21.124 0.0000000000
89525  43.347  22.706  21.389 0.0000000000
89511  42.121  22.715  22.209 0.0000000000
87361  42.840  18.596  24.800 0.0000000000
87915  42.962  19.253  24.516 0.0000000000
135128  42.372  19.658  24.424 0.0000000000
115970  41.356  18.837  24.571 0.0000000000
126666  41.617  19.599  24.447 0.0000000000
88460  42.573  20.855  23.707 0.0000000000
89001  42.141  21.605  23.267 0.0000000000
89012  41.721  22.242  22.823 0.0000000000
89512  41.229  22.839  22.382 0.0000000000
89513  40.357  22.735  22.503 0.0000000000
89013  39.200  21.923  23.088 0.0000000000
132777  48.348  15.252  29.928 0.0000000000
84957  48.280  14.238  29.013 0.0000000000
84300  48.201  13.340  28.954 0.0000000000
84299  48.345  13.512  29.319 0.0000000000
85542  48.445  14.993  29.323 0.0000000000
85543  48.335  15.773  29.610 0.0000000000
85555  48.021  15.350  28.209 0.0000000000
85570  45.896  15.503  27.517 0.0000000000
86179  46.600  16.849  26.761 0.0000000000
86189  41.785  16.703  25.324 0.0000000000
87313  47.918  18.067  29.536 0.0000000000
87348  48.112  18.651  24.817 0.0000000000
87355  47.997  18.915  24.005 0.0000000000
87360  44.283  18.549  24.845 0.0000000000
87366  47.946  19.093  23.151 0.0000000000
87933  47.908  19.264  22.378 0.0000000000
87945  47.853  19.453  21.642 0.0000000000
87954  47.914  19.815  20.283 0.0000000000
88451  42.021  20.292  24.222 0.0000000000
88472  44.387  20.699  22.984 0.0000000000
89002  40.658  21.608  23.440 0.0000000000
89008  48.277  21.377  22.434 0.0000000000
89025  44.341  21.559  22.089 0.0000000000
89026  36.436  21.985  21.707 0.0000000000
89032  48.533  20.466  21.138 0.0000000000
89504  47.366  22.398  23.395 0.0000000000
89510  43.000  22.510  22.075 0.0000000000
89515  38.031  22.241  22.468 0.0000000000
89526  42.555  23.004  21.551 0.0000000000
89553  45.513  22.346  17.531 0.0000000000
89559  47.545  21.137  16.803 0.0000000000
89582  46.212  22.728  13.973 0.0000000000
89583  45.659  22.833  13.482 0.0000000000
89592  45.552  22.888  12.445 0.0000000000
89593  44.909  22.979  12.298 0.0000000000
90010  47.421  22.786  25.937 0.0000000000
90027  38.579  22.782  22.205 0.0000000000
90038  39.075  23.452  21.142 0.0000000000
90041  36.779  23.240  21.034 0.0000000000
90073  44.674  23.220  17.954 0.0000000000
90074  43.994  23.867  18.276 0.0000000000
90138  47.305  23.294  13.668 0.0000000000
90143  40.680  23.391  12.470 0.0000000000
90146  39.047  23.776  13.350 0.0000000000
90151  44.213  23.295  12.014 0.0000000000
90155  40.249  23.480  12.130 0.0000000000
90156  39.910  23.545  12.267 0.0000000000
90159  45.809  23.579  11.768 0.0000000000
90160  45.151  23.473  11.505 0.0000000000
90649  42.386  24.170  19.223 0.0000000000
90652  39.790  23.994  19.120 0.0000000000
90663  38.864  23.820  17.998 0.0000000000
90671  41.571  24.467  16.935 0.0000000000
90683  38.477  23.550  16.051 0.0000000000
90711  46.815  23.676  12.496 0.0000000000
90721  43.633  23.991  11.176 0.0000000000
90723  42.188  24.409  11.506 0.0000000000
91167  45.602  25.250  23.921 0.0000000000
91174  46.311  25.882  21.563 0.0000000000
91180  46.365  25.142  20.977 0.0000000000
91228  37.606  24.461  14.094 0.0000000000
91242  40.336  24.201  11.939 0.0000000000
91653  45.843  26.000  25.229 0.0000000000
91696  48.519  27.054  19.556 0.0000000000
91720  39.668  26.875  16.061 0.0000000000
92132  48.436  28.323  22.811 0.0000000000
92138  48.486  28.270  22.057 0.0000000000
92173  48.124  27.821  18.393 0.0000000000
92179  48.031  27.521  17.656 0.0000000000
92219  47.056  28.199  11.053 0.0000000000
92579  48.419  29.261  23.891 0.0000000000
92638  40.424  28.581  17.121 0.0000000000
92655  41.808  28.048  15.643 0.0000000000
92681  46.438  28.827  10.810 0.0000000000
93059  48.067  29.592  23.277 0.0000000000
93063  43.672  29.471  23.639 0.0000000000
93072  48.091  29.322  22.527 0.0000000000
93077  42.832  29.938  22.380 0.0000000000
93081  47.756  29.306  22.017 0.0000000000
93129  46.039  29.471  16.663 0.0000000000
93151  47.903  29.510  11.545 0.0000000000
93158  46.332  29.429  11.007 0.0000000000
93562  48.125  31.211  25.452 0.0000000000
93566  45.222  30.461  25.698 0.0000000000
93570  48.136  30.666  24.729 0.0000000000
93649  48.437  30.945  11.643 0.0000000000
94065  47.802  31.895  26.427 0.0000000000
94082  48.021  31.710  25.873 0.0000000000
94141  44.534  31.388  18.574 0.0000000000
94190  48.428  31.460  11.720 0.0000000000
94192  47.577  30.796  11.149 0.0000000000
94638  43.533  32.066  20.173 0.0000000000
94686  49.204  33.382  13.491 0.0000000000
94723  48.313  31.658  11.655 0.0000000000
95221  45.969  33.519  17.583 0.0000000000
95237  49.245  34.287  14.629 0.0000000000
95255  49.242  33.652  13.156 0.0000000000
95256  48.170  33.760  12.676 0.0000000000
95266  49.126  33.998  12.938 0.0000000000
95267  48.989  33.315  12.737 0.0000000000
95729  44.460  35.180  21.032 0.0000000000
95780  49.442  35.101  15.873 0.0000000000
96272  42.986  35.312  22.125 0.0000000000
96315  49.436  35.833  17.023 0.0000000000
96343  49.163  35.925  14.102 0.0000000000
96350  49.245  34.742  13.691 0.0000000000
96849  44.533  36.381  22.545 0.0000000000
96850  43.711  36.438  22.537 0.0000000000
96857  48.018  36.661  22.152 0.0000000000
96858  47.165  36.600  22.026 0.0000000000
96874  49.216  36.709  18.017 0.0000000000
96919  44.965  36.728  15.134 0.0000000000
96927  49.212  36.605  14.469 0.0000000000
96928  48.570  36.348  14.248 0.0000000000
97421  41.349  37.774  24.155 0.0000000000
97434  48.175  36.962  22.769 0.0000000000
97435  47.397  37.063  23.205 0.0000000000
97449  48.993  37.439  17.950 0.0000000000
97972  46.559  39.364  25.949 0.0000000000
97995  46.737  38.576  25.048 0.0000000000
97999  41.854  38.163  24.866 0.0000000000
98009  48.128  37.549  22.437 0.0000000000
98034  45.416  38.705  16.063 0.0000000000
98046  49.258  38.598  15.625 0.0000000000
98502  46.544  39.879  26.046 0.0000000000
98513  47.019  39.419  24.952 0.0000000000
98516  47.404  39.014  23.520 0.0000000000
98536  41.657  39.601  21.434 0.0000000000
98960  44.041  40.728  30.370 0.0000000000
98963  41.980  41.097  31.433 0.0000000000
98975  44.526  40.604  29.661 0.0000000000
99022  45.997  40.131  26.440 0.0000000000
99039  45.517  40.687  25.683 0.0000000000
99053  46.668  40.016  25.460 0.0000000000
99518  43.949  41.558  28.728 0.0000000000
99551  44.326  41.231  26.840 0.0000000000
99552  42.948  41.307  27.075 0.0000000000
99563  44.111  41.108  26.001 0.0000000000
99584  40.730  41.148  19.935 0.0000000000
100109  43.812  42.952  19.483 0.0000000000
100635  43.005  43.416  18.979 0.0000000000
100652  42.434  43.618  18.538 0.0000000000
101149  41.703  43.766  18.139 0.0000000000
111632  46.709  19.303  22.967 0.0000000000
111830  46.995  29.841  23.842 0.0000000000
111940  42.336  23.518  20.970 0.0000000000
112349  40.825  24.438  17.033 0.0000000000
112698  46.374  36.324  14.438 0.0000000000
113021  43.771  38.635  26.564 0.0000000000
113685  41.417  23.356  12.957 0.0000000000
114784  46.804  21.496  16.436 0.0000000000
116073  46.978  39.074  25.455 0.0000000000
117041  48.265  18.316  25.517 0.0000000000
117133  42.333  34.821  22.229 0.0000000000
118201  46.566  29.245  22.462 0.0000000000
118782  40.754  23.922  20.462 0.0000000000
119901  43.914  41.169  30.334 0.0000000000
120495  44.797  44.724  18.924 0.0000000000
120593  48.773  32.679  12.550 0.0000000000
121923  43.459  21.868  22.471 0.0000000000
124235  48.218  33.864  16.272 0.0000000000
124770  44.714  37.394  23.557 0.0000000000
124914  48.557  42.391  18.749 0.0000000000
125524  48.440  26.700  18.856 0.0000000000
125609  44.958  35.720  21.426 0.0000000000
126270  46.740  28.316  18.338 0.0000000000
128042  45.661  35.907  21.178 0.0000000000
128754  45.437  34.775  19.507 0.0000000000
130779  44.847  39.216  27.338 0.0000000000
131263  46.916  25.053  27.741 0.0000000000
132171  46.643  31.409  11.751 0.0000000000
133191  46.299  39.899  24.075 0.0000000000
133559  45.112  37.764  15.683 0.0000000000
133832  37.672  23.589  19.003 0.0000000000
133881  47.357  29.297  10.887 0.0000000000
134474  48.230  20.372  19.221 0.0000000000
134704  44.370  38.918  27.007 0.0000000000
134938  48.135  28.918  21.057 0.0000000000
135222  43.812  41.430  27.177 0.0000000000
135485  45.971  28.394  10.818 0.0000000000
