#!ascii label  , from subject bert vox2ras=TkReg
1059
52259  5.388  -28.292  66.262 0.0000000000
39121  3.861  -41.493  46.063 0.0000000000
44263  0.542  -35.865  60.322 0.0000000000
46980  4.896  -31.994  56.056 0.0000000000
50802  4.812  -27.442  49.023 0.0000000000
128626  3.366  -33.092  64.380 0.0000000000
134396  3.634  -30.614  62.788 0.0000000000
114189  9.206  -29.149  65.673 0.0000000000
115610  5.651  -34.354  64.625 0.0000000000
40840  3.101  -38.732  61.646 0.0000000000
127697  1.119  -28.856  55.975 0.0000000000
48117  4.483  -30.009  52.142 0.0000000000
53157  0.044  -25.724  52.995 0.0000000000
122924  -0.768  -38.357  55.655 0.0000000000
44348  1.415  -37.068  53.260 0.0000000000
45971  1.822  -33.802  58.330 0.0000000000
48943  0.672  -30.456  59.706 0.0000000000
45253  4.374  -35.676  50.072 0.0000000000
46152  7.068  -33.499  46.311 0.0000000000
47097  3.068  -32.057  44.714 0.0000000000
53201  2.814  -24.942  46.874 0.0000000000
48871  4.176  -30.258  66.595 0.0000000000
49822  4.118  -29.459  65.002 0.0000000000
49781  7.519  -28.652  68.170 0.0000000000
46874  6.759  -31.665  65.276 0.0000000000
46865  5.340  -31.309  66.905 0.0000000000
45034  4.192  -33.605  65.281 0.0000000000
116404  0.416  -28.164  54.161 0.0000000000
43525  -1.110  -36.803  58.247 0.0000000000
113788  -0.626  -35.379  57.007 0.0000000000
45076  0.425  -34.392  59.949 0.0000000000
50699  2.064  -28.491  61.752 0.0000000000
129447  3.439  -30.365  61.489 0.0000000000
42680  0.622  -37.604  61.664 0.0000000000
122936  1.608  -38.673  60.004 0.0000000000
41827  0.159  -37.919  58.926 0.0000000000
115453  -0.304  -40.027  56.881 0.0000000000
46013  3.547  -34.014  54.917 0.0000000000
44354  3.053  -36.389  51.242 0.0000000000
133432  4.921  -33.986  53.141 0.0000000000
49937  4.515  -28.772  51.266 0.0000000000
48132  7.102  -31.306  50.615 0.0000000000
49093  6.787  -30.207  47.425 0.0000000000
121000  4.655  -32.740  44.760 0.0000000000
49108  4.832  -29.987  45.929 0.0000000000
44233  1.384  -35.084  62.988 0.0000000000
45929  1.332  -33.451  61.967 0.0000000000
47910  2.815  -32.302  63.809 0.0000000000
50694  3.585  -28.027  63.474 0.0000000000
47892  10.579  -30.072  64.287 0.0000000000
46915  9.711  -32.075  61.472 0.0000000000
46884  8.791  -31.507  63.668 0.0000000000
44231  7.780  -34.901  62.912 0.0000000000
42633  4.716  -36.634  63.518 0.0000000000
120278  2.517  -35.732  63.761 0.0000000000
131696  1.532  -30.492  55.999 0.0000000000
115115  4.156  -31.072  53.646 0.0000000000
49011  1.643  -29.456  53.920 0.0000000000
49911  1.933  -28.542  52.463 0.0000000000
51567  1.799  -27.060  51.535 0.0000000000
53035  7.349  -26.883  65.280 0.0000000000
48915  14.179  -28.574  62.238 0.0000000000
49807  14.793  -27.301  64.348 0.0000000000
49785  11.807  -28.901  67.617 0.0000000000
51462  9.360  -27.093  68.305 0.0000000000
39996  -1.026  -40.547  53.026 0.0000000000
41923  0.068  -38.937  51.926 0.0000000000
117872  -0.410  -37.127  54.315 0.0000000000
114434  1.258  -34.665  55.920 0.0000000000
45985  4.107  -33.172  57.505 0.0000000000
46931  3.333  -32.633  60.917 0.0000000000
47982  4.423  -31.076  59.668 0.0000000000
48015  3.052  -31.031  57.757 0.0000000000
48967  0.202  -30.305  57.388 0.0000000000
118967  1.605  -39.240  50.534 0.0000000000
122338  3.040  -38.295  48.994 0.0000000000
41959  5.232  -38.648  47.753 0.0000000000
112769  6.121  -32.893  51.911 0.0000000000
45267  6.442  -34.743  48.554 0.0000000000
42848  5.422  -37.818  46.312 0.0000000000
43615  3.518  -36.224  45.369 0.0000000000
44414  2.274  -35.087  44.529 0.0000000000
53951  0.296  -24.527  52.704 0.0000000000
53175  2.165  -25.076  50.682 0.0000000000
53980  2.739  -23.872  49.201 0.0000000000
52387  3.948  -26.440  47.520 0.0000000000
120750  2.548  -28.938  45.498 0.0000000000
128183  4.833  -28.831  66.852 0.0000000000
51479  4.613  -28.516  65.677 0.0000000000
52265  5.118  -27.710  65.467 0.0000000000
50656  6.317  -28.092  67.447 0.0000000000
48867  6.550  -30.571  68.139 0.0000000000
127782  4.746  -29.146  68.423 0.0000000000
134323  4.436  -30.993  67.657 0.0000000000
38275  2.564  -42.295  44.865 0.0000000000
124747  2.701  -40.925  45.082 0.0000000000
43505  -0.251  -36.814  59.375 0.0000000000
44283  -0.796  -36.138  58.618 0.0000000000
44273  -0.128  -35.570  59.938 0.0000000000
47966  11.761  -30.537  60.902 0.0000000000
43493  0.496  -36.828  60.840 0.0000000000
41801  0.499  -37.775  60.419 0.0000000000
42694  0.015  -37.280  59.561 0.0000000000
41828  -0.419  -37.820  58.848 0.0000000000
46012  4.179  -33.394  55.610 0.0000000000
45159  3.864  -34.037  54.128 0.0000000000
112450  4.998  -32.986  55.190 0.0000000000
49936  5.071  -28.688  50.660 0.0000000000
49951  5.995  -29.154  49.481 0.0000000000
50800  5.844  -28.578  48.845 0.0000000000
49107  5.492  -29.883  46.472 0.0000000000
50814  5.349  -27.888  47.009 0.0000000000
45045  2.670  -34.445  63.275 0.0000000000
120156  2.537  -33.020  63.418 0.0000000000
46885  2.951  -32.515  64.001 0.0000000000
119865  4.012  -28.773  64.490 0.0000000000
52295  3.353  -27.701  62.462 0.0000000000
47881  9.703  -29.493  65.028 0.0000000000
46877  9.358  -30.832  64.153 0.0000000000
47894  9.090  -30.603  64.574 0.0000000000
45030  6.187  -33.370  65.129 0.0000000000
45036  7.252  -33.418  64.223 0.0000000000
44224  6.828  -34.431  64.062 0.0000000000
43447  5.233  -35.984  63.799 0.0000000000
45908  3.940  -33.157  65.220 0.0000000000
44221  3.608  -34.939  64.232 0.0000000000
134295  3.440  -33.979  64.120 0.0000000000
43452  1.458  -35.512  63.286 0.0000000000
128188  1.387  -29.549  56.018 0.0000000000
48071  1.662  -30.125  54.639 0.0000000000
49892  1.457  -28.996  54.707 0.0000000000
52344  0.125  -26.555  53.366 0.0000000000
128621  1.150  -28.225  53.291 0.0000000000
112753  1.127  -26.861  52.662 0.0000000000
50767  1.957  -27.908  51.689 0.0000000000
52350  1.135  -26.106  52.506 0.0000000000
49795  11.940  -28.265  66.750 0.0000000000
41889  -1.067  -38.955  54.091 0.0000000000
41900  -0.683  -38.438  53.128 0.0000000000
119435  -0.711  -37.716  54.923 0.0000000000
121659  0.636  -34.548  57.608 0.0000000000
45128  -0.095  -34.889  56.398 0.0000000000
45108  1.514  -34.120  57.498 0.0000000000
46000  2.481  -33.786  57.163 0.0000000000
45986  3.261  -33.575  57.745 0.0000000000
46905  2.788  -32.326  62.477 0.0000000000
46918  2.024  -32.874  61.907 0.0000000000
47955  3.474  -31.642  62.085 0.0000000000
48933  1.170  -30.129  60.636 0.0000000000
48931  3.808  -30.548  60.856 0.0000000000
48941  3.579  -30.448  60.006 0.0000000000
48953  3.895  -30.686  59.265 0.0000000000
48955  1.468  -30.961  58.895 0.0000000000
47999  0.671  -31.022  57.964 0.0000000000
48956  0.047  -30.794  58.723 0.0000000000
45050  9.443  -33.521  61.503 0.0000000000
45950  10.144  -33.624  59.912 0.0000000000
40839  3.855  -38.659  61.546 0.0000000000
39899  4.430  -38.448  59.273 0.0000000000
128988  3.139  -39.158  60.289 0.0000000000
39914  1.216  -38.842  58.236 0.0000000000
39913  1.907  -39.454  58.388 0.0000000000
40934  -0.670  -39.515  56.448 0.0000000000
40952  -0.956  -39.690  55.682 0.0000000000
131855  -0.082  -37.867  52.561 0.0000000000
133983  0.963  -38.936  51.330 0.0000000000
117683  1.343  -37.927  52.435 0.0000000000
45234  3.489  -36.177  50.978 0.0000000000
43584  3.057  -36.738  50.384 0.0000000000
43583  3.457  -36.689  49.696 0.0000000000
129882  3.829  -38.460  48.661 0.0000000000
124375  4.619  -36.676  48.614 0.0000000000
48084  4.392  -30.755  53.039 0.0000000000
47007  5.894  -31.982  52.928 0.0000000000
48098  5.644  -31.189  52.327 0.0000000000
46129  7.435  -32.353  48.217 0.0000000000
46115  6.849  -33.221  49.688 0.0000000000
45266  7.058  -34.222  48.001 0.0000000000
43603  6.426  -36.337  46.744 0.0000000000
44403  6.696  -35.632  46.308 0.0000000000
131171  5.135  -36.749  45.627 0.0000000000
44408  5.767  -35.032  45.228 0.0000000000
47096  4.012  -32.172  44.762 0.0000000000
46164  3.437  -33.661  44.734 0.0000000000
46165  2.713  -33.572  44.673 0.0000000000
54739  1.177  -23.278  52.649 0.0000000000
112447  1.569  -24.790  51.543 0.0000000000
53964  1.883  -24.145  50.789 0.0000000000
122576  2.897  -23.399  47.482 0.0000000000
112717  2.938  -23.543  48.241 0.0000000000
129454  3.311  -25.189  48.647 0.0000000000
52388  3.425  -25.951  47.307 0.0000000000
51621  2.749  -27.450  46.266 0.0000000000
117584  2.395  -26.670  46.339 0.0000000000
47884  3.968  -31.441  65.590 0.0000000000
47895  3.727  -31.134  65.135 0.0000000000
49810  4.129  -29.807  65.645 0.0000000000
48865  8.442  -29.300  66.866 0.0000000000
47883  7.901  -30.707  65.304 0.0000000000
115430  7.169  -30.654  66.252 0.0000000000
46869  6.041  -31.606  66.057 0.0000000000
45906  5.458  -33.216  65.701 0.0000000000
45032  5.168  -33.734  65.495 0.0000000000
45901  4.503  -32.579  65.853 0.0000000000
47878  4.319  -31.711  66.151 0.0000000000
51536  0.294  -27.457  56.136 0.0000000000
116405  0.510  -28.226  55.067 0.0000000000
52332  0.026  -26.975  55.324 0.0000000000
129752  -0.040  -26.077  54.851 0.0000000000
53152  -0.007  -25.873  53.864 0.0000000000
112560  -0.981  -37.822  57.151 0.0000000000
42743  -0.857  -37.161  56.533 0.0000000000
44289  -1.068  -36.072  57.710 0.0000000000
44282  -0.506  -35.370  58.068 0.0000000000
45972  1.297  -33.909  58.999 0.0000000000
49836  2.975  -29.059  62.683 0.0000000000
47941  3.591  -30.636  62.212 0.0000000000
49843  2.143  -29.111  62.001 0.0000000000
48928  0.732  -29.573  60.802 0.0000000000
134122  0.103  -29.427  60.268 0.0000000000
49850  -0.229  -29.373  59.449 0.0000000000
41781  1.724  -38.169  62.214 0.0000000000
40857  1.849  -39.110  60.727 0.0000000000
40858  1.178  -38.487  60.521 0.0000000000
40874  1.185  -38.206  59.577 0.0000000000
39915  0.501  -38.763  57.946 0.0000000000
39931  0.246  -39.464  57.286 0.0000000000
41840  -0.297  -38.391  58.374 0.0000000000
41855  -0.757  -38.385  57.671 0.0000000000
45161  1.973  -34.868  54.200 0.0000000000
44347  2.258  -36.516  52.584 0.0000000000
45178  2.704  -34.999  52.968 0.0000000000
123256  3.576  -34.848  52.643 0.0000000000
114597  4.111  -35.013  51.869 0.0000000000
48135  4.456  -29.576  51.760 0.0000000000
49033  5.589  -29.993  51.370 0.0000000000
49048  5.910  -29.649  50.722 0.0000000000
49065  6.994  -30.131  49.265 0.0000000000
47074  7.172  -32.027  47.296 0.0000000000
135633  6.460  -32.677  45.967 0.0000000000
48181  5.865  -31.232  46.186 0.0000000000
131381  5.310  -30.968  45.758 0.0000000000
48183  4.017  -30.552  45.085 0.0000000000
53997  1.790  -24.543  45.656 0.0000000000
52402  1.113  -26.389  45.122 0.0000000000
135678  1.184  -24.944  44.862 0.0000000000
44237  1.024  -35.729  61.933 0.0000000000
45053  1.102  -35.029  60.773 0.0000000000
45051  1.101  -34.460  62.323 0.0000000000
46894  2.192  -32.958  63.066 0.0000000000
47926  3.173  -31.514  63.780 0.0000000000
48897  3.874  -30.364  64.874 0.0000000000
48907  3.703  -30.469  64.183 0.0000000000
48916  3.604  -29.566  63.360 0.0000000000
50695  3.026  -28.181  62.515 0.0000000000
132020  11.489  -30.014  63.402 0.0000000000
47940  11.286  -30.652  62.216 0.0000000000
46882  10.393  -30.944  63.442 0.0000000000
46879  7.790  -31.509  64.537 0.0000000000
45042  8.204  -33.601  63.350 0.0000000000
44234  8.491  -34.618  61.842 0.0000000000
41777  5.238  -38.028  62.153 0.0000000000
41759  3.767  -37.653  62.847 0.0000000000
43438  4.147  -35.228  64.253 0.0000000000
42635  3.211  -36.561  63.867 0.0000000000
42645  2.689  -37.149  63.403 0.0000000000
42647  1.024  -36.867  63.201 0.0000000000
43475  0.795  -36.436  62.407 0.0000000000
113014  3.365  -31.208  55.768 0.0000000000
48048  4.566  -31.568  55.524 0.0000000000
48050  2.364  -31.119  55.108 0.0000000000
48086  2.603  -30.630  53.795 0.0000000000
48101  2.907  -29.892  53.353 0.0000000000
119810  1.279  -28.970  54.091 0.0000000000
49020  1.923  -29.231  53.408 0.0000000000
49034  3.397  -29.267  52.462 0.0000000000
49939  3.106  -28.527  51.846 0.0000000000
49953  3.336  -28.133  51.426 0.0000000000
50791  3.662  -27.651  50.832 0.0000000000
135529  6.343  -27.242  65.658 0.0000000000
47923  12.748  -29.401  62.488 0.0000000000
50686  16.979  -27.125  63.053 0.0000000000
117187  15.765  -26.799  64.006 0.0000000000
48891  15.326  -27.632  63.585 0.0000000000
48892  14.162  -28.044  63.421 0.0000000000
48906  12.814  -28.666  63.327 0.0000000000
112433  11.899  -29.588  63.337 0.0000000000
130879  10.410  -28.573  65.479 0.0000000000
49797  9.798  -28.222  66.657 0.0000000000
50660  10.934  -28.689  68.163 0.0000000000
50661  9.513  -28.690  68.130 0.0000000000
51463  8.530  -27.493  68.079 0.0000000000
51472  7.311  -27.560  66.565 0.0000000000
42789  -0.160  -38.084  52.474 0.0000000000
44337  0.736  -36.785  53.714 0.0000000000
44312  -0.083  -35.892  55.117 0.0000000000
44311  0.712  -35.759  54.888 0.0000000000
45162  1.339  -35.437  54.607 0.0000000000
45141  2.119  -34.259  55.783 0.0000000000
134903  3.526  -33.507  56.236 0.0000000000
45984  4.631  -32.553  57.191 0.0000000000
119020  0.942  -34.095  61.257 0.0000000000
118082  1.455  -33.673  60.289 0.0000000000
45952  2.794  -33.427  59.454 0.0000000000
47954  3.841  -31.059  61.519 0.0000000000
46930  4.099  -32.179  60.568 0.0000000000
130453  4.055  -32.863  59.500 0.0000000000
46943  4.374  -32.613  58.975 0.0000000000
117510  4.309  -31.373  58.052 0.0000000000
48013  4.361  -31.491  57.157 0.0000000000
115099  2.154  -31.128  57.061 0.0000000000
48034  1.148  -30.531  56.593 0.0000000000
49870  0.970  -29.022  56.778 0.0000000000
49853  0.047  -29.271  58.526 0.0000000000
121448  0.968  -28.848  57.451 0.0000000000
50717  0.877  -28.533  56.572 0.0000000000
127891  4.338  -39.062  57.400 0.0000000000
40872  2.425  -39.146  59.913 0.0000000000
127929  2.286  -37.308  50.944 0.0000000000
131255  2.554  -38.787  49.563 0.0000000000
40073  5.033  -39.592  47.218 0.0000000000
46028  5.439  -32.006  53.601 0.0000000000
46068  5.512  -33.670  52.182 0.0000000000
46102  5.117  -34.327  50.779 0.0000000000
48115  6.710  -31.651  51.285 0.0000000000
46116  6.228  -33.810  49.895 0.0000000000
45252  4.986  -34.997  49.667 0.0000000000
42831  5.361  -36.858  47.884 0.0000000000
118219  5.590  -38.123  47.172 0.0000000000
41090  4.421  -39.363  46.353 0.0000000000
41978  3.956  -38.659  45.927 0.0000000000
45289  4.509  -33.960  44.914 0.0000000000
112388  3.090  -35.661  45.164 0.0000000000
53944  -0.091  -24.340  53.050 0.0000000000
54719  -0.024  -22.761  53.748 0.0000000000
53952  0.098  -24.924  52.697 0.0000000000
53170  1.268  -25.272  52.146 0.0000000000
52362  2.156  -25.977  50.968 0.0000000000
52370  3.299  -26.551  50.017 0.0000000000
53971  2.410  -24.245  50.055 0.0000000000
52378  3.327  -25.791  49.281 0.0000000000
51600  4.365  -26.850  48.327 0.0000000000
51619  4.319  -27.686  46.643 0.0000000000
125082  3.340  -29.032  45.531 0.0000000000
49123  3.022  -30.146  44.860 0.0000000000
50001  1.904  -29.687  44.510 0.0000000000
51474  5.023  -28.567  66.426 0.0000000000
119035  5.243  -28.151  65.868 0.0000000000
117150  5.439  -27.768  65.678 0.0000000000
50664  5.625  -28.417  67.000 0.0000000000
49783  5.780  -28.175  68.082 0.0000000000
50665  4.979  -28.616  67.073 0.0000000000
111983  4.333  -28.432  67.736 0.0000000000
38273  3.772  -42.129  46.029 0.0000000000
39122  3.089  -41.714  45.412 0.0000000000
114301  3.543  -40.930  45.724 0.0000000000
43511  -0.098  -36.237  59.703 0.0000000000
132670  12.695  -29.881  61.915 0.0000000000
119728  12.566  -30.185  61.049 0.0000000000
47952  11.993  -30.418  61.655 0.0000000000
131344  0.716  -36.314  60.700 0.0000000000
42693  0.334  -37.322  60.239 0.0000000000
43504  0.263  -36.673  60.073 0.0000000000
46011  4.827  -32.673  55.868 0.0000000000
46990  5.151  -32.138  55.164 0.0000000000
50790  4.535  -27.870  50.265 0.0000000000
50789  5.640  -28.808  49.901 0.0000000000
119944  5.344  -28.161  49.601 0.0000000000
50813  5.890  -28.460  47.587 0.0000000000
50801  5.501  -27.851  48.270 0.0000000000
45041  3.196  -33.809  63.845 0.0000000000
112660  2.975  -33.098  63.866 0.0000000000
46880  3.304  -32.492  64.420 0.0000000000
115221  9.177  -30.312  64.836 0.0000000000
47874  8.887  -30.089  65.251 0.0000000000
45038  6.127  -34.011  65.115 0.0000000000
45037  6.641  -33.786  64.548 0.0000000000
44217  6.275  -34.185  64.419 0.0000000000
43445  6.679  -35.518  63.401 0.0000000000
44225  6.212  -34.754  63.824 0.0000000000
43446  5.999  -35.671  63.632 0.0000000000
44226  5.375  -34.965  63.944 0.0000000000
45913  3.670  -33.485  64.648 0.0000000000
134364  3.783  -33.976  64.601 0.0000000000
122667  1.281  -29.152  56.062 0.0000000000
113958  1.535  -29.222  55.286 0.0000000000
49882  1.309  -28.851  55.273 0.0000000000
51551  0.699  -27.078  53.115 0.0000000000
52351  0.624  -26.224  52.900 0.0000000000
41877  -0.970  -39.046  55.147 0.0000000000
111850  -0.868  -38.415  54.767 0.0000000000
45109  0.956  -34.301  58.286 0.0000000000
129309  2.374  -33.728  57.844 0.0000000000
45970  2.893  -33.588  58.555 0.0000000000
47942  3.385  -31.440  62.921 0.0000000000
48942  2.105  -30.441  59.981 0.0000000000
48954  3.023  -30.693  59.208 0.0000000000
48944  -0.195  -30.214  59.392 0.0000000000
40855  3.549  -39.108  60.976 0.0000000000
39930  0.771  -39.508  57.446 0.0000000000
38990  1.356  -39.664  57.677 0.0000000000
112078  -0.779  -39.080  55.916 0.0000000000
40970  -1.186  -39.754  54.779 0.0000000000
43555  0.018  -37.133  53.182 0.0000000000
43574  0.946  -38.434  52.244 0.0000000000
43554  1.100  -37.732  53.100 0.0000000000
45233  4.073  -35.724  50.701 0.0000000000
44376  3.337  -36.562  50.134 0.0000000000
44375  3.958  -36.264  49.744 0.0000000000
43595  3.857  -36.604  49.173 0.0000000000
48100  3.987  -30.135  52.726 0.0000000000
48099  4.748  -30.559  52.378 0.0000000000
48116  5.215  -30.362  51.857 0.0000000000
129866  7.372  -32.819  47.511 0.0000000000
46130  7.309  -33.347  48.215 0.0000000000
45278  7.295  -34.427  46.996 0.0000000000
122188  7.052  -35.168  46.774 0.0000000000
45287  6.751  -34.580  45.829 0.0000000000
44407  6.357  -35.547  45.691 0.0000000000
122622  3.195  -32.931  44.705 0.0000000000
55602  1.167  -22.323  52.807 0.0000000000
54746  1.422  -23.266  51.734 0.0000000000
53988  3.089  -24.176  47.442 0.0000000000
53196  3.340  -25.144  47.621 0.0000000000
52394  2.739  -25.811  46.716 0.0000000000
52395  1.796  -26.148  45.990 0.0000000000
48876  4.083  -30.768  66.103 0.0000000000
48883  4.009  -30.592  65.714 0.0000000000
49798  4.085  -30.057  66.174 0.0000000000
52276  4.581  -27.436  64.889 0.0000000000
112257  7.996  -29.794  68.048 0.0000000000
48875  7.837  -30.095  66.646 0.0000000000
135659  7.229  -30.104  68.194 0.0000000000
112468  5.809  -31.216  67.998 0.0000000000
47870  6.490  -30.978  67.327 0.0000000000
47877  6.003  -31.288  66.830 0.0000000000
45899  5.691  -32.443  65.722 0.0000000000
46870  5.526  -31.764  66.096 0.0000000000
45900  5.076  -32.585  65.800 0.0000000000
46871  4.883  -31.828  66.121 0.0000000000
48870  4.246  -30.531  67.149 0.0000000000
47872  4.469  -31.137  66.652 0.0000000000
47873  4.205  -30.960  66.409 0.0000000000
47879  4.194  -32.024  65.777 0.0000000000
130291  0.225  -27.663  55.417 0.0000000000
53146  -0.190  -25.521  55.548 0.0000000000
53921  -0.304  -24.532  55.284 0.0000000000
53935  -0.161  -25.171  54.510 0.0000000000
42733  -1.122  -37.605  57.936 0.0000000000
42732  -1.109  -36.933  57.406 0.0000000000
121839  -0.282  -35.095  58.915 0.0000000000
134392  -0.484  -35.645  58.756 0.0000000000
45093  0.387  -34.452  59.153 0.0000000000
49837  2.502  -28.592  62.220 0.0000000000
49838  1.278  -29.073  61.999 0.0000000000
49844  1.005  -29.073  61.632 0.0000000000
49847  0.539  -29.030  60.763 0.0000000000
49848  -0.083  -29.119  60.030 0.0000000000
41782  0.910  -38.029  62.084 0.0000000000
41799  1.349  -38.509  61.429 0.0000000000
41800  0.669  -38.101  61.116 0.0000000000
41815  0.418  -37.690  59.629 0.0000000000
40859  0.854  -37.940  60.115 0.0000000000
40875  0.645  -37.931  59.260 0.0000000000
127841  0.791  -38.304  58.752 0.0000000000
40888  0.280  -38.333  58.556 0.0000000000
42720  -0.919  -37.427  58.646 0.0000000000
41841  -0.894  -38.043  58.389 0.0000000000
45179  2.133  -35.271  53.390 0.0000000000
45160  2.884  -34.394  54.216 0.0000000000
45177  4.330  -34.190  53.386 0.0000000000
45176  4.690  -34.312  52.552 0.0000000000
49050  4.439  -29.313  51.656 0.0000000000
49049  4.752  -29.832  50.872 0.0000000000
116640  5.282  -29.497  51.243 0.0000000000
49079  6.413  -29.349  48.628 0.0000000000
49066  6.318  -29.541  49.624 0.0000000000
49078  6.834  -29.765  48.412 0.0000000000
122538  7.244  -30.656  48.289 0.0000000000
48171  6.978  -31.105  47.267 0.0000000000
47075  6.488  -31.661  46.721 0.0000000000
48172  6.200  -30.824  46.789 0.0000000000
49988  5.180  -29.265  46.290 0.0000000000
48173  5.480  -30.540  46.240 0.0000000000
48182  4.744  -30.511  45.613 0.0000000000
49109  3.993  -29.806  45.343 0.0000000000
54785  2.421  -23.783  46.196 0.0000000000
54005  1.602  -24.374  44.766 0.0000000000
123618  1.137  -35.061  62.579 0.0000000000
44248  1.333  -35.133  61.660 0.0000000000
45918  1.782  -34.437  62.560 0.0000000000
45921  2.107  -33.623  62.659 0.0000000000
47927  2.698  -32.366  63.218 0.0000000000
122157  4.011  -30.302  65.332 0.0000000000
49829  3.955  -29.465  64.492 0.0000000000
120223  3.762  -29.275  63.951 0.0000000000
49833  3.369  -28.618  63.180 0.0000000000
47907  10.858  -30.318  63.765 0.0000000000
46883  9.621  -31.253  63.617 0.0000000000
45914  8.985  -31.992  63.013 0.0000000000
46867  7.250  -30.927  65.526 0.0000000000
46873  7.513  -31.218  65.033 0.0000000000
45043  7.670  -33.862  63.695 0.0000000000
45916  7.844  -33.050  63.854 0.0000000000
45049  8.014  -34.307  63.208 0.0000000000
130748  8.380  -34.012  62.923 0.0000000000
44230  8.246  -34.530  62.629 0.0000000000
44235  7.901  -34.987  62.163 0.0000000000
42659  6.911  -35.953  62.006 0.0000000000
127424  5.118  -37.225  62.818 0.0000000000
41758  4.413  -37.783  62.513 0.0000000000
42643  4.241  -37.224  63.169 0.0000000000
45033  4.528  -33.608  65.423 0.0000000000
44219  4.572  -34.621  64.718 0.0000000000
44216  4.323  -34.070  64.916 0.0000000000
43450  3.157  -35.697  63.980 0.0000000000
43439  3.713  -35.252  64.175 0.0000000000
42636  2.483  -36.391  63.748 0.0000000000
42646  1.834  -37.017  63.358 0.0000000000
43451  1.743  -36.130  63.555 0.0000000000
43462  0.972  -36.141  63.245 0.0000000000
44236  0.895  -35.635  62.926 0.0000000000
48032  2.525  -31.124  56.203 0.0000000000
48051  1.767  -30.899  55.609 0.0000000000
49000  1.635  -29.577  54.420 0.0000000000
48070  1.911  -30.723  54.265 0.0000000000
48087  2.169  -30.121  53.720 0.0000000000
48103  1.937  -29.710  53.741 0.0000000000
50731  1.110  -28.702  54.672 0.0000000000
50740  0.967  -28.546  53.831 0.0000000000
50758  1.483  -28.243  52.819 0.0000000000
49913  1.352  -28.620  53.464 0.0000000000
49924  2.128  -28.870  52.850 0.0000000000
49019  2.395  -29.215  53.083 0.0000000000
124634  2.374  -28.720  52.446 0.0000000000
49052  2.967  -28.800  52.266 0.0000000000
49923  2.375  -28.457  52.004 0.0000000000
50778  2.581  -28.058  51.558 0.0000000000
123639  2.288  -27.505  51.367 0.0000000000
51592  2.869  -27.568  51.155 0.0000000000
52263  7.152  -27.094  65.626 0.0000000000
121053  6.542  -26.835  65.009 0.0000000000
53043  7.425  -26.716  64.863 0.0000000000
112557  14.419  -28.894  61.579 0.0000000000
47938  14.337  -28.997  61.431 0.0000000000
47922  13.807  -28.907  61.902 0.0000000000
50679  14.605  -26.825  64.843 0.0000000000
51489  15.194  -26.359  64.610 0.0000000000
49806  15.776  -27.285  63.611 0.0000000000
135410  14.984  -27.925  63.414 0.0000000000
49820  14.448  -27.703  63.985 0.0000000000
48894  12.251  -28.710  64.146 0.0000000000
47906  12.363  -29.122  63.320 0.0000000000
48872  11.226  -28.170  66.127 0.0000000000
49796  10.658  -28.116  66.535 0.0000000000
52247  10.156  -26.479  68.015 0.0000000000
51461  10.149  -27.386  68.282 0.0000000000
50654  10.255  -28.363  68.208 0.0000000000
50655  9.446  -27.966  68.301 0.0000000000
50662  8.812  -28.510  68.180 0.0000000000
53023  8.163  -26.736  65.888 0.0000000000
52256  7.970  -27.086  66.272 0.0000000000
52257  6.803  -27.350  66.050 0.0000000000
41001  -0.817  -39.832  52.663 0.0000000000
42764  -0.770  -38.034  54.091 0.0000000000
116617  -0.444  -37.585  52.950 0.0000000000
42777  -0.350  -37.012  53.317 0.0000000000
117267  0.020  -36.729  52.971 0.0000000000
43548  -0.027  -36.558  53.795 0.0000000000
43524  -0.940  -36.198  56.739 0.0000000000
43536  -0.563  -36.521  55.691 0.0000000000
44298  -0.438  -35.592  56.039 0.0000000000
116890  0.533  -34.881  55.979 0.0000000000
45144  0.216  -35.288  55.568 0.0000000000
45143  0.919  -35.110  55.332 0.0000000000
45142  1.679  -34.856  55.139 0.0000000000
113746  3.432  -33.503  56.946 0.0000000000
45999  2.690  -33.808  56.390 0.0000000000
45998  4.316  -33.096  56.576 0.0000000000
134650  1.161  -34.586  61.566 0.0000000000
46932  2.406  -32.881  61.220 0.0000000000
45939  1.528  -33.460  61.107 0.0000000000
45938  2.434  -33.243  60.374 0.0000000000
48926  2.880  -29.823  61.767 0.0000000000
47968  4.259  -30.766  60.183 0.0000000000
47969  4.211  -31.296  60.812 0.0000000000
46929  4.438  -31.539  60.093 0.0000000000
46944  3.621  -32.936  60.008 0.0000000000
117388  4.277  -32.376  59.779 0.0000000000
46942  4.549  -31.731  59.346 0.0000000000
47997  3.750  -30.902  58.477 0.0000000000
48014  3.893  -31.113  57.528 0.0000000000
129121  3.191  -31.118  57.037 0.0000000000
135541  -0.043  -30.716  57.911 0.0000000000
48017  0.465  -30.683  57.227 0.0000000000
48035  0.912  -30.188  56.679 0.0000000000
48979  0.898  -29.608  56.723 0.0000000000
46903  10.300  -31.148  61.902 0.0000000000
47953  11.150  -30.789  61.473 0.0000000000
46914  10.353  -31.430  61.077 0.0000000000
133269  3.777  -38.572  59.136 0.0000000000
39912  4.108  -38.589  58.533 0.0000000000
40873  1.986  -38.943  59.844 0.0000000000
40986  -1.244  -39.955  53.708 0.0000000000
41940  1.451  -38.719  50.877 0.0000000000
119332  1.204  -39.766  50.813 0.0000000000
41054  2.239  -39.293  49.976 0.0000000000
44355  2.541  -36.658  51.712 0.0000000000
44365  2.055  -37.270  51.607 0.0000000000
128982  2.735  -36.766  50.887 0.0000000000
126697  2.946  -37.585  49.694 0.0000000000
42834  2.776  -38.243  49.367 0.0000000000
41053  2.441  -39.454  49.437 0.0000000000
41948  3.459  -39.068  48.772 0.0000000000
42832  4.618  -38.073  48.352 0.0000000000
41947  4.521  -39.138  48.260 0.0000000000
41068  5.047  -39.488  47.687 0.0000000000
40074  4.858  -40.260  47.513 0.0000000000
48067  4.574  -31.404  54.514 0.0000000000
46998  5.248  -31.873  54.306 0.0000000000
48066  4.905  -31.396  53.677 0.0000000000
47021  6.212  -32.009  52.269 0.0000000000
46067  5.841  -32.837  52.604 0.0000000000
46084  5.684  -33.660  51.368 0.0000000000
48133  6.470  -30.551  51.087 0.0000000000
45250  6.747  -33.840  48.980 0.0000000000
45251  5.895  -34.535  49.408 0.0000000000
45231  5.367  -34.329  50.112 0.0000000000
45268  5.429  -35.151  48.890 0.0000000000
44386  5.001  -35.664  48.835 0.0000000000
135399  6.126  -35.382  48.250 0.0000000000
43608  6.097  -36.869  46.489 0.0000000000
42839  5.970  -37.157  47.149 0.0000000000
42844  5.735  -37.558  46.636 0.0000000000
41078  5.050  -39.149  46.809 0.0000000000
41977  4.980  -38.497  46.337 0.0000000000
134068  5.089  -37.953  46.159 0.0000000000
113376  4.196  -37.054  45.582 0.0000000000
42851  2.304  -37.345  45.229 0.0000000000
47094  5.603  -32.447  45.363 0.0000000000
46162  5.129  -33.314  44.926 0.0000000000
132432  3.105  -34.149  44.738 0.0000000000
44411  3.050  -34.902  44.848 0.0000000000
43621  2.481  -35.703  44.827 0.0000000000
43622  1.762  -35.866  44.235 0.0000000000
54731  0.643  -23.146  53.271 0.0000000000
53943  0.293  -24.018  52.808 0.0000000000
134541  0.105  -24.459  52.652 0.0000000000
53163  0.538  -24.985  52.689 0.0000000000
53176  1.681  -25.634  51.427 0.0000000000
53183  2.788  -25.843  50.319 0.0000000000
54769  2.585  -22.981  48.854 0.0000000000
128007  1.961  -22.736  50.179 0.0000000000
53972  2.231  -23.363  49.903 0.0000000000
53195  3.614  -25.810  48.194 0.0000000000
52377  3.754  -26.463  48.822 0.0000000000
51610  4.310  -27.010  47.283 0.0000000000
50828  2.897  -28.342  45.883 0.0000000000
49990  3.113  -29.520  45.167 0.0000000000
51633  1.108  -27.311  44.778 0.0000000000
49793  4.319  -29.599  66.609 0.0000000000
128752  4.562  -28.988  66.332 0.0000000000
51478  4.823  -27.969  65.455 0.0000000000
52275  4.964  -27.308  65.124 0.0000000000
49782  6.666  -28.635  68.216 0.0000000000
49791  5.653  -28.863  68.376 0.0000000000
47871  4.913  -31.159  68.092 0.0000000000
48869  4.330  -30.161  68.235 0.0000000000
119142  4.168  -29.732  67.296 0.0000000000
40101  3.175  -40.181  45.305 0.0000000000
43512  -0.746  -36.825  58.908 0.0000000000
129575  -0.453  -36.403  59.176 0.0000000000
44274  -0.316  -35.770  59.259 0.0000000000
45077  -0.140  -34.924  59.797 0.0000000000
42664  0.617  -36.982  61.602 0.0000000000
42681  0.428  -37.447  60.992 0.0000000000
41816  -0.020  -37.603  59.138 0.0000000000
42707  -0.418  -37.318  59.075 0.0000000000
124694  4.573  -33.600  54.751 0.0000000000
127418  4.798  -33.799  54.084 0.0000000000
49952  5.606  -29.140  50.462 0.0000000000
49964  6.252  -29.000  48.142 0.0000000000
49094  6.037  -30.054  46.949 0.0000000000
49976  6.008  -29.218  46.972 0.0000000000
50825  5.525  -28.618  46.720 0.0000000000
45046  2.210  -34.658  62.828 0.0000000000
45917  2.569  -33.879  63.137 0.0000000000
50690  3.922  -28.152  64.115 0.0000000000
51505  3.562  -27.740  63.020 0.0000000000
122704  3.925  -27.416  63.192 0.0000000000
47880  10.376  -29.611  64.625 0.0000000000
47908  10.112  -30.633  64.046 0.0000000000
47893  9.785  -30.300  64.540 0.0000000000
46878  8.589  -31.104  64.325 0.0000000000
45904  6.416  -32.566  65.172 0.0000000000
45903  7.003  -32.038  64.789 0.0000000000
45912  6.786  -32.987  64.729 0.0000000000
45044  7.087  -33.987  63.927 0.0000000000
44223  7.389  -34.541  63.510 0.0000000000
42632  5.404  -36.645  63.311 0.0000000000
45907  4.126  -33.154  65.538 0.0000000000
45040  3.956  -34.213  64.725 0.0000000000
44222  3.520  -34.523  64.231 0.0000000000
44227  3.066  -35.175  63.834 0.0000000000
118674  2.335  -35.368  63.489 0.0000000000
44228  2.994  -34.664  63.646 0.0000000000
44229  2.190  -35.035  63.098 0.0000000000
48053  1.535  -30.049  55.918 0.0000000000
48052  1.619  -30.285  55.298 0.0000000000
48991  1.641  -29.622  55.101 0.0000000000
51545  0.155  -27.411  53.724 0.0000000000
119700  0.743  -27.876  53.444 0.0000000000
51556  1.134  -27.622  52.954 0.0000000000
133131  1.950  -28.296  52.025 0.0000000000
51555  1.412  -27.530  52.392 0.0000000000
127519  1.627  -27.510  51.890 0.0000000000
50680  13.737  -27.301  65.225 0.0000000000
111532  12.045  -28.490  65.022 0.0000000000
133125  12.121  -28.572  67.366 0.0000000000
128119  12.222  -28.449  67.859 0.0000000000
52255  8.830  -26.430  67.958 0.0000000000
126138  -0.966  -39.228  53.182 0.0000000000
45110  -0.108  -34.746  57.262 0.0000000000
45127  0.740  -34.608  56.751 0.0000000000
45126  1.761  -34.200  56.582 0.0000000000
46906  2.012  -32.936  62.545 0.0000000000
46917  3.022  -32.400  61.714 0.0000000000
48932  2.697  -30.163  60.941 0.0000000000
48952  4.197  -30.726  59.620 0.0000000000
126923  2.689  -30.973  58.470 0.0000000000
47998  1.815  -31.157  57.891 0.0000000000
48957  -0.226  -30.224  58.414 0.0000000000
45928  9.702  -33.130  61.175 0.0000000000
45927  9.990  -32.433  60.727 0.0000000000
45937  10.052  -33.425  60.575 0.0000000000
40854  4.507  -38.951  60.960 0.0000000000
40871  3.902  -38.840  59.947 0.0000000000
121550  3.116  -38.845  59.452 0.0000000000
39902  2.193  -38.935  59.048 0.0000000000
40915  -0.413  -39.156  57.124 0.0000000000
39987  -1.291  -40.581  54.612 0.0000000000
42800  0.318  -38.596  52.186 0.0000000000
41932  0.542  -38.992  51.620 0.0000000000
128639  0.958  -38.733  51.637 0.0000000000
42814  1.576  -38.288  51.206 0.0000000000
45214  3.337  -36.002  51.655 0.0000000000
44364  3.193  -36.506  50.627 0.0000000000
42821  3.143  -36.921  49.936 0.0000000000
131769  2.994  -37.761  49.264 0.0000000000
42833  3.546  -37.764  48.881 0.0000000000
112263  4.070  -37.197  48.748 0.0000000000
118494  4.845  -37.309  48.241 0.0000000000
48083  5.231  -31.274  52.962 0.0000000000
47064  7.363  -32.075  49.121 0.0000000000
118086  7.226  -32.314  49.981 0.0000000000
47065  7.226  -32.915  49.068 0.0000000000
44384  6.728  -35.150  47.646 0.0000000000
43613  5.806  -37.015  46.015 0.0000000000
42849  5.102  -37.448  45.937 0.0000000000
116282  5.722  -36.060  45.425 0.0000000000
127629  4.954  -35.427  45.093 0.0000000000
47095  4.956  -31.951  45.007 0.0000000000
46163  4.150  -33.572  44.781 0.0000000000
126508  3.860  -33.065  44.676 0.0000000000
134515  2.314  -34.303  44.584 0.0000000000
112375  1.043  -23.993  52.630 0.0000000000
118597  1.129  -24.604  52.451 0.0000000000
53958  1.477  -24.026  51.717 0.0000000000
112497  3.148  -24.422  48.483 0.0000000000
51620  3.680  -27.160  46.736 0.0000000000
52393  3.200  -26.575  46.756 0.0000000000
50829  2.072  -28.264  45.825 0.0000000000
45909  3.712  -32.721  64.949 0.0000000000
47885  3.624  -31.967  64.972 0.0000000000
51480  4.354  -29.020  65.699 0.0000000000
51492  4.290  -28.163  65.022 0.0000000000
111846  8.438  -29.777  65.904 0.0000000000
47875  7.785  -30.367  65.776 0.0000000000
48866  7.197  -30.571  67.265 0.0000000000
47876  6.573  -31.028  66.576 0.0000000000
46868  6.573  -31.268  65.832 0.0000000000
46875  6.166  -32.111  65.558 0.0000000000
45905  5.929  -32.994  65.488 0.0000000000
45031  5.850  -33.693  65.594 0.0000000000
45039  5.588  -33.919  65.218 0.0000000000
45028  4.762  -33.175  65.731 0.0000000000
45029  4.359  -33.094  65.672 0.0000000000
46866  4.685  -31.428  66.990 0.0000000000
46872  4.509  -31.891  66.112 0.0000000000
45902  4.381  -32.516  65.830 0.0000000000
46876  4.065  -32.684  65.517 0.0000000000
116406  0.458  -28.141  55.958 0.0000000000
50723  1.001  -28.654  55.571 0.0000000000
113055  0.121  -27.545  54.637 0.0000000000
134930  -0.093  -26.315  55.705 0.0000000000
52338  -0.048  -26.763  54.258 0.0000000000
113401  -0.779  -37.925  56.370 0.0000000000
42753  -0.681  -37.472  55.721 0.0000000000
45094  0.085  -34.683  58.218 0.0000000000
48921  3.386  -29.782  62.563 0.0000000000
50702  0.996  -28.581  61.599 0.0000000000
48927  1.675  -29.585  61.355 0.0000000000
48934  0.184  -30.030  60.202 0.0000000000
48935  -0.219  -29.643  59.756 0.0000000000
41780  2.654  -38.233  62.267 0.0000000000
41798  2.207  -38.768  61.612 0.0000000000
134030  1.230  -38.404  58.926 0.0000000000
40900  0.098  -38.802  57.827 0.0000000000
130057  -0.233  -38.823  57.693 0.0000000000
112359  -0.710  -38.634  56.644 0.0000000000
45180  1.593  -35.649  53.841 0.0000000000
44335  1.900  -36.088  53.238 0.0000000000
45196  2.534  -35.744  52.738 0.0000000000
45215  2.964  -36.209  52.047 0.0000000000
128177  3.226  -34.489  53.470 0.0000000000
45195  3.067  -35.552  52.335 0.0000000000
131790  3.491  -35.456  51.972 0.0000000000
45213  3.763  -35.626  51.352 0.0000000000
45212  4.374  -34.996  51.056 0.0000000000
48134  4.953  -29.836  51.634 0.0000000000
49047  6.815  -30.245  50.248 0.0000000000
49067  5.746  -29.393  50.636 0.0000000000
48150  7.388  -31.095  49.549 0.0000000000
48161  7.364  -31.526  48.613 0.0000000000
47085  6.951  -32.590  46.729 0.0000000000
47086  6.198  -31.949  46.055 0.0000000000
47087  5.497  -31.544  45.602 0.0000000000
48193  4.602  -31.260  45.233 0.0000000000
48194  3.685  -31.271  44.851 0.0000000000
129515  2.826  -23.718  46.906 0.0000000000
53996  2.513  -24.388  46.559 0.0000000000
53202  2.072  -25.222  46.262 0.0000000000
53207  1.297  -25.465  45.428 0.0000000000
53211  1.316  -25.007  44.237 0.0000000000
39109  4.310  -41.637  46.636 0.0000000000
44249  1.103  -35.772  61.057 0.0000000000
45930  1.028  -33.913  62.128 0.0000000000
45924  1.336  -33.982  62.407 0.0000000000
45923  1.667  -33.486  62.396 0.0000000000
127951  3.636  -30.590  63.315 0.0000000000
47896  3.278  -31.889  64.490 0.0000000000
118251  3.537  -31.163  64.688 0.0000000000
47909  3.259  -31.569  64.312 0.0000000000
47924  12.017  -29.873  62.708 0.0000000000
47925  11.306  -30.485  62.983 0.0000000000
46892  10.476  -31.118  62.729 0.0000000000
46893  9.797  -31.644  63.022 0.0000000000
46904  9.675  -31.797  62.300 0.0000000000
45922  9.386  -32.764  61.835 0.0000000000
44246  9.116  -34.105  61.443 0.0000000000
47882  8.450  -30.731  64.922 0.0000000000
45910  8.039  -31.943  63.935 0.0000000000
45911  7.408  -32.495  64.357 0.0000000000
45915  8.402  -32.579  63.417 0.0000000000
45920  8.689  -33.229  62.831 0.0000000000
45048  8.673  -34.034  62.325 0.0000000000
44247  8.799  -34.741  61.026 0.0000000000
43458  7.431  -35.476  62.483 0.0000000000
41778  4.492  -38.410  61.843 0.0000000000
41779  3.624  -38.201  62.249 0.0000000000
123531  5.114  -34.791  64.674 0.0000000000
43437  4.750  -35.189  64.180 0.0000000000
43448  4.402  -35.966  63.996 0.0000000000
44220  4.102  -34.838  64.641 0.0000000000
43449  3.720  -35.901  64.067 0.0000000000
42634  3.951  -36.646  63.774 0.0000000000
42644  3.481  -37.208  63.364 0.0000000000
41760  3.069  -37.738  62.871 0.0000000000
41761  2.217  -37.683  62.848 0.0000000000
42662  1.361  -37.543  62.725 0.0000000000
42663  0.813  -37.264  62.330 0.0000000000
43476  0.816  -36.337  61.392 0.0000000000
48030  4.443  -31.607  56.331 0.0000000000
120158  4.062  -31.321  55.869 0.0000000000
48049  3.656  -31.203  55.038 0.0000000000
48068  3.417  -31.102  53.998 0.0000000000
124104  1.689  -30.760  54.906 0.0000000000
48069  2.639  -31.088  54.350 0.0000000000
48085  3.487  -30.418  53.316 0.0000000000
135053  3.360  -29.951  53.151 0.0000000000
126663  3.439  -29.665  52.785 0.0000000000
49001  1.509  -29.243  54.235 0.0000000000
49902  1.521  -29.007  53.717 0.0000000000
48102  2.387  -29.584  53.391 0.0000000000
48119  2.864  -29.406  52.973 0.0000000000
48118  3.979  -29.650  52.326 0.0000000000
48136  4.025  -29.387  52.074 0.0000000000
49051  3.645  -28.863  51.940 0.0000000000
49938  3.880  -28.637  51.612 0.0000000000
50777  4.198  -28.307  51.139 0.0000000000
52258  5.938  -27.656  65.978 0.0000000000
52264  5.807  -27.259  65.523 0.0000000000
53024  6.322  -26.968  65.285 0.0000000000
112600  12.736  -29.736  62.113 0.0000000000
132417  14.450  -28.333  62.728 0.0000000000
49821  13.568  -27.915  64.309 0.0000000000
118277  13.581  -28.393  62.940 0.0000000000
47905  13.166  -28.836  62.602 0.0000000000
48881  11.619  -28.360  65.557 0.0000000000
48882  10.912  -28.800  65.054 0.0000000000
133895  10.304  -29.133  64.934 0.0000000000
48873  9.905  -28.540  65.757 0.0000000000
51469  12.112  -27.973  68.069 0.0000000000
50659  11.577  -28.563  68.097 0.0000000000
51470  11.116  -27.885  68.304 0.0000000000
111654  10.280  -28.838  68.052 0.0000000000
48874  8.995  -28.962  66.364 0.0000000000
49788  8.758  -29.121  68.069 0.0000000000
50663  8.041  -28.231  67.956 0.0000000000
51471  8.337  -27.243  66.945 0.0000000000
117552  7.872  -27.770  67.119 0.0000000000
51464  7.210  -28.048  67.670 0.0000000000
51465  6.515  -27.990  66.815 0.0000000000
117416  6.410  -27.687  66.358 0.0000000000
41912  -0.428  -39.026  52.467 0.0000000000
125993  -0.125  -37.281  52.740 0.0000000000
120862  -0.544  -37.042  55.064 0.0000000000
43542  -0.235  -36.531  54.703 0.0000000000
44324  0.430  -36.293  54.371 0.0000000000
44323  1.084  -36.146  54.193 0.0000000000
44336  1.366  -36.455  53.661 0.0000000000
111621  2.570  -34.490  55.029 0.0000000000
114227  3.077  -33.892  55.675 0.0000000000
45997  4.762  -32.445  56.509 0.0000000000
46969  4.737  -31.918  56.811 0.0000000000
45064  0.051  -35.087  60.370 0.0000000000
45063  0.543  -34.588  60.453 0.0000000000
45940  0.812  -34.007  60.492 0.0000000000
45954  0.919  -33.939  59.760 0.0000000000
45953  1.821  -33.630  59.638 0.0000000000
118025  2.113  -33.634  58.973 0.0000000000
46916  3.789  -31.896  61.325 0.0000000000
45951  3.672  -33.205  59.158 0.0000000000
45969  3.920  -33.256  58.351 0.0000000000
45968  4.536  -32.602  58.038 0.0000000000
47996  4.305  -31.132  59.019 0.0000000000
46955  4.624  -31.835  58.502 0.0000000000
120943  4.680  -31.880  57.617 0.0000000000
48031  3.822  -31.228  56.578 0.0000000000
48033  1.576  -30.979  56.408 0.0000000000
48016  1.159  -31.019  57.148 0.0000000000
48945  -0.367  -29.762  59.178 0.0000000000
49859  0.469  -29.513  57.553 0.0000000000
124973  0.807  -29.078  57.975 0.0000000000
53025  5.364  -27.274  65.303 0.0000000000
47967  11.028  -30.997  60.778 0.0000000000
46941  10.750  -31.729  59.385 0.0000000000
45936  10.212  -32.675  60.016 0.0000000000
40856  2.683  -39.196  60.949 0.0000000000
39901  2.497  -38.973  58.838 0.0000000000
39929  2.802  -39.474  58.027 0.0000000000
119977  0.721  -39.938  51.186 0.0000000000
44356  1.770  -37.270  52.480 0.0000000000
43573  1.739  -37.850  51.478 0.0000000000
42823  2.151  -38.226  50.455 0.0000000000
113196  2.770  -37.191  50.378 0.0000000000
42822  2.649  -37.780  50.212 0.0000000000
41939  2.198  -38.727  50.211 0.0000000000
40059  2.368  -40.381  49.464 0.0000000000
41052  3.939  -39.808  48.523 0.0000000000
113563  4.308  -40.939  46.417 0.0000000000
46029  5.284  -32.913  54.306 0.0000000000
46047  5.104  -33.627  53.574 0.0000000000
46046  5.523  -32.823  53.332 0.0000000000
112847  5.274  -33.565  52.911 0.0000000000
122451  4.914  -34.371  51.604 0.0000000000
45232  4.668  -34.990  50.357 0.0000000000
115786  6.144  -31.045  51.753 0.0000000000
47033  6.458  -32.106  51.708 0.0000000000
47045  6.876  -32.249  50.758 0.0000000000
46100  6.571  -33.051  50.382 0.0000000000
46083  6.328  -32.803  51.144 0.0000000000
46101  5.881  -33.694  50.613 0.0000000000
44374  4.705  -35.627  49.399 0.0000000000
43594  5.200  -36.165  48.431 0.0000000000
42840  5.391  -37.768  47.718 0.0000000000
43604  6.071  -36.080  47.653 0.0000000000
41958  5.296  -38.921  47.206 0.0000000000
40088  4.674  -40.100  46.845 0.0000000000
40100  4.009  -40.190  46.073 0.0000000000
41092  2.579  -39.361  45.133 0.0000000000
46153  6.144  -33.379  45.529 0.0000000000
44409  4.661  -34.629  44.986 0.0000000000
44410  3.876  -35.288  45.167 0.0000000000
45290  3.762  -34.308  44.917 0.0000000000
43616  2.692  -36.390  45.218 0.0000000000
53934  -0.315  -24.160  54.099 0.0000000000
53945  -0.135  -25.008  53.437 0.0000000000
54732  -0.088  -23.595  53.417 0.0000000000
53164  0.455  -25.472  52.777 0.0000000000
52349  1.097  -25.505  52.557 0.0000000000
52355  1.422  -26.135  51.890 0.0000000000
52363  1.839  -26.371  51.338 0.0000000000
51578  2.507  -26.787  50.951 0.0000000000
51591  3.203  -27.157  50.595 0.0000000000
51590  3.922  -27.134  49.719 0.0000000000
113366  2.927  -24.886  49.583 0.0000000000
51609  4.885  -27.297  47.693 0.0000000000
50826  4.764  -28.504  46.331 0.0000000000
125042  3.474  -27.804  46.276 0.0000000000
50827  3.810  -28.402  45.952 0.0000000000
49989  4.321  -29.180  45.776 0.0000000000
49110  3.514  -30.069  44.990 0.0000000000
48195  2.921  -31.089  44.694 0.0000000000
51622  1.710  -27.238  45.798 0.0000000000
50839  1.809  -28.849  45.092 0.0000000000
49991  2.558  -29.504  44.976 0.0000000000
47098  2.390  -31.923  44.552 0.0000000000
39123  2.313  -41.537  44.771 0.0000000000
41037  0.950  -39.237  51.105 0.0000000000
41091  3.533  -39.431  45.712 0.0000000000
41950  2.692  -38.256  49.849 0.0000000000
41968  5.391  -38.351  46.734 0.0000000000
43562  0.153  -37.790  52.783 0.0000000000
43585  2.172  -37.724  50.704 0.0000000000
43596  3.316  -37.148  49.306 0.0000000000
43612  6.340  -36.295  46.012 0.0000000000
43614  4.593  -36.131  45.308 0.0000000000
44215  4.732  -34.017  65.109 0.0000000000
44218  5.123  -34.227  64.989 0.0000000000
44363  3.702  -36.244  50.387 0.0000000000
44385  5.585  -35.683  48.433 0.0000000000
44387  4.474  -36.073  49.016 0.0000000000
44395  6.712  -35.737  47.067 0.0000000000
45035  4.024  -33.597  65.047 0.0000000000
45052  9.901  -33.977  61.088 0.0000000000
45288  5.534  -34.074  45.134 0.0000000000
46140  7.354  -33.533  47.329 0.0000000000
48088  1.719  -29.984  54.108 0.0000000000
48170  7.326  -31.507  47.862 0.0000000000
48184  3.416  -30.595  44.849 0.0000000000
48868  5.486  -30.178  68.466 0.0000000000
49035  2.695  -29.049  52.692 0.0000000000
49784  4.762  -28.285  68.127 0.0000000000
49786  10.969  -29.065  67.976 0.0000000000
49787  9.161  -28.474  67.264 0.0000000000
49789  8.135  -29.030  68.156 0.0000000000
49790  6.528  -29.630  68.391 0.0000000000
49792  4.469  -29.115  67.144 0.0000000000
49912  1.716  -28.737  53.095 0.0000000000
49963  6.520  -29.513  47.659 0.0000000000
50669  4.252  -29.395  65.995 0.0000000000
50757  1.692  -28.048  52.156 0.0000000000
51460  10.801  -27.006  68.001 0.0000000000
51473  5.898  -28.090  66.397 0.0000000000
51568  1.403  -26.871  52.071 0.0000000000
111926  7.380  -29.336  68.278 0.0000000000
112315  4.056  -28.843  68.169 0.0000000000
114125  1.004  -25.662  44.517 0.0000000000
114986  8.325  -30.367  65.396 0.0000000000
116489  12.645  -29.995  61.666 0.0000000000
122485  3.940  -32.180  65.355 0.0000000000
122695  4.882  -28.558  66.110 0.0000000000
130046  1.588  -29.296  54.725 0.0000000000
130475  5.701  -26.950  65.216 0.0000000000
133124  7.228  -27.816  66.921 0.0000000000
133911  4.099  -31.370  65.984 0.0000000000
134726  2.506  -34.759  53.627 0.0000000000
134882  1.539  -29.520  55.556 0.0000000000
