#!ascii label  , from subject bert vox2ras=TkReg
1877
118731  48.819  -21.093  37.466 0.0000000000
42791  34.845  -36.332  51.427 0.0000000000
35523  20.485  -44.568  53.616 0.0000000000
39015  13.928  -41.920  57.145 0.0000000000
39904  29.309  -38.995  58.073 0.0000000000
41938  24.810  -38.246  49.153 0.0000000000
55721  42.709  -22.461  38.622 0.0000000000
63629  48.124  -13.459  34.631 0.0000000000
55643  42.020  -22.005  47.549 0.0000000000
48228  36.260  -31.532  43.064 0.0000000000
43654  28.584  -36.500  39.799 0.0000000000
36417  21.632  -44.177  58.742 0.0000000000
37346  17.476  -42.936  54.784 0.0000000000
123384  18.191  -43.724  61.148 0.0000000000
39024  24.416  -41.516  56.679 0.0000000000
59379  45.448  -18.606  46.793 0.0000000000
129966  37.940  -35.101  57.428 0.0000000000
46049  39.670  -33.383  52.416 0.0000000000
49942  39.768  -30.198  49.316 0.0000000000
45280  36.215  -34.288  46.555 0.0000000000
45324  32.623  -34.634  41.718 0.0000000000
42846  31.849  -36.993  45.868 0.0000000000
38263  21.105  -43.192  45.897 0.0000000000
41107  21.428  -39.472  43.400 0.0000000000
61160  46.166  -16.765  36.183 0.0000000000
59507  41.569  -18.474  33.321 0.0000000000
35586  19.202  -44.563  48.057 0.0000000000
36528  15.392  -44.525  49.522 0.0000000000
40936  33.268  -38.462  55.540 0.0000000000
40029  30.260  -38.525  50.018 0.0000000000
40977  27.921  -38.627  54.262 0.0000000000
117951  22.372  -42.185  51.384 0.0000000000
120732  47.696  -22.425  39.284 0.0000000000
38916  16.221  -40.399  63.645 0.0000000000
37273  11.762  -42.911  60.991 0.0000000000
116966  49.358  -13.754  40.073 0.0000000000
59420  49.253  -18.468  41.234 0.0000000000
58577  46.286  -19.013  41.717 0.0000000000
57546  41.421  -20.255  42.936 0.0000000000
54811  38.050  -23.183  42.783 0.0000000000
53177  43.345  -25.236  50.206 0.0000000000
52396  38.297  -26.341  45.912 0.0000000000
51678  34.414  -27.936  39.986 0.0000000000
48292  32.873  -31.983  37.046 0.0000000000
112086  26.739  -37.187  45.020 0.0000000000
37270  22.058  -43.124  61.388 0.0000000000
35470  19.655  -44.371  59.481 0.0000000000
36359  20.283  -43.234  61.791 0.0000000000
38122  23.616  -42.482  59.478 0.0000000000
42754  36.451  -36.397  54.529 0.0000000000
44350  37.331  -35.016  51.831 0.0000000000
45235  38.063  -33.756  49.537 0.0000000000
43586  35.668  -35.412  49.507 0.0000000000
43606  33.827  -35.935  46.859 0.0000000000
42826  33.182  -36.589  48.580 0.0000000000
35673  19.529  -45.396  44.614 0.0000000000
36646  20.358  -44.619  43.812 0.0000000000
132976  47.187  -19.107  36.699 0.0000000000
57625  45.039  -19.929  35.842 0.0000000000
56686  45.894  -21.582  36.544 0.0000000000
35561  19.960  -44.611  51.125 0.0000000000
121509  17.500  -44.299  48.227 0.0000000000
130363  18.379  -44.000  51.248 0.0000000000
113749  16.055  -42.156  56.440 0.0000000000
112760  14.746  -42.532  52.942 0.0000000000
37347  13.079  -43.088  54.332 0.0000000000
36454  12.107  -44.252  55.368 0.0000000000
42697  34.035  -37.361  58.810 0.0000000000
40904  31.462  -38.607  56.710 0.0000000000
39977  30.677  -38.736  54.580 0.0000000000
39948  29.130  -38.518  56.658 0.0000000000
37344  22.443  -43.561  55.043 0.0000000000
116065  23.511  -41.764  54.500 0.0000000000
36492  21.688  -43.740  52.261 0.0000000000
36523  21.193  -44.173  49.963 0.0000000000
56643  44.934  -21.820  38.834 0.0000000000
54040  46.050  -24.954  40.507 0.0000000000
54830  44.113  -24.453  40.714 0.0000000000
37267  10.641  -43.816  62.305 0.0000000000
58561  48.424  -18.944  41.914 0.0000000000
59396  47.614  -18.973  44.594 0.0000000000
57514  43.368  -20.007  47.078 0.0000000000
58527  43.436  -19.314  45.567 0.0000000000
56583  41.293  -20.678  45.536 0.0000000000
56609  39.622  -21.559  42.350 0.0000000000
55660  39.223  -22.320  44.764 0.0000000000
48188  37.986  -31.364  45.580 0.0000000000
50804  38.886  -28.452  47.677 0.0000000000
50005  37.216  -29.556  44.493 0.0000000000
116739  36.397  -26.969  43.131 0.0000000000
134080  35.103  -29.945  41.420 0.0000000000
49192  33.663  -30.290  38.606 0.0000000000
47176  34.838  -31.893  40.476 0.0000000000
45352  30.453  -34.677  38.396 0.0000000000
135257  27.986  -38.151  49.733 0.0000000000
113845  29.079  -38.087  47.488 0.0000000000
41965  25.577  -38.103  46.899 0.0000000000
42015  22.208  -38.201  41.602 0.0000000000
62049  48.421  -15.819  30.884 0.0000000000
62829  46.374  -14.907  31.743 0.0000000000
35499  21.037  -44.574  56.322 0.0000000000
36463  19.206  -44.305  54.163 0.0000000000
35501  19.629  -44.550  57.085 0.0000000000
36429  17.998  -43.775  58.140 0.0000000000
38132  16.683  -42.690  59.146 0.0000000000
135509  27.473  -39.237  59.381 0.0000000000
124141  26.530  -39.985  57.860 0.0000000000
123291  25.034  -41.199  58.900 0.0000000000
37313  23.388  -43.070  57.483 0.0000000000
60274  46.617  -17.513  46.516 0.0000000000
56546  43.451  -21.141  49.039 0.0000000000
47046  40.019  -31.984  50.682 0.0000000000
46131  38.212  -32.672  47.681 0.0000000000
46173  36.136  -33.401  44.765 0.0000000000
113285  34.642  -33.332  42.107 0.0000000000
127676  34.274  -34.588  44.027 0.0000000000
43626  31.903  -36.178  43.337 0.0000000000
42867  30.358  -37.401  42.931 0.0000000000
113623  22.258  -40.417  47.881 0.0000000000
41076  23.148  -38.886  46.649 0.0000000000
135389  20.883  -41.579  44.556 0.0000000000
62801  46.156  -14.226  35.501 0.0000000000
62016  45.054  -15.777  33.133 0.0000000000
135097  44.342  -18.020  34.539 0.0000000000
38215  16.183  -42.881  51.609 0.0000000000
41842  35.778  -37.287  56.796 0.0000000000
40971  33.998  -37.586  53.863 0.0000000000
41926  32.211  -37.666  51.070 0.0000000000
40989  31.712  -38.338  53.129 0.0000000000
40001  29.385  -38.540  52.176 0.0000000000
41006  26.440  -38.328  51.602 0.0000000000
40942  26.112  -39.381  55.796 0.0000000000
40995  24.644  -39.383  53.150 0.0000000000
40033  23.286  -40.112  50.551 0.0000000000
38230  21.785  -42.296  48.817 0.0000000000
35629  20.208  -44.562  46.944 0.0000000000
55718  49.062  -22.537  38.324 0.0000000000
54869  47.447  -23.495  37.595 0.0000000000
53250  47.792  -24.779  38.919 0.0000000000
38087  17.290  -42.358  62.597 0.0000000000
38959  15.084  -40.967  61.103 0.0000000000
38942  13.301  -40.662  62.298 0.0000000000
38987  13.060  -41.677  58.993 0.0000000000
63596  47.255  -13.080  37.491 0.0000000000
61980  47.344  -15.210  38.296 0.0000000000
60367  48.559  -18.153  38.165 0.0000000000
117928  49.946  -19.920  38.383 0.0000000000
58601  48.956  -20.601  39.793 0.0000000000
58602  46.954  -19.699  39.724 0.0000000000
58592  44.226  -19.448  40.141 0.0000000000
134201  45.926  -18.964  45.341 0.0000000000
58565  43.657  -19.225  42.890 0.0000000000
122529  42.099  -20.281  40.486 0.0000000000
56629  39.656  -21.525  40.465 0.0000000000
55695  37.853  -22.707  39.953 0.0000000000
54762  42.849  -23.292  48.952 0.0000000000
51580  41.761  -27.664  50.370 0.0000000000
53186  40.647  -25.741  48.658 0.0000000000
53989  39.901  -24.069  47.006 0.0000000000
54007  37.779  -24.935  44.101 0.0000000000
53232  36.075  -25.323  41.570 0.0000000000
121718  32.694  -33.293  38.927 0.0000000000
41061  30.920  -37.842  48.143 0.0000000000
41983  29.675  -37.707  44.794 0.0000000000
42870  27.673  -37.036  42.380 0.0000000000
41998  23.213  -37.881  43.865 0.0000000000
129698  25.004  -36.897  42.054 0.0000000000
37262  21.239  -43.139  61.634 0.0000000000
38076  21.397  -42.699  61.914 0.0000000000
42778  35.318  -36.339  52.735 0.0000000000
43549  36.728  -35.574  53.203 0.0000000000
43557  35.795  -35.739  52.094 0.0000000000
44359  36.483  -35.172  50.637 0.0000000000
43565  35.288  -35.981  50.806 0.0000000000
42824  34.212  -36.019  48.983 0.0000000000
42816  33.790  -36.671  50.051 0.0000000000
124894  47.782  -19.977  36.937 0.0000000000
121742  46.324  -20.906  36.451 0.0000000000
124391  47.265  -21.135  36.716 0.0000000000
35548  19.931  -44.719  52.028 0.0000000000
36495  18.930  -44.325  51.000 0.0000000000
36481  19.379  -44.475  52.439 0.0000000000
125357  14.826  -41.880  56.431 0.0000000000
38168  14.276  -42.039  55.452 0.0000000000
38169  13.397  -42.444  55.749 0.0000000000
37348  12.532  -43.667  54.817 0.0000000000
38170  12.762  -42.843  56.106 0.0000000000
40841  29.310  -38.335  59.690 0.0000000000
40860  30.730  -38.376  59.268 0.0000000000
40876  31.969  -38.398  58.789 0.0000000000
40892  30.758  -38.786  57.937 0.0000000000
127743  30.182  -38.620  56.618 0.0000000000
39933  29.130  -38.572  57.074 0.0000000000
36470  21.520  -44.261  53.974 0.0000000000
36469  21.932  -43.833  53.713 0.0000000000
36480  21.416  -44.124  52.956 0.0000000000
35546  21.008  -44.466  51.335 0.0000000000
55719  44.233  -22.458  38.830 0.0000000000
54843  44.499  -23.994  39.942 0.0000000000
54844  43.752  -23.942  39.846 0.0000000000
61900  47.397  -15.740  43.969 0.0000000000
60292  48.328  -17.766  44.079 0.0000000000
119532  47.404  -17.434  45.256 0.0000000000
56568  42.912  -20.920  47.501 0.0000000000
57515  42.650  -20.566  46.888 0.0000000000
56570  41.257  -21.269  46.311 0.0000000000
119294  40.596  -21.228  45.493 0.0000000000
55651  40.462  -21.921  46.107 0.0000000000
48205  37.202  -31.505  44.382 0.0000000000
49113  37.886  -30.400  45.356 0.0000000000
49129  37.045  -30.555  44.093 0.0000000000
50018  36.388  -29.466  43.299 0.0000000000
132894  35.611  -30.819  42.182 0.0000000000
48260  35.097  -31.307  40.825 0.0000000000
47158  35.269  -31.978  41.133 0.0000000000
41936  26.690  -37.845  49.299 0.0000000000
41048  27.239  -37.866  48.635 0.0000000000
41956  25.751  -38.107  47.847 0.0000000000
62826  48.633  -14.531  32.693 0.0000000000
62817  47.012  -14.040  33.421 0.0000000000
36427  21.410  -44.383  57.844 0.0000000000
35500  20.391  -44.543  56.722 0.0000000000
113575  20.734  -44.495  58.093 0.0000000000
35456  19.271  -44.265  60.698 0.0000000000
35482  18.793  -44.263  58.680 0.0000000000
36404  17.800  -43.857  59.572 0.0000000000
37307  17.072  -43.342  58.807 0.0000000000
36405  17.283  -43.823  60.100 0.0000000000
39879  25.979  -39.860  59.631 0.0000000000
39890  26.343  -40.088  59.146 0.0000000000
39891  25.544  -40.380  59.567 0.0000000000
37306  22.536  -43.523  59.080 0.0000000000
38131  23.711  -42.587  58.826 0.0000000000
36416  22.306  -43.786  58.642 0.0000000000
37323  22.570  -43.743  57.120 0.0000000000
45164  39.409  -33.733  53.690 0.0000000000
46014  40.527  -32.494  54.238 0.0000000000
47008  40.862  -31.781  53.240 0.0000000000
47022  40.835  -31.626  52.279 0.0000000000
46085  39.944  -32.718  51.535 0.0000000000
45255  37.191  -33.976  48.306 0.0000000000
46118  38.412  -33.076  49.083 0.0000000000
119085  37.251  -33.418  46.865 0.0000000000
46142  37.216  -33.204  46.269 0.0000000000
113874  36.387  -33.957  45.978 0.0000000000
45291  35.459  -33.912  44.631 0.0000000000
45286  35.440  -34.324  45.401 0.0000000000
42845  32.406  -36.684  46.267 0.0000000000
44406  33.266  -35.766  45.245 0.0000000000
43620  31.591  -36.893  44.391 0.0000000000
42866  31.035  -37.198  43.224 0.0000000000
42857  31.204  -37.317  44.039 0.0000000000
39099  21.607  -41.602  47.292 0.0000000000
40087  21.566  -41.102  46.502 0.0000000000
38271  21.184  -42.406  45.825 0.0000000000
130950  46.082  -15.873  36.234 0.0000000000
61180  45.216  -16.399  34.817 0.0000000000
60397  45.332  -17.252  35.212 0.0000000000
57626  43.432  -20.349  35.499 0.0000000000
118593  18.457  -44.898  46.518 0.0000000000
35607  17.603  -44.956  46.909 0.0000000000
37345  18.186  -43.569  54.270 0.0000000000
37357  18.068  -43.744  53.294 0.0000000000
38178  17.210  -42.657  53.853 0.0000000000
36484  13.453  -44.353  52.521 0.0000000000
37389  14.370  -43.548  51.665 0.0000000000
40901  33.977  -38.176  56.665 0.0000000000
41829  35.056  -37.304  57.685 0.0000000000
41870  34.582  -37.822  55.792 0.0000000000
41880  34.558  -37.688  55.140 0.0000000000
40953  33.885  -37.886  54.658 0.0000000000
114041  32.690  -37.994  53.200 0.0000000000
40955  32.282  -38.462  54.354 0.0000000000
40957  29.473  -38.680  54.698 0.0000000000
39990  30.406  -38.587  53.913 0.0000000000
40990  29.076  -38.554  53.147 0.0000000000
41004  28.304  -38.499  51.651 0.0000000000
41891  27.148  -38.471  52.817 0.0000000000
39937  25.602  -40.681  57.284 0.0000000000
39950  26.203  -39.990  57.024 0.0000000000
39951  25.495  -40.496  56.703 0.0000000000
114020  22.701  -41.955  53.136 0.0000000000
39991  24.063  -40.338  53.608 0.0000000000
113819  23.342  -40.483  52.162 0.0000000000
129750  23.838  -39.729  51.740 0.0000000000
113938  23.027  -40.872  50.891 0.0000000000
39073  22.779  -40.866  50.296 0.0000000000
38221  22.053  -42.404  50.500 0.0000000000
36541  20.394  -44.547  48.728 0.0000000000
36558  20.965  -44.320  48.188 0.0000000000
113943  19.293  -44.665  47.159 0.0000000000
116463  48.662  -22.513  38.970 0.0000000000
54052  48.569  -23.276  38.536 0.0000000000
54054  47.538  -24.298  39.448 0.0000000000
52444  45.814  -25.824  40.191 0.0000000000
38927  16.726  -41.064  63.312 0.0000000000
38088  16.714  -41.812  62.242 0.0000000000
39871  15.319  -40.639  62.609 0.0000000000
38089  11.967  -42.043  62.423 0.0000000000
124306  12.567  -41.400  61.818 0.0000000000
38974  13.421  -41.062  60.590 0.0000000000
38125  12.417  -42.243  59.591 0.0000000000
37308  12.157  -43.119  58.371 0.0000000000
37309  11.785  -43.849  58.888 0.0000000000
64511  48.732  -12.224  36.834 0.0000000000
63590  48.472  -12.418  38.913 0.0000000000
61968  48.184  -15.461  39.109 0.0000000000
60357  48.250  -17.133  38.244 0.0000000000
61958  48.925  -15.739  39.663 0.0000000000
60318  49.314  -17.573  40.950 0.0000000000
128161  49.675  -18.208  39.640 0.0000000000
58587  49.707  -19.389  39.883 0.0000000000
57574  49.767  -20.771  38.720 0.0000000000
58588  49.356  -19.626  40.333 0.0000000000
58576  47.399  -19.118  41.579 0.0000000000
58590  47.741  -19.324  40.536 0.0000000000
121944  46.652  -19.153  40.680 0.0000000000
58603  45.705  -19.808  39.513 0.0000000000
58578  44.564  -19.155  40.861 0.0000000000
59378  46.166  -18.272  46.503 0.0000000000
59387  46.442  -18.609  45.789 0.0000000000
58511  45.697  -18.649  46.212 0.0000000000
123267  42.524  -19.603  44.186 0.0000000000
58553  43.858  -19.109  43.994 0.0000000000
58566  42.650  -19.579  42.720 0.0000000000
58580  42.594  -19.865  41.130 0.0000000000
57554  41.830  -20.252  41.294 0.0000000000
57566  40.854  -20.798  40.410 0.0000000000
57555  41.006  -20.666  41.376 0.0000000000
55678  38.406  -22.698  42.442 0.0000000000
124795  38.606  -22.277  41.123 0.0000000000
55688  37.903  -22.655  41.003 0.0000000000
54820  36.657  -23.764  40.878 0.0000000000
53966  42.981  -24.801  49.479 0.0000000000
49927  41.081  -30.007  50.724 0.0000000000
50779  41.686  -28.452  50.628 0.0000000000
49954  39.968  -29.331  49.424 0.0000000000
52381  38.696  -27.104  47.188 0.0000000000
52380  39.155  -27.133  47.889 0.0000000000
52389  39.110  -26.348  47.455 0.0000000000
53982  40.449  -24.518  47.728 0.0000000000
53990  39.068  -24.725  46.615 0.0000000000
53998  38.719  -24.228  45.957 0.0000000000
53203  38.231  -25.531  45.470 0.0000000000
51653  35.513  -27.894  41.809 0.0000000000
52421  36.115  -26.560  42.528 0.0000000000
52436  35.544  -26.513  41.283 0.0000000000
52464  35.065  -26.174  39.711 0.0000000000
132154  34.340  -27.248  38.811 0.0000000000
50902  33.673  -28.477  37.973 0.0000000000
48291  33.277  -31.573  37.494 0.0000000000
49200  33.221  -30.773  37.122 0.0000000000
45331  33.194  -33.967  41.308 0.0000000000
119528  33.771  -33.394  40.799 0.0000000000
45340  32.293  -34.135  39.981 0.0000000000
46259  30.692  -33.731  37.058 0.0000000000
41017  31.450  -38.058  50.756 0.0000000000
41935  31.650  -37.570  49.377 0.0000000000
41046  30.458  -38.183  48.749 0.0000000000
41086  28.067  -37.691  46.342 0.0000000000
41084  29.396  -38.132  46.177 0.0000000000
41984  28.585  -37.445  44.977 0.0000000000
41993  28.897  -37.531  43.775 0.0000000000
41994  27.765  -37.179  43.697 0.0000000000
41099  22.272  -39.133  44.717 0.0000000000
41976  23.648  -38.288  45.443 0.0000000000
41989  22.675  -38.463  44.318 0.0000000000
42889  23.417  -37.174  41.449 0.0000000000
43637  24.975  -36.637  41.191 0.0000000000
60416  43.537  -17.184  33.370 0.0000000000
61208  44.275  -16.016  31.818 0.0000000000
54874  45.827  -23.603  37.199 0.0000000000
36392  21.725  -43.717  59.949 0.0000000000
134062  20.828  -44.318  59.334 0.0000000000
36394  20.675  -43.961  60.422 0.0000000000
36382  20.183  -43.928  60.943 0.0000000000
36372  19.330  -43.591  61.814 0.0000000000
117865  23.056  -42.419  60.656 0.0000000000
43532  37.251  -36.017  55.760 0.0000000000
111892  38.406  -35.081  56.426 0.0000000000
43537  37.854  -35.561  55.264 0.0000000000
119433  38.260  -34.853  53.902 0.0000000000
45182  38.623  -34.298  52.436 0.0000000000
45216  39.065  -33.810  51.280 0.0000000000
44357  38.064  -34.346  50.857 0.0000000000
44366  36.966  -34.669  49.480 0.0000000000
116572  35.889  -34.846  48.206 0.0000000000
44396  35.539  -34.774  46.852 0.0000000000
134357  34.645  -35.616  47.709 0.0000000000
43598  33.240  -36.405  47.337 0.0000000000
42837  32.319  -36.863  47.211 0.0000000000
36601  20.297  -44.377  45.568 0.0000000000
37465  20.587  -43.749  44.967 0.0000000000
113847  20.132  -45.109  44.278 0.0000000000
59469  46.593  -18.358  36.403 0.0000000000
59484  45.591  -18.627  35.708 0.0000000000
58632  46.401  -19.518  36.302 0.0000000000
57615  45.252  -20.862  36.246 0.0000000000
36524  19.402  -44.568  49.674 0.0000000000
36561  17.788  -44.541  47.591 0.0000000000
36525  18.635  -44.283  49.459 0.0000000000
37416  17.983  -43.767  49.612 0.0000000000
37402  16.657  -43.367  50.234 0.0000000000
123672  16.688  -42.447  55.141 0.0000000000
38179  16.433  -42.291  54.250 0.0000000000
38180  15.266  -42.179  54.282 0.0000000000
38193  13.722  -42.618  53.914 0.0000000000
35512  12.100  -45.586  54.776 0.0000000000
40889  32.983  -38.304  57.844 0.0000000000
133468  32.270  -38.583  56.494 0.0000000000
40938  31.675  -38.653  55.093 0.0000000000
39960  31.017  -38.763  55.505 0.0000000000
39947  29.766  -38.553  55.891 0.0000000000
40940  28.264  -38.545  55.938 0.0000000000
38165  23.563  -42.470  56.154 0.0000000000
39033  24.161  -41.276  55.924 0.0000000000
38177  22.966  -42.423  54.369 0.0000000000
37355  22.638  -42.557  53.619 0.0000000000
117079  22.318  -42.754  51.950 0.0000000000
132216  21.856  -43.179  50.514 0.0000000000
36507  21.318  -44.123  50.711 0.0000000000
35571  20.599  -44.466  49.812 0.0000000000
55703  46.687  -22.480  39.274 0.0000000000
54841  46.988  -23.973  39.673 0.0000000000
54842  45.420  -23.904  39.865 0.0000000000
130272  45.037  -24.919  40.930 0.0000000000
38090  11.265  -42.811  62.693 0.0000000000
37274  11.240  -43.577  61.384 0.0000000000
36397  11.172  -44.439  60.230 0.0000000000
36398  10.799  -44.959  60.588 0.0000000000
60308  49.125  -17.914  41.838 0.0000000000
59421  48.941  -18.926  41.558 0.0000000000
59413  48.569  -18.827  42.336 0.0000000000
58548  48.131  -19.193  42.878 0.0000000000
58549  47.708  -19.417  43.418 0.0000000000
117325  44.560  -19.050  47.047 0.0000000000
58526  44.449  -18.925  45.978 0.0000000000
57522  43.665  -19.424  46.406 0.0000000000
57532  42.530  -19.752  45.020 0.0000000000
57540  41.361  -20.184  43.815 0.0000000000
129111  40.314  -21.091  42.631 0.0000000000
56594  40.317  -20.989  44.077 0.0000000000
56595  39.689  -21.668  44.178 0.0000000000
55661  38.742  -22.875  44.171 0.0000000000
49081  38.743  -30.421  47.533 0.0000000000
115897  39.449  -29.120  48.720 0.0000000000
49977  38.397  -29.726  46.520 0.0000000000
50830  38.297  -28.871  46.302 0.0000000000
51624  37.711  -27.960  45.259 0.0000000000
52403  37.457  -26.624  44.338 0.0000000000
50853  36.680  -28.334  43.624 0.0000000000
50862  35.695  -28.599  42.342 0.0000000000
50882  35.001  -29.194  41.330 0.0000000000
50056  33.903  -29.540  39.174 0.0000000000
49186  34.615  -30.450  40.207 0.0000000000
48272  34.311  -31.390  39.442 0.0000000000
48273  34.043  -31.909  39.079 0.0000000000
44449  31.298  -35.703  40.820 0.0000000000
45341  31.593  -34.609  39.529 0.0000000000
44465  31.110  -35.521  39.903 0.0000000000
45353  29.641  -35.171  38.156 0.0000000000
44491  28.743  -35.504  37.236 0.0000000000
119617  29.335  -38.502  49.947 0.0000000000
40054  29.619  -38.258  48.770 0.0000000000
41032  28.885  -38.170  48.821 0.0000000000
41954  27.386  -37.803  47.361 0.0000000000
41973  26.068  -37.593  45.562 0.0000000000
42007  21.700  -38.711  42.080 0.0000000000
41136  21.443  -39.847  40.482 0.0000000000
62838  49.253  -15.002  32.360 0.0000000000
62040  47.883  -15.177  31.232 0.0000000000
62051  46.565  -15.730  30.377 0.0000000000
35509  21.107  -44.549  55.309 0.0000000000
35524  19.927  -44.540  53.915 0.0000000000
35519  19.852  -44.535  54.974 0.0000000000
36451  19.148  -44.377  55.411 0.0000000000
36452  18.516  -43.826  55.980 0.0000000000
35481  19.409  -44.498  58.644 0.0000000000
35502  18.772  -44.385  57.492 0.0000000000
36439  17.815  -43.590  57.281 0.0000000000
37314  17.346  -43.247  57.252 0.0000000000
38141  16.754  -42.629  58.209 0.0000000000
39013  15.103  -41.599  58.037 0.0000000000
39888  27.982  -39.176  58.991 0.0000000000
112567  28.415  -39.003  57.864 0.0000000000
111959  26.879  -39.781  58.482 0.0000000000
39921  26.112  -40.466  58.132 0.0000000000
39009  25.209  -41.130  57.757 0.0000000000
38979  24.515  -41.588  59.307 0.0000000000
38130  24.141  -42.120  58.507 0.0000000000
38140  23.922  -42.388  57.515 0.0000000000
37322  23.137  -43.146  56.584 0.0000000000
36449  22.121  -44.194  55.489 0.0000000000
123115  42.211  -22.919  38.663 0.0000000000
135093  43.089  -23.908  39.716 0.0000000000
54846  41.749  -23.945  39.250 0.0000000000
61892  45.941  -16.113  45.445 0.0000000000
59349  44.546  -18.446  48.012 0.0000000000
58481  43.865  -19.501  48.257 0.0000000000
56556  43.448  -20.739  48.334 0.0000000000
56557  43.061  -21.294  48.059 0.0000000000
49036  41.070  -30.667  51.252 0.0000000000
49053  39.931  -30.834  49.627 0.0000000000
46103  39.216  -33.052  50.205 0.0000000000
47055  39.020  -32.315  48.831 0.0000000000
48151  38.965  -31.878  48.414 0.0000000000
48174  38.484  -31.705  47.054 0.0000000000
123822  37.616  -32.277  45.588 0.0000000000
47119  36.309  -32.368  43.563 0.0000000000
47139  35.469  -32.521  42.413 0.0000000000
46189  35.415  -33.374  43.418 0.0000000000
46201  34.780  -33.768  42.999 0.0000000000
44419  33.254  -34.812  43.092 0.0000000000
44405  34.147  -35.259  45.399 0.0000000000
44416  33.450  -35.062  43.841 0.0000000000
133448  32.657  -35.238  42.953 0.0000000000
114483  31.039  -36.644  41.853 0.0000000000
43633  30.320  -36.823  41.431 0.0000000000
42900  29.200  -36.819  41.200 0.0000000000
41050  23.309  -39.138  48.460 0.0000000000
41066  23.885  -38.506  47.921 0.0000000000
41077  22.296  -39.902  46.713 0.0000000000
40098  22.021  -39.794  45.987 0.0000000000
40110  20.968  -40.961  44.230 0.0000000000
38282  20.611  -42.973  44.343 0.0000000000
38298  20.293  -42.598  42.751 0.0000000000
63615  46.925  -13.549  35.077 0.0000000000
118420  46.369  -14.206  33.953 0.0000000000
62006  45.389  -15.494  34.414 0.0000000000
61181  44.808  -16.775  34.012 0.0000000000
59505  43.208  -17.952  33.820 0.0000000000
58658  44.399  -18.667  34.965 0.0000000000
58659  43.560  -19.106  34.780 0.0000000000
37370  18.173  -44.079  52.511 0.0000000000
37387  17.177  -43.229  51.691 0.0000000000
37403  15.682  -43.549  50.227 0.0000000000
38205  15.621  -42.569  52.449 0.0000000000
37404  14.923  -43.580  50.767 0.0000000000
42721  36.693  -36.330  56.967 0.0000000000
42745  36.209  -37.030  55.782 0.0000000000
42767  35.160  -37.031  54.145 0.0000000000
41901  34.587  -36.773  52.797 0.0000000000
41913  33.560  -37.047  51.585 0.0000000000
113060  33.385  -37.442  52.462 0.0000000000
123530  32.342  -38.066  51.955 0.0000000000
40013  30.877  -38.453  51.346 0.0000000000
39976  31.252  -38.623  54.276 0.0000000000
39999  30.719  -38.486  52.999 0.0000000000
40014  29.655  -38.578  51.205 0.0000000000
40032  28.469  -38.430  50.907 0.0000000000
41020  26.877  -37.953  50.739 0.0000000000
116764  25.034  -38.315  49.963 0.0000000000
40905  27.562  -39.012  57.273 0.0000000000
40941  27.178  -38.802  56.031 0.0000000000
111718  26.759  -38.795  55.450 0.0000000000
39965  24.495  -40.585  55.493 0.0000000000
40961  25.373  -39.224  54.530 0.0000000000
135207  26.610  -38.670  53.882 0.0000000000
40994  25.471  -38.870  52.758 0.0000000000
125011  24.807  -38.811  51.192 0.0000000000
41035  24.085  -38.726  49.762 0.0000000000
40046  22.956  -39.905  49.096 0.0000000000
128234  21.828  -41.510  48.573 0.0000000000
38251  21.512  -42.764  47.341 0.0000000000
37415  21.518  -43.759  49.476 0.0000000000
37435  21.368  -43.751  47.762 0.0000000000
36578  20.493  -44.365  46.390 0.0000000000
35651  19.453  -44.912  45.694 0.0000000000
56671  49.667  -21.801  38.054 0.0000000000
55734  48.360  -22.302  37.409 0.0000000000
54867  48.643  -23.198  38.166 0.0000000000
53239  46.933  -24.934  39.919 0.0000000000
53252  46.570  -25.742  39.624 0.0000000000
54831  43.451  -24.366  40.470 0.0000000000
38077  20.200  -43.040  62.224 0.0000000000
37251  19.219  -43.388  62.932 0.0000000000
36362  18.438  -43.383  62.615 0.0000000000
37242  18.042  -42.442  64.066 0.0000000000
36385  17.767  -43.268  61.551 0.0000000000
38112  16.794  -42.721  60.974 0.0000000000
120479  16.037  -41.710  60.081 0.0000000000
38998  14.278  -41.333  58.502 0.0000000000
124960  14.967  -40.216  63.472 0.0000000000
39885  14.290  -40.667  61.046 0.0000000000
38986  13.559  -41.162  59.700 0.0000000000
38999  13.594  -41.689  58.142 0.0000000000
37316  12.306  -43.151  57.463 0.0000000000
63614  48.918  -13.122  35.194 0.0000000000
121982  47.846  -13.089  35.671 0.0000000000
62791  46.239  -14.344  36.361 0.0000000000
62784  46.443  -14.437  37.062 0.0000000000
64494  48.735  -11.668  38.486 0.0000000000
62783  46.982  -14.114  37.837 0.0000000000
61150  46.508  -16.149  37.064 0.0000000000
60368  47.709  -17.627  37.499 0.0000000000
59458  47.976  -18.573  37.406 0.0000000000
58622  49.384  -19.909  37.835 0.0000000000
61123  49.127  -16.701  39.459 0.0000000000
59446  49.406  -18.742  38.574 0.0000000000
57601  49.573  -20.670  37.800 0.0000000000
57590  49.848  -21.230  38.279 0.0000000000
56638  49.643  -21.625  38.605 0.0000000000
56640  48.315  -21.644  39.247 0.0000000000
132087  48.597  -19.518  40.653 0.0000000000
57577  47.840  -20.602  39.389 0.0000000000
56641  47.176  -21.437  39.095 0.0000000000
56642  46.064  -21.577  38.912 0.0000000000
135374  44.459  -20.793  38.846 0.0000000000
56658  43.796  -21.463  38.676 0.0000000000
59386  47.174  -18.337  45.399 0.0000000000
59397  46.878  -18.957  45.089 0.0000000000
134891  46.214  -19.158  44.327 0.0000000000
116688  45.158  -18.935  45.264 0.0000000000
58552  44.503  -19.095  43.545 0.0000000000
113761  44.778  -19.096  42.753 0.0000000000
58579  43.533  -19.532  40.839 0.0000000000
57564  42.866  -20.020  40.271 0.0000000000
56645  42.106  -21.099  39.102 0.0000000000
56646  41.245  -21.328  39.158 0.0000000000
56647  40.491  -21.559  39.409 0.0000000000
56619  39.628  -21.487  41.339 0.0000000000
56649  39.102  -21.967  39.990 0.0000000000
55624  43.191  -21.894  48.858 0.0000000000
55634  42.296  -22.331  47.990 0.0000000000
52364  42.611  -26.340  50.028 0.0000000000
50793  39.727  -28.395  49.114 0.0000000000
52366  40.832  -26.854  49.609 0.0000000000
53179  42.105  -25.830  49.560 0.0000000000
53975  41.766  -24.604  48.625 0.0000000000
54771  41.464  -23.413  47.832 0.0000000000
54778  40.966  -22.991  47.309 0.0000000000
54780  39.739  -23.359  46.463 0.0000000000
54794  38.855  -23.088  45.077 0.0000000000
54803  37.657  -23.838  43.117 0.0000000000
52411  37.243  -26.194  43.834 0.0000000000
54013  36.975  -25.199  42.846 0.0000000000
54813  36.840  -24.013  41.789 0.0000000000
54034  35.837  -25.028  40.712 0.0000000000
50064  33.432  -29.109  37.418 0.0000000000
123365  33.414  -29.907  35.751 0.0000000000
113683  34.782  -32.464  40.836 0.0000000000
47191  33.998  -32.526  39.585 0.0000000000
46244  32.853  -32.834  38.313 0.0000000000
45351  31.405  -34.162  38.648 0.0000000000
46257  32.156  -33.120  37.743 0.0000000000
41933  33.106  -37.050  49.985 0.0000000000
41952  32.103  -36.929  47.847 0.0000000000
41961  31.232  -37.576  46.628 0.0000000000
116837  29.775  -38.168  47.601 0.0000000000
41962  30.577  -37.879  46.379 0.0000000000
41981  30.844  -37.499  45.206 0.0000000000
41991  30.147  -37.675  44.252 0.0000000000
129901  29.105  -37.453  42.631 0.0000000000
114640  27.995  -36.778  41.543 0.0000000000
41966  24.635  -38.150  46.557 0.0000000000
41975  24.519  -38.052  45.674 0.0000000000
116084  25.741  -37.498  44.777 0.0000000000
42005  23.026  -37.815  42.905 0.0000000000
42863  24.596  -37.370  43.666 0.0000000000
42862  25.344  -37.218  43.486 0.0000000000
42871  26.638  -36.997  42.368 0.0000000000
43635  27.236  -36.526  40.869 0.0000000000
128802  46.010  -14.788  32.448 0.0000000000
131036  44.920  -15.585  31.472 0.0000000000
61218  44.323  -16.393  30.187 0.0000000000
54873  46.399  -22.970  37.161 0.0000000000
43550  35.968  -35.909  52.970 0.0000000000
42790  35.240  -36.139  52.044 0.0000000000
42801  34.595  -36.333  50.484 0.0000000000
42802  34.071  -36.646  51.005 0.0000000000
57612  47.922  -20.733  36.943 0.0000000000
56685  48.161  -21.531  37.112 0.0000000000
35533  20.437  -44.663  52.620 0.0000000000
35534  19.950  -44.611  52.946 0.0000000000
38143  14.924  -41.782  57.280 0.0000000000
38155  13.876  -42.082  56.267 0.0000000000
38156  13.238  -42.358  56.707 0.0000000000
40861  29.777  -38.575  59.192 0.0000000000
41805  30.392  -38.057  59.742 0.0000000000
40878  30.148  -38.806  58.481 0.0000000000
40877  31.126  -38.578  58.676 0.0000000000
39917  29.963  -38.888  57.685 0.0000000000
39918  29.162  -38.763  57.474 0.0000000000
35517  21.055  -44.506  54.312 0.0000000000
35522  20.954  -44.526  53.308 0.0000000000
55720  43.475  -22.467  38.713 0.0000000000
55705  44.017  -23.284  39.214 0.0000000000
55706  43.135  -23.286  39.054 0.0000000000
61076  47.602  -16.822  44.565 0.0000000000
61068  46.821  -16.480  45.205 0.0000000000
56569  42.076  -21.277  47.133 0.0000000000
55644  41.248  -22.090  47.026 0.0000000000
48215  36.763  -31.548  43.773 0.0000000000
49143  36.549  -30.812  43.305 0.0000000000
48229  35.736  -31.436  42.382 0.0000000000
48247  35.428  -31.244  41.579 0.0000000000
41937  25.708  -37.985  49.315 0.0000000000
41945  25.454  -38.075  48.647 0.0000000000
41946  24.757  -38.222  48.295 0.0000000000
63638  48.847  -13.736  34.064 0.0000000000
63639  47.981  -13.806  33.771 0.0000000000
35479  21.116  -44.369  58.562 0.0000000000
36395  18.747  -44.131  60.930 0.0000000000
35464  18.360  -44.054  59.764 0.0000000000
36396  18.022  -43.965  60.377 0.0000000000
36386  17.388  -43.713  60.854 0.0000000000
41788  26.305  -38.907  59.818 0.0000000000
39880  25.421  -40.016  60.100 0.0000000000
36402  21.935  -43.849  59.255 0.0000000000
36426  22.137  -44.097  57.955 0.0000000000
46031  39.723  -33.405  53.090 0.0000000000
46030  40.100  -33.097  53.838 0.0000000000
47000  40.519  -32.429  53.484 0.0000000000
46048  40.147  -32.964  52.879 0.0000000000
47009  40.494  -32.330  52.598 0.0000000000
46069  40.085  -32.853  52.142 0.0000000000
45269  36.817  -33.951  47.317 0.0000000000
45279  36.777  -33.709  46.422 0.0000000000
113682  35.911  -34.308  45.936 0.0000000000
135699  35.747  -34.536  46.336 0.0000000000
43611  32.192  -36.626  45.498 0.0000000000
42853  31.643  -36.913  45.122 0.0000000000
42854  31.230  -37.267  44.770 0.0000000000
38262  21.340  -42.994  46.486 0.0000000000
39108  21.386  -42.054  46.558 0.0000000000
61172  45.661  -16.799  35.503 0.0000000000
60396  45.868  -17.427  35.765 0.0000000000
35606  18.496  -44.596  47.347 0.0000000000
37334  18.152  -43.558  55.136 0.0000000000
37358  17.734  -43.170  53.867 0.0000000000
35535  13.585  -45.180  52.205 0.0000000000
40917  33.473  -38.455  56.162 0.0000000000
40916  34.037  -38.253  55.987 0.0000000000
40935  33.990  -38.107  55.381 0.0000000000
127499  33.395  -38.281  55.044 0.0000000000
40954  33.079  -38.220  54.509 0.0000000000
119221  32.726  -38.474  54.955 0.0000000000
40976  28.837  -38.638  54.065 0.0000000000
122043  28.102  -38.566  53.208 0.0000000000
132314  27.162  -38.566  53.661 0.0000000000
39023  25.050  -41.136  57.054 0.0000000000
39032  24.805  -40.853  56.343 0.0000000000
38203  22.578  -42.103  52.215 0.0000000000
39059  22.874  -41.233  52.656 0.0000000000
38214  22.840  -41.270  51.611 0.0000000000
39074  22.579  -41.554  50.787 0.0000000000
36542  19.675  -44.591  48.798 0.0000000000
36560  19.844  -44.580  47.995 0.0000000000
114112  47.822  -23.380  39.336 0.0000000000
54840  48.347  -23.377  39.024 0.0000000000
38915  17.314  -41.130  63.669 0.0000000000
38941  16.241  -41.134  62.721 0.0000000000
39858  15.868  -40.612  63.192 0.0000000000
38101  12.139  -42.136  61.432 0.0000000000
38114  12.305  -42.199  60.528 0.0000000000
37282  11.942  -42.988  60.131 0.0000000000
37295  12.010  -43.010  59.228 0.0000000000
37296  11.620  -43.779  59.758 0.0000000000
128596  49.930  -11.069  37.341 0.0000000000
65407  49.757  -10.462  37.566 0.0000000000
62767  48.554  -13.439  39.361 0.0000000000
62774  48.880  -14.569  39.752 0.0000000000
59427  49.632  -18.498  40.295 0.0000000000
58573  49.370  -19.088  40.751 0.0000000000
58563  47.088  -19.173  42.671 0.0000000000
58591  45.571  -19.010  40.766 0.0000000000
58564  45.162  -19.004  41.776 0.0000000000
58555  42.105  -19.823  43.448 0.0000000000
134817  41.994  -19.962  42.621 0.0000000000
58567  42.252  -19.844  41.947 0.0000000000
113856  41.542  -20.242  42.087 0.0000000000
57547  40.873  -20.664  42.361 0.0000000000
55687  38.480  -22.485  41.771 0.0000000000
55679  37.910  -22.973  41.965 0.0000000000
54819  37.269  -23.312  41.426 0.0000000000
53965  43.400  -24.334  49.936 0.0000000000
49941  40.420  -30.078  49.928 0.0000000000
49940  40.892  -29.123  50.256 0.0000000000
116790  38.387  -27.154  46.372 0.0000000000
52390  38.652  -26.336  46.730 0.0000000000
53197  39.067  -25.584  47.049 0.0000000000
53198  38.586  -25.560  46.318 0.0000000000
53991  38.528  -24.926  45.973 0.0000000000
132077  34.762  -27.847  40.638 0.0000000000
51677  35.233  -27.271  41.088 0.0000000000
52450  34.769  -27.062  40.133 0.0000000000
51690  34.072  -27.915  39.242 0.0000000000
51691  33.968  -27.840  38.435 0.0000000000
113348  33.041  -31.373  36.636 0.0000000000
48302  32.689  -31.815  36.210 0.0000000000
45332  32.448  -34.391  40.834 0.0000000000
41018  30.867  -38.437  50.530 0.0000000000
41030  31.219  -38.113  49.927 0.0000000000
41031  30.666  -38.380  49.625 0.0000000000
111818  27.262  -37.407  45.859 0.0000000000
41972  28.330  -37.565  45.678 0.0000000000
111884  27.816  -37.217  45.039 0.0000000000
114718  28.322  -37.333  44.245 0.0000000000
41985  27.353  -37.079  44.375 0.0000000000
41100  21.673  -39.645  44.286 0.0000000000
41106  22.001  -38.930  43.876 0.0000000000
60417  42.669  -17.599  33.118 0.0000000000
59515  41.974  -17.925  32.943 0.0000000000
37280  22.224  -43.368  60.534 0.0000000000
36393  21.163  -43.870  60.179 0.0000000000
36380  21.610  -43.607  60.747 0.0000000000
36370  20.644  -43.486  61.413 0.0000000000
36371  19.897  -43.542  61.589 0.0000000000
36383  19.640  -43.928  61.293 0.0000000000
37260  22.155  -42.497  61.906 0.0000000000
38098  22.753  -42.148  61.398 0.0000000000
37269  22.523  -42.768  61.078 0.0000000000
42744  36.623  -36.505  55.367 0.0000000000
43538  37.122  -35.948  54.894 0.0000000000
44339  37.394  -35.140  52.639 0.0000000000
44326  37.523  -35.263  53.498 0.0000000000
44325  38.063  -34.715  52.971 0.0000000000
45165  38.734  -34.260  53.362 0.0000000000
44338  38.020  -34.758  52.110 0.0000000000
45198  38.543  -34.316  51.539 0.0000000000
44349  37.877  -34.648  51.451 0.0000000000
43575  35.810  -35.531  50.311 0.0000000000
44367  36.380  -35.088  49.830 0.0000000000
44377  36.293  -34.916  48.958 0.0000000000
44378  35.442  -35.329  48.666 0.0000000000
44389  35.295  -35.223  47.726 0.0000000000
43588  34.589  -35.727  48.341 0.0000000000
116068  33.736  -36.408  49.181 0.0000000000
42825  33.804  -36.234  48.437 0.0000000000
42835  33.372  -36.460  47.934 0.0000000000
42841  32.615  -36.683  47.010 0.0000000000
42836  32.791  -36.672  47.740 0.0000000000
35672  19.855  -44.771  45.174 0.0000000000
35700  19.995  -45.758  43.761 0.0000000000
60383  47.155  -18.068  36.812 0.0000000000
59470  46.239  -18.844  36.176 0.0000000000
57614  45.933  -20.128  36.225 0.0000000000
56687  44.998  -21.739  36.386 0.0000000000
36508  19.469  -44.526  50.634 0.0000000000
37385  18.389  -43.959  50.336 0.0000000000
37417  17.165  -43.686  49.494 0.0000000000
37401  17.615  -43.549  50.062 0.0000000000
38166  16.374  -42.349  55.783 0.0000000000
115241  15.884  -42.068  55.007 0.0000000000
38167  15.403  -41.969  55.673 0.0000000000
38182  13.571  -42.542  54.842 0.0000000000
37359  13.372  -43.254  53.462 0.0000000000
125727  13.131  -44.025  53.131 0.0000000000
36474  12.743  -44.658  53.637 0.0000000000
37360  12.820  -43.862  53.954 0.0000000000
37338  12.366  -43.484  55.696 0.0000000000
36465  12.333  -44.602  54.509 0.0000000000
123885  12.020  -44.976  55.215 0.0000000000
41802  32.665  -37.274  59.677 0.0000000000
40891  31.423  -38.659  57.550 0.0000000000
40890  32.178  -38.538  58.103 0.0000000000
40903  32.248  -38.554  57.262 0.0000000000
40919  31.751  -38.634  55.847 0.0000000000
39945  30.813  -38.631  56.265 0.0000000000
115041  29.755  -38.575  56.590 0.0000000000
40939  29.279  -38.586  55.440 0.0000000000
40920  29.032  -38.507  56.166 0.0000000000
37332  22.922  -43.027  55.681 0.0000000000
118193  23.290  -42.423  55.177 0.0000000000
132332  22.795  -42.888  54.912 0.0000000000
36479  21.899  -43.572  52.976 0.0000000000
37356  22.335  -43.243  53.417 0.0000000000
37369  22.180  -43.180  52.479 0.0000000000
38204  22.473  -42.693  52.755 0.0000000000
37383  21.885  -43.317  51.703 0.0000000000
36493  21.489  -43.993  51.483 0.0000000000
35560  20.489  -44.540  50.759 0.0000000000
35572  19.990  -44.588  50.236 0.0000000000
116114  20.015  -44.603  49.447 0.0000000000
55704  45.713  -22.768  39.247 0.0000000000
116947  46.346  -23.482  39.580 0.0000000000
54829  44.800  -24.542  40.608 0.0000000000
54041  44.275  -24.838  41.283 0.0000000000
54030  44.382  -25.077  41.498 0.0000000000
116333  10.758  -43.377  62.827 0.0000000000
37266  11.006  -43.449  62.154 0.0000000000
36387  11.041  -44.318  61.003 0.0000000000
36375  10.834  -44.073  61.693 0.0000000000
60309  48.755  -18.240  42.639 0.0000000000
61083  48.572  -17.497  43.261 0.0000000000
59395  48.253  -18.725  44.051 0.0000000000
59405  47.988  -19.356  43.781 0.0000000000
58535  47.321  -19.282  44.278 0.0000000000
57513  43.840  -19.586  47.444 0.0000000000
58513  44.202  -19.260  46.808 0.0000000000
56582  42.001  -20.639  46.279 0.0000000000
57523  42.761  -19.916  46.166 0.0000000000
57524  41.983  -20.209  45.431 0.0000000000
135122  41.974  -20.058  44.865 0.0000000000
57533  41.412  -20.275  44.721 0.0000000000
57534  40.855  -20.525  44.146 0.0000000000
56593  40.737  -20.781  44.799 0.0000000000
56584  39.867  -21.754  45.250 0.0000000000
128000  40.202  -21.248  44.771 0.0000000000
55668  39.126  -22.278  43.911 0.0000000000
124718  38.604  -31.033  47.112 0.0000000000
49112  38.274  -30.472  46.041 0.0000000000
49993  37.636  -29.556  45.178 0.0000000000
49992  38.100  -29.637  45.819 0.0000000000
50831  37.892  -28.782  45.580 0.0000000000
51623  38.160  -27.988  45.983 0.0000000000
50842  37.396  -28.740  44.909 0.0000000000
51635  37.325  -27.943  44.556 0.0000000000
50843  37.012  -28.692  44.123 0.0000000000
50024  35.896  -29.410  42.718 0.0000000000
50025  35.394  -29.481  41.986 0.0000000000
50874  35.334  -28.676  41.744 0.0000000000
50045  34.790  -29.941  40.796 0.0000000000
48261  34.692  -31.212  40.104 0.0000000000
47190  34.442  -31.915  39.797 0.0000000000
44466  30.224  -35.820  39.569 0.0000000000
44483  28.982  -35.684  37.968 0.0000000000
44484  28.452  -36.116  37.857 0.0000000000
41033  28.451  -38.207  49.303 0.0000000000
40044  29.124  -38.378  49.431 0.0000000000
41065  26.851  -37.885  47.950 0.0000000000
41064  27.782  -37.858  47.956 0.0000000000
41955  26.529  -37.912  47.179 0.0000000000
41963  27.340  -37.698  46.708 0.0000000000
41964  26.351  -37.746  46.392 0.0000000000
62827  47.809  -14.474  32.362 0.0000000000
62839  48.305  -14.790  31.949 0.0000000000
62840  47.353  -14.743  31.762 0.0000000000
62041  46.868  -15.216  31.065 0.0000000000
35518  20.518  -44.553  54.636 0.0000000000
35510  20.492  -44.577  55.687 0.0000000000
35511  19.784  -44.521  56.086 0.0000000000
36437  19.015  -44.386  56.531 0.0000000000
35469  20.373  -44.316  59.575 0.0000000000
120006  20.080  -44.476  58.945 0.0000000000
35483  18.371  -44.029  58.403 0.0000000000
35494  18.818  -44.446  58.122 0.0000000000
36428  18.159  -43.872  57.665 0.0000000000
114304  17.700  -43.572  57.800 0.0000000000
38142  16.022  -41.927  57.620 0.0000000000
38133  16.148  -41.846  58.487 0.0000000000
41787  27.166  -38.703  59.964 0.0000000000
131134  27.599  -38.345  60.122 0.0000000000
41786  27.931  -38.491  59.960 0.0000000000
40842  28.536  -38.521  59.702 0.0000000000
39906  27.743  -39.316  58.418 0.0000000000
39889  27.219  -39.570  59.027 0.0000000000
38978  25.595  -40.663  59.018 0.0000000000
39907  26.183  -40.349  58.542 0.0000000000
38991  25.576  -40.807  58.503 0.0000000000
39008  25.624  -40.858  58.111 0.0000000000
38992  25.062  -41.243  58.366 0.0000000000
38110  24.000  -41.990  59.722 0.0000000000
38966  24.379  -41.304  60.079 0.0000000000
134138  23.354  -43.126  58.051 0.0000000000
37304  23.749  -42.657  58.148 0.0000000000
38139  24.188  -42.136  58.001 0.0000000000
38152  23.644  -42.656  56.940 0.0000000000
36436  21.506  -44.479  56.839 0.0000000000
36435  22.108  -44.272  56.418 0.0000000000
36450  21.657  -44.481  55.881 0.0000000000
36462  21.645  -44.401  54.930 0.0000000000
54857  41.746  -23.349  38.848 0.0000000000
58480  44.331  -18.946  47.744 0.0000000000
59350  44.086  -18.995  48.472 0.0000000000
57492  43.605  -20.222  48.703 0.0000000000
56551  43.248  -21.373  48.487 0.0000000000
44290  38.931  -34.471  56.103 0.0000000000
48105  40.637  -31.723  51.650 0.0000000000
48104  40.977  -31.171  51.716 0.0000000000
48120  40.541  -31.435  51.053 0.0000000000
49037  40.540  -30.765  50.461 0.0000000000
48137  39.972  -31.486  50.163 0.0000000000
119265  38.333  -33.941  50.296 0.0000000000
46087  38.909  -33.666  50.553 0.0000000000
46104  38.690  -33.434  49.816 0.0000000000
118139  38.265  -32.847  48.363 0.0000000000
119919  38.706  -32.558  48.721 0.0000000000
47056  38.630  -32.349  48.302 0.0000000000
47066  38.522  -32.112  47.783 0.0000000000
47076  38.195  -32.409  46.957 0.0000000000
46154  37.088  -32.923  45.592 0.0000000000
46172  36.685  -32.918  44.911 0.0000000000
47106  36.883  -32.308  44.412 0.0000000000
46188  36.339  -32.982  44.235 0.0000000000
134044  35.944  -33.039  43.704 0.0000000000
46174  35.771  -33.473  44.106 0.0000000000
132710  34.870  -34.199  44.145 0.0000000000
45298  35.150  -33.854  43.834 0.0000000000
45299  34.562  -34.225  43.574 0.0000000000
45310  34.057  -34.261  42.993 0.0000000000
45300  33.949  -34.563  43.500 0.0000000000
44398  34.454  -35.364  46.183 0.0000000000
44413  32.785  -35.774  44.446 0.0000000000
44417  32.580  -35.566  43.492 0.0000000000
44420  32.104  -35.646  42.708 0.0000000000
43628  30.740  -37.064  42.344 0.0000000000
42883  30.180  -37.326  42.148 0.0000000000
42884  29.701  -37.211  41.699 0.0000000000
40056  22.713  -39.844  48.168 0.0000000000
40071  22.515  -39.881  47.396 0.0000000000
117488  21.309  -41.548  45.783 0.0000000000
40099  21.584  -40.589  45.651 0.0000000000
40109  21.434  -40.415  44.681 0.0000000000
123732  20.442  -43.799  44.097 0.0000000000
39162  20.458  -41.563  43.056 0.0000000000
62808  46.252  -14.183  34.657 0.0000000000
62802  45.707  -14.874  34.969 0.0000000000
60407  44.961  -17.160  34.671 0.0000000000
60408  44.569  -17.427  34.390 0.0000000000
116233  44.268  -17.134  33.852 0.0000000000
60409  43.943  -17.650  34.110 0.0000000000
132646  45.051  -18.422  35.334 0.0000000000
59485  44.975  -19.099  35.518 0.0000000000
58647  43.272  -19.724  35.143 0.0000000000
36562  17.024  -44.822  47.594 0.0000000000
36471  19.465  -44.417  53.272 0.0000000000
36472  18.788  -44.170  53.044 0.0000000000
37372  16.833  -42.795  52.396 0.0000000000
37371  17.639  -43.524  52.465 0.0000000000
125202  16.669  -43.184  51.036 0.0000000000
37388  15.817  -43.233  50.869 0.0000000000
38191  15.511  -42.320  53.466 0.0000000000
38206  14.541  -42.932  52.312 0.0000000000
36496  14.276  -44.258  51.145 0.0000000000
36511  14.673  -44.367  50.526 0.0000000000
42682  34.126  -37.015  59.452 0.0000000000
42696  34.421  -36.829  59.006 0.0000000000
41843  35.199  -37.454  56.976 0.0000000000
42723  35.683  -37.091  57.464 0.0000000000
42722  36.205  -36.819  57.239 0.0000000000
42735  36.268  -36.989  56.562 0.0000000000
41856  35.737  -37.357  56.065 0.0000000000
113477  34.591  -37.476  54.415 0.0000000000
41879  35.091  -37.373  54.888 0.0000000000
41890  34.596  -37.175  53.633 0.0000000000
113866  35.057  -36.756  53.396 0.0000000000
41902  33.966  -37.278  53.093 0.0000000000
117789  33.944  -37.022  52.388 0.0000000000
40973  32.221  -38.304  53.577 0.0000000000
40988  32.267  -38.117  52.773 0.0000000000
114826  31.796  -38.320  52.154 0.0000000000
39998  31.208  -38.441  52.356 0.0000000000
114076  31.146  -38.775  54.843 0.0000000000
40956  31.665  -38.616  54.550 0.0000000000
40000  29.939  -38.493  53.077 0.0000000000
115040  30.158  -38.502  52.016 0.0000000000
40031  29.181  -38.551  50.596 0.0000000000
40015  28.937  -38.567  51.446 0.0000000000
112254  27.079  -38.342  52.106 0.0000000000
41005  27.589  -38.284  51.379 0.0000000000
41927  26.055  -37.885  50.128 0.0000000000
41915  25.970  -38.088  50.957 0.0000000000
39935  27.297  -39.317  57.612 0.0000000000
111952  28.251  -38.781  57.449 0.0000000000
39963  25.918  -39.892  56.401 0.0000000000
40922  27.216  -39.053  56.798 0.0000000000
40923  26.532  -39.390  56.387 0.0000000000
134956  26.640  -39.098  55.949 0.0000000000
39042  23.929  -41.143  55.035 0.0000000000
39048  23.932  -41.088  54.203 0.0000000000
40980  24.717  -39.672  54.087 0.0000000000
114066  26.078  -38.786  54.141 0.0000000000
40979  25.377  -39.053  53.664 0.0000000000
40978  26.302  -38.680  53.314 0.0000000000
40016  23.710  -39.718  51.066 0.0000000000
41008  24.214  -39.199  51.195 0.0000000000
41022  23.818  -39.279  50.521 0.0000000000
41021  24.508  -38.770  50.575 0.0000000000
41036  23.391  -39.518  49.848 0.0000000000
128339  22.957  -40.220  49.871 0.0000000000
39082  21.984  -41.512  49.270 0.0000000000
39089  21.630  -42.043  48.057 0.0000000000
38238  21.640  -42.996  48.266 0.0000000000
37400  21.605  -43.745  50.223 0.0000000000
37414  21.854  -43.161  49.877 0.0000000000
36559  20.376  -44.543  47.754 0.0000000000
37436  20.856  -44.289  47.235 0.0000000000
35650  19.952  -44.622  46.131 0.0000000000
55717  49.510  -22.078  38.252 0.0000000000
55733  49.112  -22.478  37.961 0.0000000000
54053  48.123  -24.192  38.921 0.0000000000
54066  47.899  -24.312  38.514 0.0000000000
121855  47.494  -24.870  38.526 0.0000000000
54827  46.579  -24.633  39.995 0.0000000000
52461  46.017  -26.274  39.363 0.0000000000
54055  42.541  -24.317  39.929 0.0000000000
54043  43.066  -24.772  40.952 0.0000000000
38085  20.763  -42.410  62.078 0.0000000000
37239  19.166  -42.956  62.980 0.0000000000
37240  18.803  -43.371  63.302 0.0000000000
37252  19.205  -43.514  63.259 0.0000000000
37253  18.631  -43.290  63.133 0.0000000000
37243  17.917  -42.516  63.544 0.0000000000
37255  17.836  -42.598  62.902 0.0000000000
37264  17.569  -42.828  62.043 0.0000000000
37272  17.209  -43.259  61.289 0.0000000000
38099  17.015  -42.609  61.784 0.0000000000
132661  15.795  -41.432  61.119 0.0000000000
38113  16.272  -41.906  60.680 0.0000000000
38972  15.511  -41.301  60.509 0.0000000000
38984  15.304  -41.243  59.753 0.0000000000
38928  13.177  -40.532  63.125 0.0000000000
39859  13.872  -40.176  63.736 0.0000000000
117897  13.961  -40.329  62.801 0.0000000000
39872  14.517  -40.453  62.504 0.0000000000
39873  13.955  -40.480  61.819 0.0000000000
38975  12.926  -41.592  60.047 0.0000000000
115597  13.704  -41.276  58.932 0.0000000000
38134  12.947  -42.090  58.106 0.0000000000
38145  12.820  -42.471  57.419 0.0000000000
131404  12.551  -42.605  57.997 0.0000000000
36431  11.865  -43.943  57.094 0.0000000000
35473  11.047  -45.239  58.951 0.0000000000
64519  50.237  -12.545  35.887 0.0000000000
64520  49.137  -12.706  35.963 0.0000000000
64502  47.820  -12.447  37.158 0.0000000000
63603  47.295  -13.023  36.592 0.0000000000
63597  46.644  -13.691  36.929 0.0000000000
65394  49.350  -11.056  38.966 0.0000000000
62775  47.826  -14.295  38.874 0.0000000000
117491  47.632  -13.168  38.457 0.0000000000
61981  46.677  -15.164  37.475 0.0000000000
61149  47.089  -15.906  37.787 0.0000000000
114533  47.325  -16.720  37.664 0.0000000000
58631  48.303  -19.489  37.406 0.0000000000
59457  48.823  -19.073  37.997 0.0000000000
61957  49.141  -15.980  39.871 0.0000000000
61122  49.328  -16.703  39.928 0.0000000000
59445  49.815  -19.291  38.734 0.0000000000
60355  49.643  -18.407  39.056 0.0000000000
59456  49.696  -19.623  38.308 0.0000000000
58621  49.931  -20.291  38.080 0.0000000000
57600  49.916  -21.120  38.054 0.0000000000
58612  49.922  -20.523  38.269 0.0000000000
58600  49.477  -20.184  39.559 0.0000000000
57575  49.383  -21.027  39.145 0.0000000000
118490  49.203  -21.744  39.017 0.0000000000
57576  48.873  -21.184  39.433 0.0000000000
58574  48.898  -19.252  40.959 0.0000000000
58575  48.281  -19.144  41.357 0.0000000000
119071  48.225  -19.858  39.896 0.0000000000
57578  46.501  -20.522  39.155 0.0000000000
58604  44.576  -19.940  39.418 0.0000000000
57579  45.355  -20.644  38.990 0.0000000000
57580  43.718  -20.447  39.119 0.0000000000
61058  46.483  -16.670  46.116 0.0000000000
60284  47.008  -17.426  45.870 0.0000000000
58524  46.181  -18.825  45.555 0.0000000000
58536  46.536  -19.118  44.812 0.0000000000
112586  44.168  -19.078  44.994 0.0000000000
116308  44.086  -19.237  41.821 0.0000000000
57581  42.409  -20.473  39.701 0.0000000000
57582  41.503  -20.655  39.829 0.0000000000
56628  40.281  -21.242  40.098 0.0000000000
56648  39.770  -21.724  39.699 0.0000000000
55707  40.066  -22.185  39.090 0.0000000000
56630  39.089  -21.921  40.817 0.0000000000
55694  38.503  -22.311  40.391 0.0000000000
55709  38.550  -22.454  39.541 0.0000000000
55625  42.891  -22.375  48.636 0.0000000000
55626  42.551  -22.723  48.425 0.0000000000
51571  42.313  -27.931  50.663 0.0000000000
51579  42.588  -27.206  50.417 0.0000000000
52365  41.727  -26.726  49.997 0.0000000000
50803  39.323  -28.488  48.337 0.0000000000
52379  39.710  -26.319  48.249 0.0000000000
52372  40.299  -26.642  49.030 0.0000000000
52371  41.162  -26.112  49.372 0.0000000000
53185  41.520  -25.355  48.952 0.0000000000
53184  42.327  -25.059  49.220 0.0000000000
53981  41.232  -24.189  48.048 0.0000000000
54772  40.729  -23.760  47.493 0.0000000000
54779  40.295  -23.349  47.032 0.0000000000
55645  40.353  -22.702  46.654 0.0000000000
53999  38.363  -24.690  45.336 0.0000000000
54787  38.579  -23.912  45.209 0.0000000000
54006  38.188  -24.409  44.621 0.0000000000
54795  38.404  -23.616  44.433 0.0000000000
54796  37.927  -24.112  43.884 0.0000000000
52404  36.955  -26.953  43.719 0.0000000000
52435  35.840  -26.120  41.818 0.0000000000
53222  36.329  -25.673  42.379 0.0000000000
54023  36.588  -24.827  42.092 0.0000000000
54033  36.330  -24.518  41.245 0.0000000000
52478  34.760  -26.638  38.434 0.0000000000
50061  33.540  -29.325  38.295 0.0000000000
122220  33.306  -30.032  37.706 0.0000000000
49208  33.206  -30.637  36.181 0.0000000000
49220  33.331  -30.532  35.228 0.0000000000
46200  35.195  -33.102  42.622 0.0000000000
47159  35.138  -32.660  41.682 0.0000000000
46210  34.466  -33.056  41.232 0.0000000000
46221  33.600  -33.196  39.937 0.0000000000
46234  33.297  -32.948  39.152 0.0000000000
46258  31.458  -33.387  37.371 0.0000000000
41925  32.999  -37.281  50.883 0.0000000000
41924  33.501  -36.912  50.675 0.0000000000
116315  32.527  -37.394  50.322 0.0000000000
41943  31.550  -37.428  48.471 0.0000000000
41942  32.189  -37.016  48.814 0.0000000000
41953  31.436  -37.462  47.494 0.0000000000
40070  29.240  -38.122  48.357 0.0000000000
40069  29.504  -38.114  47.925 0.0000000000
130459  29.128  -37.779  45.431 0.0000000000
41083  29.981  -38.138  46.235 0.0000000000
41971  29.837  -37.930  45.552 0.0000000000
41970  30.416  -37.788  45.688 0.0000000000
41982  30.287  -37.659  45.001 0.0000000000
42004  28.111  -37.266  43.032 0.0000000000
42003  28.746  -37.463  43.095 0.0000000000
42869  28.552  -37.220  42.291 0.0000000000
41957  23.839  -38.469  47.044 0.0000000000
41967  23.782  -38.382  46.217 0.0000000000
41988  23.456  -38.113  44.699 0.0000000000
41987  24.256  -38.014  44.987 0.0000000000
129993  25.213  -37.801  45.318 0.0000000000
41986  24.876  -37.751  44.782 0.0000000000
42016  21.727  -38.739  41.376 0.0000000000
42006  22.316  -38.216  42.503 0.0000000000
42888  24.253  -37.009  41.810 0.0000000000
42874  23.601  -37.317  42.398 0.0000000000
42873  24.580  -37.181  42.789 0.0000000000
42861  26.278  -37.114  43.287 0.0000000000
42872  25.603  -37.064  42.649 0.0000000000
43657  25.513  -36.522  40.242 0.0000000000
43636  26.112  -36.621  40.929 0.0000000000
61207  49.256  -16.169  31.423 0.0000000000
62015  45.406  -15.299  33.612 0.0000000000
62818  46.020  -14.563  33.271 0.0000000000
62025  45.460  -15.184  32.799 0.0000000000
114001  44.117  -16.152  30.981 0.0000000000
62042  44.743  -15.835  30.790 0.0000000000
55735  47.469  -22.656  37.288 0.0000000000
37261  22.014  -42.756  61.745 0.0000000000
37249  21.887  -42.801  61.789 0.0000000000
37250  20.825  -43.041  61.837 0.0000000000
42765  36.237  -36.221  53.718 0.0000000000
43544  36.929  -35.786  54.031 0.0000000000
43556  36.624  -35.450  52.375 0.0000000000
43563  36.566  -35.297  51.508 0.0000000000
43564  35.883  -35.613  51.155 0.0000000000
43576  35.106  -35.854  50.014 0.0000000000
43587  34.885  -35.710  49.218 0.0000000000
42815  34.380  -36.205  49.656 0.0000000000
42817  33.283  -36.703  49.406 0.0000000000
57613  46.980  -20.203  36.529 0.0000000000
134010  46.694  -21.532  36.668 0.0000000000
36494  19.411  -44.503  51.522 0.0000000000
36482  18.673  -44.284  51.966 0.0000000000
38154  15.727  -42.004  56.963 0.0000000000
37337  12.879  -42.937  55.224 0.0000000000
41804  31.301  -38.049  59.590 0.0000000000
41803  32.022  -37.572  59.649 0.0000000000
41819  31.605  -38.170  59.371 0.0000000000
124977  31.495  -38.634  58.211 0.0000000000
39916  30.557  -38.667  57.107 0.0000000000
39932  29.797  -38.708  57.089 0.0000000000
36461  22.042  -44.087  54.575 0.0000000000
116809  22.259  -43.628  54.207 0.0000000000
125637  21.299  -44.280  52.053 0.0000000000
35532  20.912  -44.580  52.305 0.0000000000
35547  20.451  -44.679  51.669 0.0000000000
124739  44.829  -23.101  39.296 0.0000000000
36376  10.295  -44.280  61.937 0.0000000000
61075  48.073  -16.664  43.749 0.0000000000
60293  47.849  -18.113  44.757 0.0000000000
48204  37.599  -31.032  44.809 0.0000000000
49128  37.488  -30.232  44.776 0.0000000000
50006  36.808  -29.558  43.844 0.0000000000
130162  36.606  -30.127  43.494 0.0000000000
123911  36.214  -30.155  42.989 0.0000000000
49170  35.358  -30.385  41.783 0.0000000000
49181  35.147  -30.618  41.147 0.0000000000
41944  26.296  -37.942  48.633 0.0000000000
62815  48.964  -14.226  33.474 0.0000000000
62816  47.878  -14.223  33.034 0.0000000000
62828  46.895  -14.419  32.537 0.0000000000
35491  20.876  -44.505  57.280 0.0000000000
35492  20.229  -44.583  57.602 0.0000000000
119649  19.284  -44.306  60.071 0.0000000000
35471  18.959  -44.256  59.425 0.0000000000
35472  18.385  -43.938  59.097 0.0000000000
36418  17.878  -43.717  58.792 0.0000000000
36430  17.563  -43.543  58.450 0.0000000000
36419  17.368  -43.654  59.270 0.0000000000
37294  16.945  -43.414  59.675 0.0000000000
115522  26.724  -39.080  59.822 0.0000000000
39878  26.741  -39.471  59.550 0.0000000000
37292  23.107  -43.077  59.280 0.0000000000
37305  23.132  -43.223  58.582 0.0000000000
36415  22.805  -43.508  57.992 0.0000000000
124356  21.975  -44.330  57.241 0.0000000000
44313  39.022  -34.353  54.437 0.0000000000
45163  39.738  -33.584  54.664 0.0000000000
126631  40.345  -32.934  54.822 0.0000000000
48073  41.299  -31.336  53.967 0.0000000000
48089  41.286  -31.199  52.984 0.0000000000
47023  40.447  -32.260  51.889 0.0000000000
47034  40.299  -32.140  51.302 0.0000000000
115336  37.462  -34.194  49.139 0.0000000000
45254  37.837  -33.501  48.705 0.0000000000
46132  37.648  -33.324  47.704 0.0000000000
46141  37.740  -32.973  46.893 0.0000000000
46155  36.705  -33.491  45.805 0.0000000000
112947  36.536  -33.309  45.292 0.0000000000
45285  36.090  -33.801  45.393 0.0000000000
112846  34.691  -34.529  44.834 0.0000000000
43607  33.042  -36.346  46.611 0.0000000000
43609  33.587  -35.847  46.041 0.0000000000
43610  32.832  -36.281  45.809 0.0000000000
43619  32.093  -36.485  44.760 0.0000000000
43623  32.054  -36.320  44.016 0.0000000000
43624  31.531  -36.791  43.637 0.0000000000
42858  30.606  -37.516  43.732 0.0000000000
40072  21.948  -40.598  47.193 0.0000000000
39120  21.012  -41.959  45.135 0.0000000000
61990  45.813  -15.120  35.799 0.0000000000
61998  45.502  -15.564  35.113 0.0000000000
61173  45.712  -16.087  35.588 0.0000000000
60398  44.874  -17.839  34.963 0.0000000000
56702  44.299  -20.512  35.853 0.0000000000
58646  44.125  -19.617  35.392 0.0000000000
36545  16.441  -44.702  48.227 0.0000000000
123770  18.616  -43.975  53.887 0.0000000000
38189  17.412  -42.989  53.170 0.0000000000
37373  13.767  -43.520  52.553 0.0000000000
36497  13.871  -44.272  51.923 0.0000000000
35550  14.017  -44.902  51.531 0.0000000000
41845  33.799  -38.043  57.506 0.0000000000
41830  34.341  -37.575  58.005 0.0000000000
41844  34.536  -37.700  57.191 0.0000000000
41858  34.603  -37.806  56.440 0.0000000000
41857  35.183  -37.540  56.265 0.0000000000
41869  35.120  -37.516  55.576 0.0000000000
133862  33.424  -37.886  54.037 0.0000000000
41903  33.294  -37.713  53.285 0.0000000000
40972  32.825  -38.124  53.836 0.0000000000
40974  31.684  -38.538  53.971 0.0000000000
39962  30.010  -38.767  55.069 0.0000000000
39978  30.087  -38.708  54.513 0.0000000000
40975  29.662  -38.616  53.965 0.0000000000
40991  28.597  -38.554  52.300 0.0000000000
40992  27.823  -38.513  52.235 0.0000000000
39936  26.042  -40.465  57.738 0.0000000000
39949  26.766  -39.628  57.482 0.0000000000
39049  23.365  -41.289  53.618 0.0000000000
40003  23.448  -40.603  52.990 0.0000000000
40002  23.964  -39.863  52.631 0.0000000000
40017  23.349  -40.370  51.325 0.0000000000
118586  22.291  -41.589  50.042 0.0000000000
121662  21.925  -42.385  49.612 0.0000000000
36540  21.058  -44.262  49.120 0.0000000000
35605  19.897  -44.588  47.328 0.0000000000
35630  19.656  -44.676  46.611 0.0000000000
35631  19.081  -44.966  46.180 0.0000000000
131684  18.470  -45.290  45.857 0.0000000000
55702  48.943  -22.595  38.613 0.0000000000
111551  47.549  -24.866  39.318 0.0000000000
53240  45.302  -25.264  40.832 0.0000000000
38080  16.945  -41.827  62.922 0.0000000000
38958  15.784  -41.142  61.864 0.0000000000
126667  12.100  -41.646  63.149 0.0000000000
126230  12.614  -41.134  62.608 0.0000000000
129496  12.895  -40.970  62.043 0.0000000000
38960  13.241  -40.915  61.502 0.0000000000
38961  12.748  -41.481  60.971 0.0000000000
122824  12.494  -42.381  58.691 0.0000000000
65408  49.389  -11.606  37.244 0.0000000000
64501  48.495  -11.834  37.664 0.0000000000
61137  47.770  -16.197  38.398 0.0000000000
61136  48.635  -16.518  38.987 0.0000000000
61110  49.230  -16.679  40.496 0.0000000000
60341  49.461  -17.532  39.469 0.0000000000
60329  49.531  -17.543  40.140 0.0000000000
59434  49.824  -18.974  39.387 0.0000000000
58599  49.882  -19.903  38.959 0.0000000000
58562  47.953  -19.204  42.396 0.0000000000
127527  45.965  -19.336  40.071 0.0000000000
120647  45.067  -19.254  39.996 0.0000000000
118428  46.238  -17.705  47.014 0.0000000000
60285  46.727  -18.106  46.049 0.0000000000
113343  43.220  -19.313  44.558 0.0000000000
58554  42.976  -19.403  43.617 0.0000000000
112571  43.079  -19.459  41.878 0.0000000000
57565  41.450  -20.506  40.677 0.0000000000
56618  40.265  -21.112  40.925 0.0000000000
56610  38.911  -22.197  42.452 0.0000000000
56620  39.062  -21.999  41.647 0.0000000000
54848  37.336  -23.283  39.463 0.0000000000
54832  37.220  -23.185  40.455 0.0000000000
54833  36.652  -23.697  39.887 0.0000000000
54756  43.322  -23.526  49.647 0.0000000000
53973  43.014  -24.048  49.377 0.0000000000
49926  41.707  -29.249  50.951 0.0000000000
50780  41.056  -28.219  50.287 0.0000000000
51602  38.872  -27.729  47.563 0.0000000000
51601  39.207  -27.887  48.013 0.0000000000
53189  40.127  -25.310  48.068 0.0000000000
53190  39.529  -25.687  47.645 0.0000000000
53983  39.649  -24.937  47.402 0.0000000000
128651  39.296  -23.953  46.400 0.0000000000
54000  38.043  -25.176  44.796 0.0000000000
51652  35.981  -27.603  42.616 0.0000000000
52422  35.737  -26.993  41.841 0.0000000000
53233  35.644  -25.816  41.050 0.0000000000
52449  35.274  -26.395  40.591 0.0000000000
52465  34.670  -26.704  39.230 0.0000000000
51701  34.420  -27.229  38.031 0.0000000000
50909  33.799  -28.381  37.207 0.0000000000
113462  33.479  -30.995  38.021 0.0000000000
48301  32.991  -31.251  35.768 0.0000000000
46211  33.951  -33.610  41.703 0.0000000000
46222  33.035  -33.745  40.389 0.0000000000
46235  32.876  -33.519  39.576 0.0000000000
45362  30.149  -34.395  37.609 0.0000000000
45361  30.956  -33.953  37.857 0.0000000000
41029  31.830  -37.644  50.186 0.0000000000
41045  31.084  -38.004  49.092 0.0000000000
121688  29.042  -38.116  46.738 0.0000000000
41085  28.765  -37.953  46.251 0.0000000000
115295  29.047  -37.567  44.514 0.0000000000
42860  27.246  -37.091  43.129 0.0000000000
41088  22.458  -39.252  45.508 0.0000000000
41087  23.067  -38.776  45.869 0.0000000000
41098  22.904  -38.658  45.114 0.0000000000
42021  22.159  -38.452  40.692 0.0000000000
42875  22.808  -37.618  41.976 0.0000000000
43638  24.083  -36.794  41.071 0.0000000000
60415  44.269  -16.632  33.334 0.0000000000
61195  44.498  -16.129  32.756 0.0000000000
132547  46.285  -24.191  37.473 0.0000000000
54870  46.642  -23.752  37.458 0.0000000000
36403  21.377  -44.027  59.483 0.0000000000
115947  21.119  -44.290  59.143 0.0000000000
35460  20.869  -44.164  59.779 0.0000000000
35461  20.283  -44.124  60.348 0.0000000000
36381  20.918  -43.759  60.859 0.0000000000
35455  19.719  -44.149  60.882 0.0000000000
36384  19.231  -44.041  61.315 0.0000000000
128790  18.779  -43.871  61.475 0.0000000000
38967  23.604  -41.891  60.596 0.0000000000
38111  23.510  -42.376  60.094 0.0000000000
37279  22.938  -42.867  60.111 0.0000000000
37293  22.384  -43.446  59.686 0.0000000000
43527  37.265  -35.874  56.599 0.0000000000
43526  37.898  -35.534  56.133 0.0000000000
44300  38.453  -35.112  55.665 0.0000000000
44314  38.433  -35.064  54.804 0.0000000000
43543  37.718  -35.440  54.385 0.0000000000
45181  39.199  -33.793  52.800 0.0000000000
45197  39.154  -33.865  52.017 0.0000000000
135032  38.621  -34.063  50.875 0.0000000000
45236  37.607  -34.361  50.054 0.0000000000
44358  37.257  -34.722  50.941 0.0000000000
116881  36.945  -34.784  50.171 0.0000000000
129096  36.923  -34.477  48.811 0.0000000000
45270  36.528  -34.438  48.172 0.0000000000
44388  36.041  -34.564  47.451 0.0000000000
43605  34.749  -35.417  47.021 0.0000000000
43597  33.991  -36.002  47.673 0.0000000000
42842  32.104  -36.973  46.600 0.0000000000
37457  20.751  -43.808  45.736 0.0000000000
36624  20.286  -44.461  44.684 0.0000000000
35699  20.261  -45.327  43.461 0.0000000000
34886  19.666  -46.541  43.233 0.0000000000
35722  20.236  -46.038  42.900 0.0000000000
60384  46.429  -17.669  36.343 0.0000000000
59483  46.041  -18.135  35.967 0.0000000000
58645  45.692  -19.355  35.941 0.0000000000
127488  44.430  -21.244  36.163 0.0000000000
36543  18.418  -44.392  48.087 0.0000000000
111590  19.009  -44.519  48.811 0.0000000000
36544  18.333  -44.220  48.672 0.0000000000
36509  18.986  -44.488  50.232 0.0000000000
36526  17.785  -43.956  48.976 0.0000000000
36527  16.769  -44.106  48.819 0.0000000000
37418  16.039  -43.845  49.491 0.0000000000
37336  17.125  -42.866  55.819 0.0000000000
38192  14.511  -42.376  53.655 0.0000000000
117964  15.012  -41.993  54.953 0.0000000000
38207  13.962  -42.719  53.048 0.0000000000
35520  12.453  -45.398  54.002 0.0000000000
41818  32.375  -38.110  59.249 0.0000000000
41832  32.762  -38.147  58.712 0.0000000000
41831  33.552  -37.851  58.415 0.0000000000
40902  33.106  -38.414  56.829 0.0000000000
40918  32.742  -38.598  55.965 0.0000000000
40937  32.385  -38.572  55.321 0.0000000000
39961  30.505  -38.764  55.293 0.0000000000
39946  30.314  -38.595  56.012 0.0000000000
40958  28.638  -38.632  54.926 0.0000000000
38164  23.957  -41.850  56.254 0.0000000000
39034  23.738  -41.843  55.506 0.0000000000
37343  22.556  -43.069  54.261 0.0000000000
133325  23.052  -41.990  53.848 0.0000000000
37399  22.019  -42.877  51.164 0.0000000000
37384  21.666  -43.547  50.948 0.0000000000
35559  20.936  -44.381  50.498 0.0000000000
122864  47.159  -23.213  39.486 0.0000000000
119317  46.187  -24.200  39.921 0.0000000000
54828  45.681  -24.592  40.400 0.0000000000
38082  11.557  -42.237  63.304 0.0000000000
37265  11.514  -42.808  61.845 0.0000000000
37283  11.457  -43.701  60.595 0.0000000000
36388  10.597  -44.667  61.246 0.0000000000
59412  48.970  -18.531  41.935 0.0000000000
60300  48.521  -18.287  43.470 0.0000000000
59404  48.384  -18.882  43.184 0.0000000000
58499  44.759  -18.863  47.138 0.0000000000
58512  44.982  -18.844  46.473 0.0000000000
58539  41.964  -19.929  44.333 0.0000000000
57541  40.721  -20.708  43.315 0.0000000000
56601  40.017  -21.343  43.288 0.0000000000
56602  39.303  -21.903  43.239 0.0000000000
55669  38.651  -22.606  43.237 0.0000000000
122037  43.674  -25.190  51.063 0.0000000000
49080  39.053  -30.391  48.149 0.0000000000
49955  39.387  -29.892  48.732 0.0000000000
49965  38.977  -29.461  47.959 0.0000000000
124346  38.576  -29.066  47.129 0.0000000000
50815  38.515  -28.039  46.895 0.0000000000
119238  38.044  -27.159  45.555 0.0000000000
52397  37.890  -26.329  45.062 0.0000000000
119664  37.608  -27.209  44.844 0.0000000000
129772  37.290  -27.302  44.257 0.0000000000
51645  36.511  -27.698  43.378 0.0000000000
124348  36.617  -28.921  43.603 0.0000000000
50861  36.214  -28.572  43.111 0.0000000000
50875  35.045  -28.268  41.231 0.0000000000
50883  34.599  -28.797  40.560 0.0000000000
50892  34.175  -28.736  39.643 0.0000000000
50055  34.375  -29.682  40.000 0.0000000000
128970  34.235  -30.564  39.481 0.0000000000
49182  34.899  -30.740  40.633 0.0000000000
48282  33.929  -31.210  38.813 0.0000000000
48283  33.650  -31.782  38.302 0.0000000000
47210  33.213  -32.201  37.862 0.0000000000
44448  31.938  -35.106  41.282 0.0000000000
45333  31.749  -34.897  40.387 0.0000000000
45342  30.791  -35.068  39.137 0.0000000000
44476  29.916  -35.462  38.855 0.0000000000
40043  29.679  -38.438  49.533 0.0000000000
40042  30.070  -38.382  49.216 0.0000000000
40055  29.372  -38.284  49.006 0.0000000000
41063  28.622  -37.972  48.056 0.0000000000
41047  28.130  -37.981  48.673 0.0000000000
41075  28.313  -37.915  47.074 0.0000000000
123803  20.817  -39.895  42.031 0.0000000000
41114  21.254  -39.327  42.494 0.0000000000
41126  21.275  -39.242  41.660 0.0000000000
42022  21.527  -39.179  40.919 0.0000000000
41146  21.992  -40.071  39.852 0.0000000000
41135  21.995  -39.276  40.196 0.0000000000
62039  48.820  -15.391  31.622 0.0000000000
62050  47.502  -15.679  30.550 0.0000000000
129869  45.862  -15.946  30.097 0.0000000000
59508  40.744  -18.773  32.957 0.0000000000
36464  18.631  -44.069  54.792 0.0000000000
37335  17.809  -43.328  55.876 0.0000000000
115168  20.666  -44.425  58.849 0.0000000000
35480  20.124  -44.594  58.314 0.0000000000
35493  19.479  -44.644  57.878 0.0000000000
36438  18.371  -43.947  57.041 0.0000000000
36453  18.014  -43.553  56.657 0.0000000000
37325  16.917  -42.767  56.534 0.0000000000
37315  17.252  -43.233  57.959 0.0000000000
38153  16.700  -42.576  57.262 0.0000000000
41785  28.780  -38.187  60.050 0.0000000000
40862  28.795  -38.803  59.167 0.0000000000
39905  28.613  -39.059  58.501 0.0000000000
39919  27.469  -39.342  57.875 0.0000000000
39920  26.660  -39.902  58.046 0.0000000000
39010  24.468  -41.733  57.470 0.0000000000
39892  24.949  -40.613  60.069 0.0000000000
38965  24.979  -40.977  59.461 0.0000000000
129185  24.557  -41.679  58.730 0.0000000000
119956  24.105  -42.071  59.068 0.0000000000
38129  24.582  -41.695  58.165 0.0000000000
38151  24.009  -42.121  56.860 0.0000000000
37333  22.499  -43.651  56.077 0.0000000000
54845  42.434  -23.635  39.173 0.0000000000
121838  46.184  -16.753  46.989 0.0000000000
59366  45.732  -18.179  47.161 0.0000000000
59348  45.203  -17.970  47.737 0.0000000000
59367  45.007  -18.547  47.363 0.0000000000
58500  44.110  -19.263  47.614 0.0000000000
120658  43.677  -19.933  48.053 0.0000000000
57502  43.411  -20.432  47.769 0.0000000000
56558  42.544  -21.637  47.794 0.0000000000
49915  41.725  -29.985  51.425 0.0000000000
46070  39.565  -33.318  51.758 0.0000000000
46086  39.388  -33.205  51.048 0.0000000000
47035  39.693  -32.556  50.817 0.0000000000
46117  38.947  -32.799  49.364 0.0000000000
47047  39.463  -32.282  49.871 0.0000000000
48138  39.439  -31.647  49.231 0.0000000000
49054  39.320  -30.891  48.747 0.0000000000
48162  38.778  -31.248  47.849 0.0000000000
48187  38.385  -31.189  46.433 0.0000000000
47077  37.653  -32.664  46.238 0.0000000000
48175  38.082  -31.978  46.279 0.0000000000
47105  37.509  -31.898  44.929 0.0000000000
47138  35.826  -32.100  42.760 0.0000000000
47120  35.672  -32.749  43.102 0.0000000000
46202  34.181  -33.838  42.430 0.0000000000
45311  33.404  -34.257  42.284 0.0000000000
44397  35.305  -34.800  46.169 0.0000000000
44404  34.834  -34.804  45.602 0.0000000000
44412  33.790  -35.158  44.605 0.0000000000
45312  32.689  -34.951  42.486 0.0000000000
44433  32.189  -35.265  42.000 0.0000000000
44434  31.560  -35.900  41.808 0.0000000000
43651  30.949  -36.333  41.243 0.0000000000
43627  31.432  -36.546  42.696 0.0000000000
43634  29.619  -36.779  41.090 0.0000000000
41049  24.001  -38.567  48.815 0.0000000000
41067  23.091  -39.096  47.513 0.0000000000
135588  22.738  -39.433  46.907 0.0000000000
40086  21.859  -40.368  46.421 0.0000000000
131643  22.612  -39.333  46.284 0.0000000000
41089  21.902  -39.809  45.133 0.0000000000
40118  21.145  -40.210  43.826 0.0000000000
38272  20.931  -42.884  45.175 0.0000000000
39137  20.714  -42.166  44.485 0.0000000000
37485  20.240  -43.777  43.053 0.0000000000
39148  20.470  -42.292  43.714 0.0000000000
123544  20.636  -41.545  43.934 0.0000000000
40119  20.697  -40.808  43.419 0.0000000000
40128  20.556  -40.706  42.478 0.0000000000
63630  47.062  -13.744  34.216 0.0000000000
126232  45.762  -14.748  34.170 0.0000000000
61187  45.114  -16.063  33.869 0.0000000000
61188  44.774  -16.269  33.435 0.0000000000
116439  45.475  -17.946  35.480 0.0000000000
59497  42.965  -18.685  34.235 0.0000000000
35633  17.210  -45.791  46.634 0.0000000000
36483  17.914  -43.929  51.847 0.0000000000
37386  17.607  -43.499  50.906 0.0000000000
38190  16.569  -42.456  53.243 0.0000000000
119987  15.165  -43.039  51.546 0.0000000000
36510  15.218  -44.098  50.060 0.0000000000
35573  15.285  -45.379  49.364 0.0000000000
42709  35.399  -36.841  58.128 0.0000000000
43519  36.558  -36.128  57.578 0.0000000000
43518  37.277  -35.594  57.349 0.0000000000
42734  36.719  -36.506  56.206 0.0000000000
42755  36.030  -36.900  54.994 0.0000000000
41868  35.622  -37.265  55.331 0.0000000000
41878  35.506  -37.085  54.724 0.0000000000
115074  35.782  -36.708  54.274 0.0000000000
42766  35.567  -36.510  53.536 0.0000000000
42792  34.295  -36.646  51.917 0.0000000000
41914  32.890  -37.573  51.768 0.0000000000
40987  32.823  -37.823  52.568 0.0000000000
41002  31.791  -38.111  51.470 0.0000000000
41003  31.307  -38.339  51.400 0.0000000000
126488  32.124  -38.551  54.831 0.0000000000
39988  31.269  -38.506  53.542 0.0000000000
39989  30.965  -38.583  53.946 0.0000000000
129787  30.699  -38.476  51.890 0.0000000000
113332  30.365  -38.547  50.966 0.0000000000
40030  29.781  -38.557  50.330 0.0000000000
40045  28.674  -38.407  50.019 0.0000000000
41019  27.840  -38.190  50.422 0.0000000000
131566  27.208  -37.879  49.909 0.0000000000
39934  28.286  -38.665  57.180 0.0000000000
40921  28.295  -38.582  56.757 0.0000000000
40959  27.643  -38.647  55.188 0.0000000000
41881  26.892  -38.631  54.513 0.0000000000
39964  25.273  -40.048  55.918 0.0000000000
39980  24.294  -40.445  54.553 0.0000000000
39979  24.824  -39.812  55.023 0.0000000000
130458  25.485  -39.426  55.277 0.0000000000
40960  26.056  -38.849  55.007 0.0000000000
40993  26.347  -38.607  52.421 0.0000000000
112879  25.697  -38.764  52.032 0.0000000000
115257  24.720  -39.106  52.023 0.0000000000
41007  25.449  -38.590  51.444 0.0000000000
41928  25.260  -38.395  50.711 0.0000000000
131457  23.510  -39.133  49.205 0.0000000000
40057  22.235  -40.671  48.670 0.0000000000
39081  22.522  -40.780  49.557 0.0000000000
39098  21.887  -41.127  47.950 0.0000000000
38231  21.786  -43.120  49.089 0.0000000000
37427  21.439  -43.772  48.632 0.0000000000
37447  21.306  -43.620  47.041 0.0000000000
37448  21.011  -43.825  46.461 0.0000000000
35674  18.946  -45.985  44.470 0.0000000000
56672  49.038  -21.819  37.645 0.0000000000
120116  48.360  -23.089  37.745 0.0000000000
54856  48.285  -23.761  38.443 0.0000000000
54868  48.076  -23.792  38.034 0.0000000000
54078  47.214  -24.413  37.890 0.0000000000
127492  46.368  -25.315  40.178 0.0000000000
53251  47.022  -25.313  39.588 0.0000000000
129102  46.959  -25.603  39.285 0.0000000000
52460  46.637  -25.879  38.866 0.0000000000
54042  43.819  -24.747  41.338 0.0000000000
54032  43.532  -25.079  41.747 0.0000000000
38924  21.910  -41.971  62.330 0.0000000000
119109  19.898  -43.067  62.204 0.0000000000
36360  19.479  -43.161  62.293 0.0000000000
36373  18.910  -43.773  61.760 0.0000000000
36374  18.492  -43.369  61.870 0.0000000000
37241  18.250  -42.719  63.576 0.0000000000
37254  17.925  -43.051  63.024 0.0000000000
37263  17.930  -42.923  62.186 0.0000000000
37281  16.978  -43.426  60.536 0.0000000000
38123  16.589  -42.620  60.070 0.0000000000
38100  16.468  -41.904  61.436 0.0000000000
38124  16.132  -41.785  59.380 0.0000000000
38997  15.200  -41.358  58.880 0.0000000000
39014  14.276  -41.619  57.788 0.0000000000
39884  14.782  -40.678  61.815 0.0000000000
39886  13.783  -40.712  61.038 0.0000000000
39895  13.949  -40.772  60.321 0.0000000000
38973  14.650  -40.907  60.335 0.0000000000
38985  14.309  -41.006  59.447 0.0000000000
38144  13.286  -42.101  57.504 0.0000000000
38157  12.659  -42.803  56.840 0.0000000000
37326  12.284  -43.360  56.560 0.0000000000
36406  11.312  -44.510  59.376 0.0000000000
36421  11.433  -44.580  58.507 0.0000000000
63628  49.341  -13.475  34.576 0.0000000000
63604  46.714  -13.558  36.022 0.0000000000
64512  48.080  -12.637  36.425 0.0000000000
61989  46.206  -15.168  36.686 0.0000000000
65400  49.320  -11.052  38.074 0.0000000000
64495  47.895  -12.345  38.011 0.0000000000
60369  46.806  -17.191  36.963 0.0000000000
57602  48.619  -20.311  37.426 0.0000000000
132793  49.410  -14.301  40.171 0.0000000000
60356  49.124  -17.600  38.851 0.0000000000
134454  49.571  -21.335  37.832 0.0000000000
56670  49.768  -21.713  38.252 0.0000000000
56657  49.463  -22.095  38.460 0.0000000000
56639  49.327  -22.150  38.683 0.0000000000
58589  49.058  -19.956  40.309 0.0000000000
56659  42.806  -21.674  38.669 0.0000000000
58550  46.733  -19.280  43.801 0.0000000000
118119  45.928  -19.069  42.764 0.0000000000
58525  45.474  -18.797  45.869 0.0000000000
58538  44.836  -19.051  44.383 0.0000000000
58537  45.768  -19.081  44.710 0.0000000000
58551  45.544  -19.079  43.763 0.0000000000
57563  43.615  -19.837  39.831 0.0000000000
124180  43.093  -20.309  39.601 0.0000000000
56644  42.966  -20.861  39.054 0.0000000000
56660  41.876  -21.998  38.646 0.0000000000
128854  40.826  -21.018  39.738 0.0000000000
56661  40.897  -22.074  38.806 0.0000000000
56608  40.279  -21.090  41.833 0.0000000000
55708  39.257  -22.254  39.266 0.0000000000
56552  42.956  -21.767  48.410 0.0000000000
55633  42.670  -21.991  48.248 0.0000000000
52357  43.056  -26.680  50.415 0.0000000000
53172  43.034  -25.998  50.177 0.0000000000
50792  40.440  -28.396  49.727 0.0000000000
51581  40.909  -27.514  50.026 0.0000000000
52373  39.597  -27.495  48.630 0.0000000000
51593  40.220  -27.549  49.405 0.0000000000
53178  42.785  -25.572  49.699 0.0000000000
53974  42.448  -24.155  48.967 0.0000000000
53976  41.043  -25.003  48.249 0.0000000000
54764  41.923  -23.806  48.361 0.0000000000
54770  42.074  -23.050  48.154 0.0000000000
55635  41.710  -22.656  47.654 0.0000000000
55646  39.614  -22.634  45.758 0.0000000000
54786  39.030  -23.466  45.873 0.0000000000
54802  38.230  -23.365  43.610 0.0000000000
53208  37.668  -25.775  44.381 0.0000000000
52412  36.704  -26.129  43.192 0.0000000000
53212  37.334  -25.489  43.601 0.0000000000
54012  37.478  -24.649  43.349 0.0000000000
54022  37.139  -24.332  42.594 0.0000000000
54812  37.442  -23.590  42.300 0.0000000000
54045  36.136  -24.278  40.322 0.0000000000
53244  35.433  -25.580  40.201 0.0000000000
50893  33.801  -28.615  38.818 0.0000000000
111967  33.255  -29.746  36.658 0.0000000000
111814  35.549  -32.022  41.918 0.0000000000
47177  34.482  -32.342  40.218 0.0000000000
46220  34.222  -32.842  40.411 0.0000000000
47201  33.550  -32.362  38.702 0.0000000000
47211  32.585  -32.531  37.431 0.0000000000
45350  32.151  -33.810  39.198 0.0000000000
46246  31.624  -33.573  38.024 0.0000000000
46245  32.165  -33.447  38.467 0.0000000000
41941  32.822  -36.821  49.134 0.0000000000
41934  32.376  -37.256  49.620 0.0000000000
41951  32.659  -36.757  48.394 0.0000000000
41960  31.847  -37.197  46.959 0.0000000000
42843  31.578  -37.287  46.213 0.0000000000
41062  30.266  -38.061  47.840 0.0000000000
41074  29.533  -38.199  46.966 0.0000000000
41073  30.119  -38.147  46.978 0.0000000000
41072  30.773  -37.873  47.192 0.0000000000
41969  30.999  -37.564  45.894 0.0000000000
42847  31.340  -37.270  45.491 0.0000000000
42855  30.757  -37.516  44.487 0.0000000000
42859  29.920  -37.598  43.472 0.0000000000
41992  29.492  -37.655  44.009 0.0000000000
42002  29.294  -37.551  43.278 0.0000000000
42868  29.669  -37.471  42.586 0.0000000000
121974  29.181  -37.272  41.931 0.0000000000
42885  28.708  -36.827  41.363 0.0000000000
42902  28.232  -36.574  40.508 0.0000000000
114321  24.736  -38.219  47.415 0.0000000000
41974  25.384  -37.893  46.059 0.0000000000
42000  21.831  -38.809  42.958 0.0000000000
41999  22.476  -38.316  43.417 0.0000000000
42864  23.833  -37.505  43.338 0.0000000000
41997  24.189  -37.695  44.253 0.0000000000
41996  25.113  -37.478  44.219 0.0000000000
135585  26.483  -37.184  44.441 0.0000000000
41995  26.854  -37.064  43.871 0.0000000000
42887  25.804  -36.811  41.804 0.0000000000
42886  26.602  -36.773  41.541 0.0000000000
113050  27.249  -36.847  41.741 0.0000000000
134179  28.210  -36.534  39.757 0.0000000000
62026  44.946  -15.614  32.320 0.0000000000
123353  45.530  -15.182  31.933 0.0000000000
61217  45.693  -15.440  30.905 0.0000000000
121827  45.115  -16.084  30.123 0.0000000000
113218  44.756  -16.947  29.570 0.0000000000
59516  41.272  -18.101  32.358 0.0000000000
55746  47.466  -21.886  36.930 0.0000000000
55747  46.586  -22.152  36.844 0.0000000000
123553  45.650  -22.306  36.678 0.0000000000
55748  45.302  -22.992  36.787 0.0000000000
34872  19.403  -46.126  43.913 0.0000000000
35462  19.767  -44.248  60.242 0.0000000000
35463  18.790  -44.190  60.255 0.0000000000
36361  18.678  -43.794  62.237 0.0000000000
37271  21.444  -43.333  61.367 0.0000000000
37324  17.468  -43.262  56.653 0.0000000000
38181  14.336  -42.223  54.485 0.0000000000
38290  20.379  -43.081  43.591 0.0000000000
39136  21.221  -41.204  44.995 0.0000000000
40053  29.873  -38.204  48.380 0.0000000000
40127  20.900  -40.037  42.937 0.0000000000
40843  27.349  -38.973  59.749 0.0000000000
40863  27.989  -38.846  59.477 0.0000000000
40879  29.341  -38.895  58.659 0.0000000000
41034  27.626  -37.960  49.234 0.0000000000
41783  31.936  -37.602  59.760 0.0000000000
42710  34.760  -37.129  58.365 0.0000000000
43513  36.965  -35.478  57.865 0.0000000000
43558  35.397  -35.969  51.529 0.0000000000
43618  32.609  -36.218  45.140 0.0000000000
44276  37.594  -35.092  57.743 0.0000000000
49095  38.513  -30.461  46.804 0.0000000000
49155  36.034  -30.837  42.719 0.0000000000
49966  38.603  -29.831  47.209 0.0000000000
51636  37.003  -27.815  43.917 0.0000000000
53171  43.492  -26.033  50.882 0.0000000000
54763  42.402  -23.410  48.563 0.0000000000
59496  43.755  -18.364  34.406 0.0000000000
115073  34.878  -36.407  52.212 0.0000000000
117546  29.745  -38.023  59.887 0.0000000000
117769  28.413  -37.374  43.564 0.0000000000
119025  34.441  -27.369  39.496 0.0000000000
119391  25.948  -37.238  44.072 0.0000000000
123439  18.382  -44.128  57.941 0.0000000000
125756  35.696  -30.182  42.421 0.0000000000
127874  45.578  -24.185  37.284 0.0000000000
128280  33.742  -37.084  59.411 0.0000000000
131097  22.139  -42.415  62.018 0.0000000000
131187  17.388  -41.670  63.527 0.0000000000
132079  34.968  -36.787  58.535 0.0000000000
133112  12.102  -46.188  54.756 0.0000000000
133246  44.498  -15.862  31.256 0.0000000000
134188  37.192  -32.509  45.081 0.0000000000
134843  45.132  -18.770  46.687 0.0000000000
134947  24.725  -37.931  45.174 0.0000000000
135474  37.969  -25.703  44.917 0.0000000000
