#!ascii label  , from subject bert vox2ras=TkReg
893
120507  40.173  15.188  29.681 0.0000000000
81893  39.701  9.530  21.529 0.0000000000
84363  44.252  13.795  20.260 0.0000000000
79154  42.326  6.247  10.756 0.0000000000
80447  37.627  7.618  29.238 0.0000000000
84318  45.531  13.139  27.166 0.0000000000
81232  40.900  8.995  13.842 0.0000000000
85026  38.923  14.584  18.655 0.0000000000
82448  46.350  10.757  27.845 0.0000000000
81141  41.190  8.711  28.205 0.0000000000
79046  38.182  5.426  22.069 0.0000000000
86210  39.661  16.848  21.501 0.0000000000
131756  40.682  14.752  14.199 0.0000000000
83094  45.361  11.450  19.638 0.0000000000
83767  42.794  13.506  11.138 0.0000000000
86825  37.927  17.461  18.809 0.0000000000
83020  43.042  11.868  32.037 0.0000000000
83023  40.738  11.447  31.561 0.0000000000
79751  36.790  6.009  25.333 0.0000000000
84327  41.718  13.971  24.113 0.0000000000
86192  40.366  16.668  24.486 0.0000000000
126703  41.631  15.385  20.296 0.0000000000
86238  41.274  17.241  17.758 0.0000000000
117225  43.206  16.029  16.736 0.0000000000
81170  43.401  8.500  23.630 0.0000000000
81879  45.868  9.713  23.587 0.0000000000
112738  42.154  11.046  20.339 0.0000000000
81950  43.327  9.538  10.096 0.0000000000
83152  41.717  11.831  12.338 0.0000000000
117244  42.186  10.397  9.663 0.0000000000
82568  40.275  11.097  10.817 0.0000000000
80562  40.645  7.672  11.114 0.0000000000
79124  40.603  5.517  13.985 0.0000000000
84961  37.662  14.704  28.520 0.0000000000
83040  39.329  11.420  30.427 0.0000000000
83677  44.409  12.721  24.170 0.0000000000
80491  39.628  7.792  18.568 0.0000000000
81920  39.881  9.640  16.817 0.0000000000
129382  42.039  7.404  15.288 0.0000000000
80542  44.509  8.392  12.052 0.0000000000
84280  48.139  13.189  30.655 0.0000000000
83639  44.834  12.343  31.259 0.0000000000
81855  43.343  9.752  28.061 0.0000000000
111579  40.826  8.338  24.226 0.0000000000
81143  39.451  8.300  28.780 0.0000000000
80465  38.498  7.327  24.967 0.0000000000
80475  38.473  7.484  21.441 0.0000000000
79071  40.414  5.357  19.477 0.0000000000
119830  35.631  17.559  27.534 0.0000000000
88453  40.093  20.033  24.186 0.0000000000
87383  38.455  18.620  21.522 0.0000000000
86239  39.437  17.131  17.971 0.0000000000
85039  40.328  14.563  16.635 0.0000000000
118243  38.110  12.481  14.216 0.0000000000
116554  47.812  11.171  26.971 0.0000000000
133176  47.342  11.917  23.176 0.0000000000
84370  46.304  13.026  18.968 0.0000000000
83128  41.674  11.730  17.179 0.0000000000
121236  43.426  12.911  15.327 0.0000000000
85037  45.418  14.407  15.545 0.0000000000
85662  42.707  15.384  11.939 0.0000000000
83770  38.778  12.203  12.232 0.0000000000
86242  37.062  17.162  18.930 0.0000000000
132309  37.290  18.383  19.817 0.0000000000
84282  41.697  13.776  31.366 0.0000000000
84283  40.883  12.990  31.029 0.0000000000
84338  42.831  13.409  22.283 0.0000000000
84995  41.323  14.140  22.697 0.0000000000
85013  42.513  14.919  19.937 0.0000000000
85621  42.847  16.019  18.123 0.0000000000
85620  43.703  15.307  18.203 0.0000000000
81887  41.894  9.336  22.615 0.0000000000
81886  42.874  9.290  22.511 0.0000000000
82494  40.380  10.520  20.424 0.0000000000
128016  43.153  8.066  9.718 0.0000000000
81957  43.012  9.877  9.770 0.0000000000
80575  42.164  8.642  9.628 0.0000000000
81264  41.153  9.062  10.001 0.0000000000
79870  41.570  6.490  11.046 0.0000000000
79862  41.198  6.043  11.800 0.0000000000
79151  41.897  5.625  11.402 0.0000000000
84293  37.935  13.011  28.980 0.0000000000
84322  43.490  13.441  25.466 0.0000000000
83669  44.982  12.839  26.390 0.0000000000
79801  41.561  6.393  17.424 0.0000000000
80508  40.792  7.718  16.442 0.0000000000
80506  42.184  6.948  15.955 0.0000000000
80541  45.216  8.290  12.674 0.0000000000
80552  46.316  8.396  11.631 0.0000000000
81238  45.568  8.432  11.247 0.0000000000
81846  42.070  9.792  29.377 0.0000000000
82439  43.448  10.564  29.593 0.0000000000
81856  42.441  9.534  28.404 0.0000000000
81154  42.718  8.332  26.382 0.0000000000
80455  41.055  7.723  26.179 0.0000000000
81136  38.434  8.443  30.140 0.0000000000
81840  39.198  9.543  30.864 0.0000000000
81144  38.657  8.168  29.390 0.0000000000
79043  37.277  5.665  23.645 0.0000000000
80461  37.878  6.927  25.351 0.0000000000
80469  38.000  6.970  23.554 0.0000000000
80472  38.336  7.463  22.886 0.0000000000
79761  38.441  6.688  21.523 0.0000000000
79768  39.165  6.638  20.302 0.0000000000
79059  39.456  5.149  20.650 0.0000000000
77661  42.598  3.158  19.419 0.0000000000
86195  39.240  16.682  23.277 0.0000000000
87363  40.486  18.612  24.493 0.0000000000
86785  38.868  17.577  23.147 0.0000000000
87926  38.561  19.449  23.460 0.0000000000
86793  38.699  18.029  22.389 0.0000000000
87397  38.861  18.202  19.608 0.0000000000
86805  39.595  17.970  19.944 0.0000000000
124802  41.430  15.572  15.593 0.0000000000
85031  40.560  15.663  16.945 0.0000000000
84389  40.406  14.371  15.695 0.0000000000
83739  39.275  13.064  15.822 0.0000000000
118951  39.596  13.764  14.360 0.0000000000
83046  47.372  11.759  29.042 0.0000000000
83045  47.977  11.945  28.844 0.0000000000
82447  47.564  10.960  27.607 0.0000000000
116901  45.526  10.267  21.674 0.0000000000
82468  47.499  11.072  23.625 0.0000000000
82473  46.920  11.180  21.688 0.0000000000
83694  46.872  12.220  21.535 0.0000000000
116791  46.095  12.028  19.281 0.0000000000
81924  40.272  9.348  15.602 0.0000000000
82520  40.464  10.926  16.616 0.0000000000
83141  40.617  11.034  14.927 0.0000000000
83768  42.288  12.682  11.485 0.0000000000
83756  41.949  12.415  14.163 0.0000000000
84400  43.829  13.759  13.792 0.0000000000
83735  45.326  13.967  15.962 0.0000000000
84399  44.103  14.419  13.467 0.0000000000
85648  44.285  15.139  13.687 0.0000000000
85066  43.397  14.791  11.378 0.0000000000
81255  39.099  9.170  11.751 0.0000000000
83165  39.060  11.527  11.787 0.0000000000
81945  38.469  9.552  12.292 0.0000000000
81946  37.829  9.984  12.734 0.0000000000
84959  47.373  14.021  28.344 0.0000000000
86230  37.445  16.269  18.782 0.0000000000
85624  38.135  16.404  18.495 0.0000000000
84252  43.484  13.632  32.600 0.0000000000
84926  42.478  14.029  31.831 0.0000000000
83038  41.767  11.057  31.720 0.0000000000
81847  41.234  9.526  29.776 0.0000000000
79744  37.324  6.848  27.737 0.0000000000
84987  40.999  15.299  24.637 0.0000000000
85593  40.090  15.320  23.375 0.0000000000
85608  40.864  15.858  20.664 0.0000000000
86229  40.980  17.284  19.285 0.0000000000
86228  41.684  16.831  18.973 0.0000000000
129456  41.885  16.831  17.287 0.0000000000
86257  42.579  16.085  15.770 0.0000000000
81868  45.007  9.469  26.034 0.0000000000
81872  46.076  9.891  24.925 0.0000000000
81881  44.389  8.724  23.582 0.0000000000
82476  44.492  9.844  21.906 0.0000000000
83096  43.162  11.362  19.875 0.0000000000
81242  41.940  9.128  12.274 0.0000000000
82548  40.931  10.507  13.264 0.0000000000
81952  42.365  10.506  10.386 0.0000000000
82560  42.016  11.167  10.288 0.0000000000
83162  41.882  11.657  10.514 0.0000000000
83781  41.839  12.750  10.657 0.0000000000
82567  41.362  11.086  10.224 0.0000000000
81265  40.397  9.285  10.569 0.0000000000
80555  39.735  7.803  12.135 0.0000000000
116755  41.058  5.014  13.423 0.0000000000
84950  39.106  14.716  29.091 0.0000000000
84291  39.684  13.028  29.834 0.0000000000
84292  38.874  13.031  29.270 0.0000000000
83051  38.133  11.402  29.719 0.0000000000
80431  37.510  8.410  30.459 0.0000000000
85579  42.742  15.257  26.079 0.0000000000
84326  42.486  13.526  24.150 0.0000000000
84337  43.670  13.372  21.829 0.0000000000
81183  39.107  8.947  19.945 0.0000000000
82512  39.692  10.183  19.157 0.0000000000
81203  39.691  8.785  17.434 0.0000000000
81207  40.319  8.641  16.127 0.0000000000
81221  41.503  8.307  14.197 0.0000000000
80527  43.627  7.414  14.243 0.0000000000
80543  42.973  7.887  13.509 0.0000000000
81230  42.415  8.436  12.877 0.0000000000
81240  43.801  8.661  11.398 0.0000000000
81260  44.209  8.469  10.318 0.0000000000
122462  43.779  7.000  10.221 0.0000000000
79150  42.574  5.343  11.214 0.0000000000
83637  46.496  12.693  31.083 0.0000000000
83061  45.625  11.121  28.716 0.0000000000
83019  43.860  12.189  31.568 0.0000000000
82438  44.437  10.881  29.130 0.0000000000
82459  44.371  9.965  27.703 0.0000000000
81153  43.409  8.458  25.981 0.0000000000
81172  41.691  8.506  23.821 0.0000000000
81176  39.977  9.116  22.636 0.0000000000
83039  39.957  11.234  31.199 0.0000000000
81839  40.027  9.640  31.012 0.0000000000
81142  40.353  8.542  28.517 0.0000000000
80453  38.019  7.131  27.216 0.0000000000
134621  39.315  7.608  27.078 0.0000000000
80450  40.199  7.775  26.985 0.0000000000
80463  39.923  7.663  25.201 0.0000000000
118436  39.278  8.534  22.901 0.0000000000
81180  38.999  8.994  21.212 0.0000000000
80477  39.045  7.386  20.118 0.0000000000
79791  40.534  6.516  18.494 0.0000000000
79093  41.908  5.698  17.749 0.0000000000
78358  40.751  4.479  19.823 0.0000000000
78379  41.885  4.570  18.676 0.0000000000
133109  37.912  16.304  28.391 0.0000000000
114276  37.319  16.194  28.196 0.0000000000
86170  34.332  17.017  27.591 0.0000000000
88461  41.452  21.058  23.764 0.0000000000
89004  38.899  21.150  23.366 0.0000000000
87398  38.026  18.370  19.781 0.0000000000
86240  38.541  17.182  18.377 0.0000000000
85622  39.351  16.215  17.829 0.0000000000
86822  40.601  17.513  18.017 0.0000000000
124112  39.884  15.746  17.519 0.0000000000
84379  39.467  14.184  18.026 0.0000000000
83665  46.907  12.549  27.477 0.0000000000
82465  47.630  10.903  24.916 0.0000000000
83071  47.797  11.253  25.206 0.0000000000
83675  46.801  12.244  24.546 0.0000000000
83680  45.875  12.474  23.172 0.0000000000
83685  45.331  12.701  22.408 0.0000000000
130725  45.051  13.568  19.811 0.0000000000
135646  40.163  10.658  18.814 0.0000000000
83120  41.993  11.592  18.805 0.0000000000
83119  43.465  12.059  18.112 0.0000000000
126456  41.191  11.597  14.350 0.0000000000
125107  42.568  12.427  15.999 0.0000000000
83720  44.628  12.357  17.828 0.0000000000
83719  45.544  12.822  17.756 0.0000000000
84383  45.728  13.664  17.357 0.0000000000
85018  45.257  14.212  18.414 0.0000000000
85634  44.663  15.408  15.865 0.0000000000
85649  43.258  15.499  13.506 0.0000000000
85658  41.439  15.265  13.157 0.0000000000
84425  40.326  13.552  11.326 0.0000000000
84417  39.729  13.862  11.976 0.0000000000
84409  39.515  13.898  12.707 0.0000000000
83763  37.968  11.990  13.278 0.0000000000
79125  39.971  6.033  14.524 0.0000000000
121418  36.752  18.748  20.167 0.0000000000
85535  40.953  15.183  30.054 0.0000000000
121961  41.086  13.795  30.734 0.0000000000
84948  40.626  14.481  30.169 0.0000000000
130783  43.586  13.714  21.057 0.0000000000
84353  42.650  13.793  21.520 0.0000000000
84364  43.083  14.224  20.573 0.0000000000
85613  43.028  15.404  18.999 0.0000000000
85012  43.630  14.497  19.655 0.0000000000
132982  40.449  9.625  22.043 0.0000000000
81892  41.269  9.810  22.044 0.0000000000
82483  40.574  10.175  21.333 0.0000000000
79876  42.975  7.145  10.097 0.0000000000
80574  42.831  8.711  9.571 0.0000000000
80568  42.445  7.906  9.845 0.0000000000
80569  41.750  7.930  10.119 0.0000000000
79155  41.993  7.089  10.335 0.0000000000
84971  46.542  14.474  27.886 0.0000000000
84314  45.112  13.884  27.374 0.0000000000
84319  44.546  13.674  26.931 0.0000000000
79800  42.283  6.082  17.135 0.0000000000
79816  41.879  6.648  16.732 0.0000000000
79815  42.618  6.382  16.489 0.0000000000
111596  46.990  8.302  12.009 0.0000000000
79860  46.836  7.688  11.760 0.0000000000
79867  46.642  8.185  11.671 0.0000000000
84380  38.856  13.586  18.529 0.0000000000
81857  41.612  9.266  28.773 0.0000000000
81865  41.998  8.954  27.861 0.0000000000
81155  41.923  8.070  26.443 0.0000000000
81149  41.570  8.412  27.333 0.0000000000
80437  38.029  8.080  29.723 0.0000000000
80446  38.187  7.834  29.051 0.0000000000
79047  37.634  5.744  22.864 0.0000000000
79755  37.489  6.328  23.692 0.0000000000
79759  37.934  6.642  22.885 0.0000000000
79758  38.106  6.280  22.194 0.0000000000
116218  38.481  5.942  21.613 0.0000000000
79050  38.812  5.163  21.383 0.0000000000
86203  39.339  16.627  22.414 0.0000000000
86196  39.012  17.230  22.712 0.0000000000
86792  39.220  17.444  21.912 0.0000000000
86797  39.509  17.700  20.955 0.0000000000
86219  40.034  17.246  20.579 0.0000000000
85043  40.945  15.043  15.017 0.0000000000
85038  40.905  15.168  16.071 0.0000000000
84395  40.297  14.299  14.739 0.0000000000
85050  40.127  14.333  13.818 0.0000000000
83060  46.940  11.288  28.384 0.0000000000
82457  46.828  10.595  27.035 0.0000000000
82491  45.329  10.972  20.403 0.0000000000
82479  46.209  10.899  21.042 0.0000000000
83093  46.256  11.566  20.104 0.0000000000
83106  45.352  11.874  18.933 0.0000000000
81930  40.543  9.393  14.641 0.0000000000
82535  40.332  10.084  15.214 0.0000000000
82542  40.578  10.285  14.245 0.0000000000
83760  42.869  13.457  12.103 0.0000000000
83755  42.816  13.300  13.360 0.0000000000
84408  43.565  14.048  12.696 0.0000000000
84407  43.732  14.552  12.335 0.0000000000
84414  43.536  14.546  11.572 0.0000000000
84422  43.133  14.203  11.052 0.0000000000
81243  39.401  8.458  11.955 0.0000000000
81954  38.990  9.911  11.766 0.0000000000
81244  38.679  8.821  12.369 0.0000000000
81233  38.273  8.493  13.083 0.0000000000
86241  37.624  16.880  18.612 0.0000000000
85615  37.836  15.668  18.933 0.0000000000
128642  43.016  14.533  31.906 0.0000000000
84940  42.519  14.775  31.335 0.0000000000
83625  41.124  12.244  31.642 0.0000000000
83624  41.790  12.429  32.055 0.0000000000
83022  41.453  11.619  31.845 0.0000000000
82429  41.316  10.421  31.257 0.0000000000
82418  41.018  10.904  31.645 0.0000000000
84983  41.660  14.962  25.191 0.0000000000
85582  41.498  15.892  25.207 0.0000000000
84986  41.319  14.549  24.452 0.0000000000
85601  41.172  14.947  21.165 0.0000000000
84996  40.619  14.688  23.051 0.0000000000
85006  40.780  14.673  22.091 0.0000000000
85602  40.432  15.459  21.570 0.0000000000
86217  41.323  16.383  19.820 0.0000000000
86245  42.616  16.363  17.337 0.0000000000
86251  42.526  16.315  16.624 0.0000000000
81158  44.562  8.746  24.583 0.0000000000
82481  42.727  10.292  21.388 0.0000000000
81885  43.311  9.766  21.878 0.0000000000
112739  43.844  10.330  21.293 0.0000000000
82492  44.351  10.716  20.713 0.0000000000
82493  43.231  10.828  20.695 0.0000000000
81252  43.380  9.355  10.693 0.0000000000
81943  41.759  9.959  11.685 0.0000000000
81951  43.020  10.078  10.096 0.0000000000
81958  42.444  10.033  9.576 0.0000000000
82559  42.444  10.434  9.907 0.0000000000
135059  41.955  11.769  10.582 0.0000000000
82566  42.075  10.851  9.988 0.0000000000
81959  41.603  10.426  9.806 0.0000000000
81253  40.472  8.461  10.797 0.0000000000
80563  40.010  8.071  11.508 0.0000000000
80554  40.262  7.358  11.828 0.0000000000
79863  40.553  6.659  12.151 0.0000000000
119504  41.672  5.188  12.066 0.0000000000
79134  41.408  5.006  12.754 0.0000000000
84960  38.453  14.959  28.691 0.0000000000
84302  38.407  14.017  28.859 0.0000000000
82432  37.913  10.437  30.283 0.0000000000
82433  37.279  9.694  30.489 0.0000000000
84325  43.454  13.193  24.649 0.0000000000
84328  43.574  13.102  23.499 0.0000000000
118934  43.355  13.238  22.644 0.0000000000
119676  44.217  13.054  22.555 0.0000000000
118054  39.378  8.237  19.073 0.0000000000
81198  39.513  8.671  18.333 0.0000000000
80499  39.834  8.023  17.759 0.0000000000
80517  41.420  7.504  15.763 0.0000000000
81213  40.821  8.140  15.546 0.0000000000
116576  40.521  8.797  15.328 0.0000000000
80529  41.444  7.871  14.991 0.0000000000
79831  43.827  6.841  15.187 0.0000000000
79844  44.731  7.253  14.459 0.0000000000
123048  44.038  7.891  13.097 0.0000000000
81229  43.409  8.290  12.484 0.0000000000
81239  44.834  8.592  11.190 0.0000000000
79874  45.293  7.949  10.766 0.0000000000
80560  45.145  8.268  10.839 0.0000000000
79875  44.490  7.512  10.430 0.0000000000
114787  43.922  7.853  9.882 0.0000000000
79869  44.176  6.401  10.776 0.0000000000
126760  43.398  5.177  11.175 0.0000000000
84263  45.672  13.547  32.731 0.0000000000
83619  46.281  13.251  31.811 0.0000000000
83638  45.747  12.416  30.926 0.0000000000
83033  46.647  12.120  30.130 0.0000000000
83034  45.431  11.923  30.341 0.0000000000
83611  43.067  13.024  32.474 0.0000000000
83610  43.761  13.187  32.598 0.0000000000
83049  43.911  11.152  30.147 0.0000000000
82450  43.901  10.301  28.604 0.0000000000
81869  44.036  9.108  26.370 0.0000000000
81863  43.737  9.395  27.211 0.0000000000
81161  41.831  7.798  25.562 0.0000000000
131303  42.528  7.883  25.070 0.0000000000
81166  41.754  8.038  24.694 0.0000000000
83641  39.830  12.103  30.474 0.0000000000
135387  39.380  10.702  30.856 0.0000000000
81135  39.142  8.566  29.890 0.0000000000
81849  39.546  9.095  30.446 0.0000000000
81134  39.930  8.807  29.503 0.0000000000
81848  40.379  9.308  30.159 0.0000000000
81151  40.033  8.153  27.924 0.0000000000
79747  37.359  6.618  26.779 0.0000000000
79750  37.313  6.538  25.815 0.0000000000
80460  38.447  7.225  25.752 0.0000000000
118708  39.213  7.481  25.646 0.0000000000
80456  39.535  7.531  26.443 0.0000000000
80459  40.164  7.583  25.940 0.0000000000
80464  39.235  7.691  24.705 0.0000000000
124897  38.437  7.712  22.046 0.0000000000
81174  38.835  8.050  23.268 0.0000000000
81178  38.693  8.186  22.424 0.0000000000
81177  39.156  8.810  22.028 0.0000000000
81181  38.627  8.274  21.457 0.0000000000
81184  38.875  8.641  20.602 0.0000000000
80478  38.673  7.875  20.694 0.0000000000
79072  39.625  5.863  19.999 0.0000000000
79781  39.520  6.781  19.642 0.0000000000
79780  40.142  6.209  19.216 0.0000000000
79790  41.224  6.087  18.119 0.0000000000
79083  40.832  5.729  18.787 0.0000000000
77652  40.824  3.743  20.383 0.0000000000
78368  42.270  3.843  18.995 0.0000000000
78378  42.701  4.276  18.358 0.0000000000
86152  38.534  17.141  28.424 0.0000000000
86757  36.445  17.556  27.641 0.0000000000
86747  36.893  16.855  27.921 0.0000000000
113221  36.406  16.112  27.956 0.0000000000
86168  36.014  16.831  27.665 0.0000000000
87918  39.838  19.180  24.284 0.0000000000
87917  40.726  19.436  24.420 0.0000000000
126182  41.369  21.772  23.270 0.0000000000
88462  40.412  20.836  23.855 0.0000000000
89003  39.775  21.403  23.483 0.0000000000
122620  39.479  20.582  23.745 0.0000000000
87375  38.239  18.784  22.314 0.0000000000
87384  37.888  19.090  21.490 0.0000000000
87390  37.712  18.812  20.512 0.0000000000
132190  38.229  18.869  21.001 0.0000000000
86814  39.587  17.910  18.937 0.0000000000
86824  38.744  17.814  18.805 0.0000000000
118366  39.252  17.590  18.407 0.0000000000
123569  38.788  16.582  18.130 0.0000000000
86812  41.160  17.361  18.426 0.0000000000
86813  40.398  17.646  18.663 0.0000000000
86246  40.742  17.188  17.515 0.0000000000
85032  39.945  14.855  17.415 0.0000000000
84384  39.773  13.871  17.199 0.0000000000
83729  39.363  13.038  16.801 0.0000000000
83749  38.421  12.628  15.096 0.0000000000
84279  48.297  13.802  30.308 0.0000000000
83058  47.937  11.773  28.176 0.0000000000
83655  48.106  12.414  28.809 0.0000000000
134614  48.017  12.256  28.438 0.0000000000
83656  47.788  12.277  28.120 0.0000000000
83664  47.818  11.595  27.518 0.0000000000
81876  46.018  9.792  24.217 0.0000000000
82466  47.006  10.485  25.340 0.0000000000
82469  46.871  10.406  24.562 0.0000000000
83075  47.357  11.526  22.990 0.0000000000
83073  47.806  11.237  24.359 0.0000000000
83674  47.539  11.714  24.449 0.0000000000
83670  47.325  11.796  25.586 0.0000000000
115902  46.189  12.390  23.879 0.0000000000
129728  47.042  12.142  23.446 0.0000000000
112954  46.573  12.507  20.650 0.0000000000
83695  46.017  12.726  21.452 0.0000000000
84350  46.083  12.946  20.661 0.0000000000
84351  45.382  13.098  21.036 0.0000000000
114179  45.835  13.395  19.433 0.0000000000
119590  39.792  10.219  18.285 0.0000000000
82502  40.266  10.670  19.566 0.0000000000
83135  41.032  11.493  16.709 0.0000000000
125950  40.767  11.241  17.352 0.0000000000
83129  41.527  11.530  18.077 0.0000000000
135590  42.482  11.839  18.343 0.0000000000
83127  42.551  11.980  17.638 0.0000000000
83153  41.233  11.163  13.090 0.0000000000
83148  40.923  11.024  13.926 0.0000000000
83147  41.466  11.749  13.505 0.0000000000
83747  42.267  12.516  15.169 0.0000000000
83737  43.872  12.648  16.294 0.0000000000
83728  43.698  12.286  17.259 0.0000000000
83727  44.771  12.773  17.080 0.0000000000
83736  44.872  13.306  16.370 0.0000000000
119746  45.192  14.273  14.925 0.0000000000
114790  45.607  14.015  16.435 0.0000000000
85024  45.698  13.902  17.794 0.0000000000
85029  45.505  14.297  16.801 0.0000000000
85627  44.808  15.137  16.694 0.0000000000
85641  45.193  15.090  15.165 0.0000000000
85656  43.342  15.307  12.462 0.0000000000
85657  42.408  15.437  12.825 0.0000000000
85650  42.091  15.568  13.824 0.0000000000
85663  41.700  15.303  12.267 0.0000000000
83163  41.001  12.048  10.623 0.0000000000
83775  41.116  13.124  10.750 0.0000000000
83776  40.180  12.620  11.283 0.0000000000
83769  39.454  13.009  11.804 0.0000000000
84418  39.082  13.156  12.470 0.0000000000
84410  38.884  13.228  13.195 0.0000000000
83154  38.136  11.647  12.803 0.0000000000
81234  37.377  8.879  13.293 0.0000000000
113464  37.261  10.389  13.145 0.0000000000
79845  40.237  6.236  13.716 0.0000000000
79115  40.367  5.252  14.890 0.0000000000
126671  36.560  17.469  19.217 0.0000000000
86815  37.375  17.833  19.286 0.0000000000
84941  41.992  14.438  31.170 0.0000000000
84942  41.391  14.477  30.649 0.0000000000
135428  41.300  13.402  31.217 0.0000000000
84330  41.860  13.732  23.346 0.0000000000
84988  41.213  14.272  23.610 0.0000000000
84339  42.098  13.668  22.428 0.0000000000
85005  41.621  14.206  21.755 0.0000000000
85004  42.049  14.509  20.840 0.0000000000
85614  42.077  15.898  19.464 0.0000000000
85628  43.683  15.610  17.337 0.0000000000
81171  42.524  8.745  23.251 0.0000000000
111748  43.596  8.853  22.975 0.0000000000
82482  41.681  10.305  21.460 0.0000000000
121395  41.309  10.656  20.768 0.0000000000
81261  43.485  9.197  9.958 0.0000000000
81262  43.141  9.314  9.629 0.0000000000
81269  42.631  9.413  9.498 0.0000000000
81263  41.943  9.301  9.533 0.0000000000
124120  41.761  9.900  9.601 0.0000000000
111855  41.599  8.602  9.872 0.0000000000
80561  41.293  7.320  10.715 0.0000000000
79871  40.896  6.892  11.432 0.0000000000
78431  41.828  4.128  12.368 0.0000000000
84303  37.356  13.795  28.641 0.0000000000
84978  43.788  14.463  26.599 0.0000000000
84320  43.969  13.477  26.147 0.0000000000
83672  44.431  12.808  25.300 0.0000000000
80490  40.194  7.277  18.140 0.0000000000
80498  40.509  7.529  17.357 0.0000000000
80497  41.202  7.055  17.033 0.0000000000
80507  41.477  7.146  16.384 0.0000000000
80526  45.814  7.907  13.456 0.0000000000
80540  46.309  8.438  12.239 0.0000000000
80553  45.619  8.546  11.727 0.0000000000
80559  45.914  8.210  11.265 0.0000000000
79868  45.985  7.703  11.237 0.0000000000
84264  44.842  13.323  32.770 0.0000000000
83037  42.586  11.225  31.578 0.0000000000
82427  43.025  10.810  30.648 0.0000000000
82440  42.567  10.259  30.037 0.0000000000
82451  42.922  10.083  28.977 0.0000000000
81864  42.824  9.193  27.532 0.0000000000
81870  43.169  8.838  26.741 0.0000000000
81148  42.372  8.610  27.042 0.0000000000
81162  40.826  7.813  25.189 0.0000000000
117943  38.891  10.121  30.815 0.0000000000
81129  38.776  8.918  30.532 0.0000000000
80445  38.724  7.841  28.499 0.0000000000
79753  36.988  5.848  24.396 0.0000000000
121893  37.297  6.466  24.920 0.0000000000
133688  37.348  6.389  24.328 0.0000000000
80466  37.832  6.876  24.393 0.0000000000
80468  38.558  7.492  23.955 0.0000000000
116298  38.224  7.076  22.152 0.0000000000
79769  38.690  7.051  20.812 0.0000000000
79060  38.945  6.075  20.895 0.0000000000
79058  40.053  5.023  20.094 0.0000000000
77662  41.856  3.526  19.631 0.0000000000
77676  43.173  3.480  18.710 0.0000000000
86193  39.659  16.638  24.043 0.0000000000
125094  40.371  17.911  24.512 0.0000000000
86783  39.307  17.377  23.783 0.0000000000
87364  39.644  18.201  24.205 0.0000000000
87925  39.098  18.910  23.835 0.0000000000
88454  39.250  19.750  23.887 0.0000000000
133644  38.562  18.757  23.323 0.0000000000
87389  38.554  18.575  20.555 0.0000000000
86806  39.172  18.273  20.433 0.0000000000
131738  41.331  16.939  17.288 0.0000000000
86253  41.011  16.608  17.009 0.0000000000
85637  41.323  15.946  16.351 0.0000000000
84390  39.892  13.697  16.291 0.0000000000
84396  39.799  13.706  15.330 0.0000000000
83748  39.124  13.287  14.935 0.0000000000
83646  47.751  12.189  29.711 0.0000000000
83645  48.116  12.406  29.499 0.0000000000
83059  47.808  11.472  28.167 0.0000000000
82456  47.784  10.948  26.757 0.0000000000
82471  46.132  10.047  22.902 0.0000000000
82470  46.728  10.400  23.684 0.0000000000
82474  46.283  10.473  22.020 0.0000000000
83077  47.228  11.469  22.261 0.0000000000
83683  47.192  12.035  22.484 0.0000000000
121622  46.886  11.765  20.836 0.0000000000
83705  46.537  12.384  19.774 0.0000000000
83712  46.230  12.633  18.887 0.0000000000
82521  40.071  10.382  17.326 0.0000000000
82529  40.133  10.265  16.524 0.0000000000
82528  40.351  10.604  15.868 0.0000000000
118957  40.899  11.468  15.910 0.0000000000
83761  42.112  12.614  12.856 0.0000000000
83746  42.989  13.095  14.433 0.0000000000
128299  44.024  13.418  14.624 0.0000000000
83745  44.578  13.491  15.389 0.0000000000
114984  44.627  14.041  14.339 0.0000000000
84394  44.858  14.606  14.097 0.0000000000
85047  44.823  14.891  13.991 0.0000000000
85048  44.015  14.793  13.201 0.0000000000
85655  43.796  15.048  12.359 0.0000000000
85667  42.981  15.156  11.401 0.0000000000
82561  39.548  10.390  11.184 0.0000000000
120905  39.454  11.069  11.388 0.0000000000
82562  38.963  10.704  11.832 0.0000000000
82554  38.419  10.330  12.325 0.0000000000
82555  37.879  10.794  12.765 0.0000000000
81245  37.911  9.210  12.750 0.0000000000
84313  45.996  13.655  27.640 0.0000000000
86231  36.872  16.578  18.934 0.0000000000
85020  38.266  14.866  19.119 0.0000000000
84925  43.197  14.090  32.348 0.0000000000
83623  42.435  12.729  32.316 0.0000000000
84266  42.072  13.235  32.073 0.0000000000
83021  42.243  11.862  32.126 0.0000000000
82428  42.162  10.573  31.031 0.0000000000
82441  41.703  10.033  30.409 0.0000000000
79745  36.648  6.196  27.277 0.0000000000
79748  36.741  6.109  26.255 0.0000000000
79039  36.414  5.432  25.770 0.0000000000
79042  36.630  5.392  25.045 0.0000000000
135597  37.084  5.235  23.971 0.0000000000
118595  37.373  5.016  23.352 0.0000000000
78341  37.913  4.688  22.584 0.0000000000
78340  38.459  4.730  21.941 0.0000000000
86189  41.785  16.703  25.324 0.0000000000
85584  40.724  16.030  24.622 0.0000000000
84989  40.634  14.841  23.942 0.0000000000
85585  40.108  16.147  24.218 0.0000000000
85594  39.531  15.863  22.895 0.0000000000
85603  39.758  15.976  22.009 0.0000000000
86209  40.225  16.355  21.091 0.0000000000
86218  40.671  16.858  20.210 0.0000000000
86227  42.315  16.296  18.735 0.0000000000
86237  41.971  16.886  18.066 0.0000000000
86252  41.808  16.417  16.661 0.0000000000
85636  41.965  15.986  15.659 0.0000000000
85644  41.722  15.620  14.784 0.0000000000
82463  45.865  10.106  26.524 0.0000000000
81867  45.991  10.031  25.687 0.0000000000
81873  45.191  9.368  25.209 0.0000000000
81877  45.398  9.363  24.568 0.0000000000
81880  45.294  9.331  23.170 0.0000000000
134275  43.756  9.396  22.417 0.0000000000
81884  44.511  9.238  22.728 0.0000000000
82475  45.404  9.788  22.366 0.0000000000
82480  45.022  10.468  21.144 0.0000000000
83095  44.305  11.087  20.081 0.0000000000
81936  41.252  9.452  12.892 0.0000000000
81937  40.790  9.776  13.553 0.0000000000
81944  41.217  10.207  12.476 0.0000000000
82552  41.834  10.827  11.191 0.0000000000
83159  42.032  11.791  10.991 0.0000000000
83774  42.121  12.544  10.799 0.0000000000
83773  42.434  13.470  10.848 0.0000000000
81960  40.525  10.246  10.442 0.0000000000
115445  41.060  9.802  9.929 0.0000000000
81254  39.750  8.812  11.237 0.0000000000
117177  39.867  7.182  12.635 0.0000000000
79144  40.814  6.091  12.438 0.0000000000
79135  40.835  5.740  13.094 0.0000000000
78423  40.923  4.496  14.092 0.0000000000
121255  39.552  15.197  29.335 0.0000000000
84949  39.819  14.452  29.687 0.0000000000
124176  39.283  13.849  29.379 0.0000000000
83647  39.202  12.201  29.770 0.0000000000
83648  38.436  12.213  29.407 0.0000000000
83041  38.760  10.887  30.321 0.0000000000
81841  38.257  9.425  30.710 0.0000000000
81130  38.082  8.725  30.558 0.0000000000
81137  37.907  8.330  30.233 0.0000000000
86183  42.795  15.947  26.106 0.0000000000
84982  42.453  14.603  25.652 0.0000000000
84981  43.192  14.073  25.919 0.0000000000
84323  42.744  13.763  25.195 0.0000000000
84329  42.649  13.377  23.058 0.0000000000
81898  39.304  9.459  20.530 0.0000000000
82503  39.684  10.182  20.029 0.0000000000
81906  39.381  9.528  19.584 0.0000000000
81911  39.500  9.507  18.704 0.0000000000
135066  39.719  9.224  17.174 0.0000000000
81202  40.157  8.281  16.984 0.0000000000
81208  39.843  8.954  16.754 0.0000000000
81222  40.864  8.548  14.743 0.0000000000
79832  43.100  6.604  15.850 0.0000000000
80516  42.853  7.140  15.192 0.0000000000
119952  44.661  7.719  13.619 0.0000000000
80528  42.346  7.677  14.464 0.0000000000
127675  42.122  8.147  13.700 0.0000000000
81231  41.576  8.721  13.305 0.0000000000
81241  42.859  8.853  11.799 0.0000000000
81251  43.941  8.825  10.578 0.0000000000
81250  44.800  8.518  10.849 0.0000000000
79153  43.176  6.151  10.639 0.0000000000
84281  47.334  13.043  31.180 0.0000000000
83047  46.178  11.561  29.380 0.0000000000
83609  44.257  13.659  33.047 0.0000000000
133297  44.270  13.240  32.717 0.0000000000
83036  43.432  11.476  31.164 0.0000000000
83035  44.361  11.769  30.675 0.0000000000
83048  44.949  11.427  29.699 0.0000000000
82449  44.972  10.690  28.127 0.0000000000
82458  45.546  10.269  27.337 0.0000000000
81862  44.764  9.651  26.877 0.0000000000
81874  44.283  8.827  25.537 0.0000000000
81159  43.455  8.219  25.068 0.0000000000
81165  42.734  8.187  24.222 0.0000000000
81882  41.561  8.963  23.156 0.0000000000
81888  40.951  9.342  22.675 0.0000000000
84290  40.316  13.629  30.239 0.0000000000
83640  40.462  12.109  31.150 0.0000000000
82419  40.406  10.812  31.438 0.0000000000
82431  39.777  10.283  31.174 0.0000000000
82430  40.546  10.296  31.315 0.0000000000
81838  40.848  9.846  30.756 0.0000000000
81858  40.795  8.987  29.166 0.0000000000
81150  40.750  8.261  27.624 0.0000000000
111735  37.957  7.428  28.294 0.0000000000
80452  38.695  7.519  27.590 0.0000000000
80458  37.957  6.993  26.254 0.0000000000
80457  38.735  7.360  26.567 0.0000000000
80451  39.411  7.850  27.807 0.0000000000
81156  41.131  7.961  26.910 0.0000000000
81168  39.280  8.019  23.918 0.0000000000
119929  39.912  8.480  23.579 0.0000000000
81193  39.067  8.238  19.868 0.0000000000
80485  39.391  7.588  19.366 0.0000000000
79792  39.885  7.024  18.906 0.0000000000
78346  39.381  4.553  21.091 0.0000000000
77663  41.272  3.838  19.870 0.0000000000
78369  41.512  4.182  19.325 0.0000000000
79070  41.133  4.919  19.053 0.0000000000
79082  41.545  5.335  18.410 0.0000000000
79081  42.313  5.024  18.086 0.0000000000
85546  39.704  15.785  29.291 0.0000000000
85556  39.308  16.269  28.930 0.0000000000
85547  38.967  15.601  28.881 0.0000000000
85558  37.973  15.659  28.479 0.0000000000
86153  37.805  16.883  28.222 0.0000000000
116867  36.878  15.304  28.256 0.0000000000
86169  35.141  16.879  27.577 0.0000000000
86154  35.443  16.104  27.819 0.0000000000
89013  39.200  21.923  23.088 0.0000000000
88463  38.587  20.303  23.451 0.0000000000
89005  38.155  20.909  23.093 0.0000000000
89014  38.410  21.661  22.906 0.0000000000
87955  37.133  19.335  20.954 0.0000000000
123171  38.198  17.993  19.188 0.0000000000
85623  38.690  15.642  18.463 0.0000000000
85025  39.430  15.182  18.042 0.0000000000
86804  40.248  17.642  19.575 0.0000000000
86823  39.909  17.651  18.201 0.0000000000
85629  40.174  16.656  17.509 0.0000000000
84385  39.172  13.270  17.708 0.0000000000
83644  48.307  12.881  29.380 0.0000000000
84301  47.831  13.047  28.603 0.0000000000
84312  47.050  13.315  28.136 0.0000000000
82462  47.034  10.555  26.176 0.0000000000
82461  47.744  10.911  25.774 0.0000000000
131347  47.512  10.819  24.230 0.0000000000
83069  47.814  11.140  26.174 0.0000000000
83667  47.496  11.605  26.759 0.0000000000
83668  46.404  12.425  26.545 0.0000000000
83671  45.941  12.416  25.515 0.0000000000
83676  45.482  12.428  24.541 0.0000000000
120465  45.266  12.473  23.804 0.0000000000
83684  46.511  12.370  22.367 0.0000000000
83681  44.714  12.692  23.264 0.0000000000
84336  44.826  13.064  21.722 0.0000000000
84352  44.482  13.414  21.044 0.0000000000
82501  41.148  10.967  19.955 0.0000000000
82511  40.486  10.888  18.130 0.0000000000
83121  41.037  11.157  18.991 0.0000000000
83109  42.059  11.391  19.526 0.0000000000
83108  43.100  11.713  18.966 0.0000000000
83107  44.290  11.523  19.322 0.0000000000
135273  41.695  12.073  15.747 0.0000000000
83134  41.716  11.916  16.421 0.0000000000
83738  42.676  12.148  16.801 0.0000000000
83117  45.428  12.339  18.344 0.0000000000
83718  46.036  12.705  18.314 0.0000000000
84377  46.252  12.945  18.402 0.0000000000
83726  45.483  13.517  17.054 0.0000000000
83725  45.950  13.162  17.895 0.0000000000
84378  46.053  13.287  18.141 0.0000000000
84371  45.832  13.577  18.612 0.0000000000
84372  44.917  14.001  19.301 0.0000000000
85030  44.818  14.763  17.707 0.0000000000
120159  43.948  15.599  16.509 0.0000000000
85647  44.885  15.199  14.378 0.0000000000
85642  44.362  15.512  15.097 0.0000000000
85643  43.379  15.832  15.148 0.0000000000
118905  42.664  15.851  14.698 0.0000000000
85049  40.695  14.865  13.441 0.0000000000
84423  42.310  14.115  10.750 0.0000000000
84424  41.318  13.928  10.915 0.0000000000
85068  41.678  14.650  11.160 0.0000000000
84416  40.623  14.352  11.546 0.0000000000
85062  41.116  14.925  11.868 0.0000000000
85054  40.796  14.949  12.640 0.0000000000
85055  40.040  14.483  13.006 0.0000000000
84401  39.448  13.837  13.476 0.0000000000
83757  38.303  12.557  13.586 0.0000000000
83758  37.692  11.968  13.828 0.0000000000
83155  37.496  11.251  13.340 0.0000000000
78445  42.190  4.719  11.770 0.0000000000
78347  39.001  4.324  21.622 0.0000000000
79041  36.766  4.977  24.514 0.0000000000
79143  41.190  5.610  12.400 0.0000000000
79802  40.852  6.790  17.744 0.0000000000
80566  44.667  8.038  10.420 0.0000000000
80567  43.471  8.676  9.796 0.0000000000
80570  41.140  8.154  10.437 0.0000000000
81160  42.685  7.959  25.765 0.0000000000
81164  43.723  8.396  24.218 0.0000000000
81167  40.010  8.014  24.490 0.0000000000
81173  40.801  8.846  23.383 0.0000000000
81192  39.320  8.848  19.247 0.0000000000
81891  42.271  9.806  21.991 0.0000000000
81916  39.667  9.504  17.710 0.0000000000
81925  40.091  9.874  16.036 0.0000000000
81938  37.223  9.637  13.116 0.0000000000
81942  42.616  9.728  11.070 0.0000000000
81953  39.616  9.578  11.104 0.0000000000
82484  39.835  10.067  20.784 0.0000000000
82553  41.420  11.017  12.202 0.0000000000
83050  38.796  11.603  29.852 0.0000000000
83067  47.800  11.290  27.491 0.0000000000
83082  47.171  11.776  21.710 0.0000000000
83105  45.934  12.324  18.726 0.0000000000
83118  44.415  11.917  18.554 0.0000000000
83140  41.321  11.887  15.059 0.0000000000
83160  38.505  11.184  12.322 0.0000000000
83164  39.865  11.753  11.320 0.0000000000
83620  45.444  12.908  31.870 0.0000000000
83621  44.324  12.845  32.166 0.0000000000
83622  43.436  12.592  32.270 0.0000000000
83636  48.016  12.569  30.310 0.0000000000
83679  47.598  11.669  23.680 0.0000000000
83762  38.478  12.481  12.925 0.0000000000
83777  39.375  12.238  11.705 0.0000000000
84265  42.781  13.458  32.324 0.0000000000
84267  41.472  13.006  31.658 0.0000000000
84284  40.277  12.764  30.494 0.0000000000
84288  48.407  13.288  29.896 0.0000000000
84289  48.293  12.769  29.981 0.0000000000
84361  46.331  12.958  19.948 0.0000000000
84362  45.389  13.322  20.302 0.0000000000
84402  38.766  13.167  14.090 0.0000000000
84415  43.428  14.126  11.623 0.0000000000
84429  41.870  13.524  10.673 0.0000000000
84979  43.073  14.782  26.185 0.0000000000
84985  41.976  14.160  24.878 0.0000000000
85019  44.205  14.670  18.717 0.0000000000
85042  45.218  14.741  14.622 0.0000000000
85059  43.746  14.874  11.994 0.0000000000
85060  43.481  15.147  11.793 0.0000000000
85061  42.138  15.181  11.507 0.0000000000
85063  40.206  14.499  12.269 0.0000000000
85067  42.730  14.766  11.015 0.0000000000
85581  42.208  15.474  25.683 0.0000000000
85587  40.315  15.558  24.123 0.0000000000
85588  39.731  15.989  23.664 0.0000000000
85633  45.325  14.780  15.987 0.0000000000
85635  43.484  15.837  15.928 0.0000000000
85651  41.244  15.231  14.056 0.0000000000
86247  40.151  17.349  17.772 0.0000000000
86781  40.769  17.343  24.689 0.0000000000
86782  39.940  17.327  24.347 0.0000000000
86798  39.025  18.213  21.298 0.0000000000
87369  38.937  18.157  23.552 0.0000000000
87370  38.475  18.363  22.985 0.0000000000
87936  38.143  19.164  22.876 0.0000000000
88452  41.045  20.247  24.243 0.0000000000
89506  40.044  22.177  23.103 0.0000000000
113298  43.777  15.077  12.995 0.0000000000
113419  43.869  15.522  14.396 0.0000000000
113936  45.271  9.163  23.945 0.0000000000
125382  42.807  12.401  32.319 0.0000000000
125588  47.390  12.489  30.500 0.0000000000
127792  46.994  10.835  22.687 0.0000000000
128123  40.012  9.295  16.250 0.0000000000
129700  40.106  15.253  22.510 0.0000000000
132429  45.034  7.326  10.876 0.0000000000
132627  38.065  20.393  23.130 0.0000000000
132773  45.503  14.273  16.127 0.0000000000
134045  39.753  13.763  29.790 0.0000000000
134662  42.189  10.664  20.961 0.0000000000
135208  39.304  8.317  23.425 0.0000000000
