#!ascii label  , from subject bert vox2ras=TkReg
1549
38127  7.975  -42.869  59.581 0.0000000000
111698  38.004  -18.275  35.187 0.0000000000
47013  25.291  -33.356  51.931 0.0000000000
46015  34.689  -33.566  54.423 0.0000000000
41916  19.410  -38.434  51.561 0.0000000000
42687  14.775  -37.423  60.298 0.0000000000
63700  44.576  -13.491  28.121 0.0000000000
66299  45.652  -10.632  37.461 0.0000000000
52399  33.853  -26.235  45.194 0.0000000000
117617  47.452  -8.789  21.883 0.0000000000
44286  23.907  -36.560  56.797 0.0000000000
40868  10.947  -39.744  60.042 0.0000000000
65461  44.581  -12.020  32.210 0.0000000000
64544  40.911  -13.808  32.859 0.0000000000
59428  38.704  -18.637  40.221 0.0000000000
112504  43.320  -16.708  40.629 0.0000000000
56651  34.874  -21.581  39.694 0.0000000000
46120  31.862  -33.964  48.748 0.0000000000
44341  30.377  -35.709  52.796 0.0000000000
40907  20.987  -40.364  57.282 0.0000000000
113919  18.555  -40.717  62.305 0.0000000000
41861  16.588  -38.912  56.270 0.0000000000
41886  13.673  -39.168  54.237 0.0000000000
45190  22.417  -35.080  51.869 0.0000000000
65511  49.412  -11.004  28.220 0.0000000000
65444  50.321  -10.675  33.219 0.0000000000
62793  42.630  -15.094  36.145 0.0000000000
56573  35.534  -22.369  46.183 0.0000000000
130537  35.941  -30.632  49.495 0.0000000000
65546  46.305  -11.839  24.347 0.0000000000
64634  51.087  -12.923  24.444 0.0000000000
64663  52.643  -13.277  22.209 0.0000000000
41806  23.125  -38.994  59.843 0.0000000000
115803  9.686  -41.312  59.032 0.0000000000
40818  9.680  -39.364  64.378 0.0000000000
39861  7.674  -40.773  63.840 0.0000000000
123490  40.517  -13.672  30.294 0.0000000000
59414  38.218  -18.207  42.587 0.0000000000
60310  40.051  -16.993  42.706 0.0000000000
135623  2.328  -44.092  60.039 0.0000000000
56691  34.486  -21.858  36.770 0.0000000000
46108  25.776  -33.840  49.776 0.0000000000
45239  28.168  -34.839  49.341 0.0000000000
45188  27.668  -34.963  52.451 0.0000000000
134906  20.150  -39.407  54.230 0.0000000000
39026  18.936  -40.870  56.991 0.0000000000
40965  17.714  -39.589  53.881 0.0000000000
43552  21.395  -37.309  51.902 0.0000000000
128673  21.990  -37.723  54.766 0.0000000000
113527  17.461  -38.647  61.402 0.0000000000
64586  47.231  -11.701  28.477 0.0000000000
65485  49.747  -11.221  30.620 0.0000000000
131775  46.948  -11.289  29.874 0.0000000000
66327  44.742  -10.922  35.439 0.0000000000
67174  47.923  -9.538  35.433 0.0000000000
61190  37.385  -16.386  33.558 0.0000000000
62017  39.176  -15.007  33.967 0.0000000000
61175  40.508  -16.619  35.408 0.0000000000
54015  32.891  -24.524  43.142 0.0000000000
55670  33.789  -22.786  43.505 0.0000000000
116497  34.704  -24.156  46.188 0.0000000000
46071  33.387  -33.349  51.395 0.0000000000
48141  34.057  -31.953  49.160 0.0000000000
47024  34.942  -31.944  52.050 0.0000000000
65535  43.090  -11.859  26.271 0.0000000000
66378  43.985  -10.902  25.115 0.0000000000
63724  45.576  -13.244  26.222 0.0000000000
63710  48.668  -13.294  26.942 0.0000000000
65588  50.039  -12.443  19.862 0.0000000000
65572  50.308  -12.101  21.655 0.0000000000
114090  52.492  -12.878  22.918 0.0000000000
65561  49.032  -11.267  22.297 0.0000000000
45152  24.868  -35.308  54.437 0.0000000000
45151  26.154  -35.231  54.345 0.0000000000
45104  25.609  -36.143  56.885 0.0000000000
41810  12.584  -38.340  60.036 0.0000000000
43456  14.047  -36.849  63.681 0.0000000000
42640  11.594  -37.904  64.085 0.0000000000
112403  42.482  -13.304  27.884 0.0000000000
112071  44.909  -11.990  30.186 0.0000000000
63663  42.427  -13.341  30.235 0.0000000000
65463  42.636  -13.217  32.809 0.0000000000
65426  43.186  -12.590  34.947 0.0000000000
58624  38.882  -19.730  37.545 0.0000000000
60372  41.354  -18.319  37.273 0.0000000000
119667  40.789  -17.501  40.455 0.0000000000
50845  32.983  -28.594  44.178 0.0000000000
48038  36.554  -31.564  55.692 0.0000000000
37311  6.589  -43.933  58.383 0.0000000000
38091  6.216  -42.540  62.292 0.0000000000
37276  3.996  -43.389  61.276 0.0000000000
58662  36.042  -18.928  34.710 0.0000000000
114625  36.855  -20.729  37.133 0.0000000000
57584  36.552  -20.599  39.634 0.0000000000
58569  36.188  -19.977  42.628 0.0000000000
45257  29.137  -34.613  48.070 0.0000000000
45218  31.142  -34.688  50.433 0.0000000000
45167  32.887  -35.085  53.221 0.0000000000
44305  29.025  -35.672  55.518 0.0000000000
44303  31.578  -35.782  55.607 0.0000000000
39893  21.790  -40.497  60.359 0.0000000000
38938  20.801  -42.004  62.023 0.0000000000
117613  19.557  -41.539  59.876 0.0000000000
116976  17.766  -40.048  58.873 0.0000000000
42714  15.848  -38.345  58.386 0.0000000000
42771  15.679  -39.207  53.314 0.0000000000
114863  15.055  -38.818  54.991 0.0000000000
42740  14.124  -38.040  56.609 0.0000000000
41865  12.228  -39.143  56.932 0.0000000000
39955  10.695  -40.614  56.501 0.0000000000
39028  9.236  -42.227  56.421 0.0000000000
48127  23.671  -32.252  49.854 0.0000000000
126907  21.791  -32.155  49.421 0.0000000000
46058  23.714  -33.804  51.982 0.0000000000
44320  23.420  -36.053  54.359 0.0000000000
42725  22.335  -38.000  57.173 0.0000000000
112302  51.003  -12.388  33.149 0.0000000000
65446  47.754  -11.349  32.969 0.0000000000
63646  38.872  -14.210  32.157 0.0000000000
63631  41.680  -14.141  34.417 0.0000000000
64504  44.330  -12.760  37.247 0.0000000000
61139  43.791  -16.699  37.955 0.0000000000
62776  45.199  -14.495  38.909 0.0000000000
56633  32.999  -22.575  40.285 0.0000000000
57543  35.241  -21.256  43.305 0.0000000000
57525  36.495  -20.601  45.745 0.0000000000
49097  33.984  -30.843  46.309 0.0000000000
50805  35.035  -28.235  47.288 0.0000000000
119226  37.800  -30.526  52.578 0.0000000000
50769  37.351  -28.625  50.669 0.0000000000
52368  35.919  -26.314  48.761 0.0000000000
53967  36.657  -24.190  49.339 0.0000000000
55618  37.526  -22.476  49.512 0.0000000000
66401  46.973  -10.049  22.943 0.0000000000
64636  48.712  -12.889  24.683 0.0000000000
64614  51.010  -12.595  26.891 0.0000000000
41770  23.343  -39.895  60.958 0.0000000000
38989  8.710  -42.357  59.726 0.0000000000
115605  8.857  -41.073  61.872 0.0000000000
111575  8.116  -41.987  61.166 0.0000000000
59399  37.733  -18.692  44.147 0.0000000000
60295  38.908  -17.788  44.391 0.0000000000
35487  2.487  -46.040  57.986 0.0000000000
46093  25.489  -33.311  50.567 0.0000000000
46091  26.542  -34.015  51.366 0.0000000000
46053  26.384  -34.020  52.257 0.0000000000
41893  19.359  -39.312  52.867 0.0000000000
40982  18.882  -39.765  53.620 0.0000000000
41906  18.675  -39.064  52.041 0.0000000000
42803  20.438  -37.165  49.956 0.0000000000
42781  20.119  -38.020  51.764 0.0000000000
41904  20.814  -38.076  52.894 0.0000000000
42675  16.103  -37.529  61.165 0.0000000000
43453  15.982  -36.977  62.920 0.0000000000
64587  46.462  -11.999  28.765 0.0000000000
65500  47.189  -11.042  28.945 0.0000000000
65502  45.826  -11.819  29.352 0.0000000000
66306  45.447  -10.490  36.679 0.0000000000
67165  46.759  -9.673  36.592 0.0000000000
60411  37.477  -17.394  34.442 0.0000000000
61183  38.509  -16.521  34.351 0.0000000000
60400  39.367  -17.711  35.445 0.0000000000
52414  32.703  -26.552  43.286 0.0000000000
53213  33.331  -25.715  43.977 0.0000000000
54002  33.750  -24.656  44.632 0.0000000000
124645  33.946  -25.258  45.322 0.0000000000
46050  34.278  -33.207  52.748 0.0000000000
47012  33.986  -32.903  52.004 0.0000000000
47002  34.806  -32.667  53.169 0.0000000000
63714  43.597  -13.183  27.076 0.0000000000
64616  44.198  -12.937  26.453 0.0000000000
113151  45.092  -13.493  27.570 0.0000000000
63682  46.731  -12.865  28.270 0.0000000000
66411  48.822  -10.866  20.710 0.0000000000
128156  48.454  -10.424  21.448 0.0000000000
65560  49.921  -11.772  21.959 0.0000000000
66399  48.361  -10.621  22.041 0.0000000000
133527  24.434  -35.891  55.842 0.0000000000
118252  25.226  -35.661  55.396 0.0000000000
45106  24.675  -36.212  56.780 0.0000000000
41824  11.950  -38.887  59.608 0.0000000000
42677  12.227  -38.168  61.808 0.0000000000
41773  11.622  -38.648  62.280 0.0000000000
41746  8.731  -39.059  65.822 0.0000000000
116862  9.979  -38.545  65.642 0.0000000000
63703  40.904  -12.949  27.785 0.0000000000
63675  42.905  -13.385  29.456 0.0000000000
63676  41.938  -13.525  29.478 0.0000000000
124670  39.944  -13.622  30.819 0.0000000000
129463  41.521  -13.528  31.695 0.0000000000
64550  41.607  -13.582  32.481 0.0000000000
65450  42.612  -13.124  33.677 0.0000000000
64537  41.726  -13.799  33.714 0.0000000000
58615  38.786  -19.782  38.454 0.0000000000
59447  40.245  -18.952  38.597 0.0000000000
131528  39.419  -18.668  39.726 0.0000000000
64603  42.092  -12.790  27.272 0.0000000000
37285  5.377  -43.880  60.463 0.0000000000
37299  4.889  -44.363  59.899 0.0000000000
58664  35.111  -19.909  34.195 0.0000000000
58636  36.908  -20.065  35.963 0.0000000000
133070  35.448  -21.020  35.617 0.0000000000
56664  34.935  -21.649  38.724 0.0000000000
56663  35.774  -21.249  38.678 0.0000000000
129513  35.989  -20.740  40.036 0.0000000000
58583  36.179  -20.058  41.197 0.0000000000
57556  35.678  -20.480  41.670 0.0000000000
129545  27.578  -34.616  47.891 0.0000000000
45202  29.724  -35.061  51.276 0.0000000000
128560  29.478  -34.912  50.455 0.0000000000
45201  30.463  -35.318  51.892 0.0000000000
45185  31.754  -35.255  52.326 0.0000000000
44340  31.331  -35.704  52.951 0.0000000000
45120  27.076  -36.096  56.298 0.0000000000
45149  27.621  -35.514  55.183 0.0000000000
45119  28.116  -36.090  56.679 0.0000000000
45116  31.086  -35.679  57.207 0.0000000000
116822  32.828  -35.094  56.834 0.0000000000
39908  21.653  -40.605  59.501 0.0000000000
38980  21.240  -41.204  59.828 0.0000000000
38994  20.396  -41.431  58.497 0.0000000000
40908  17.814  -40.138  56.661 0.0000000000
128135  18.024  -40.415  58.162 0.0000000000
126036  17.018  -39.437  57.815 0.0000000000
41834  16.314  -38.982  58.332 0.0000000000
130952  16.227  -38.515  56.810 0.0000000000
115651  16.154  -39.142  51.556 0.0000000000
41896  13.930  -38.988  53.291 0.0000000000
42760  14.993  -39.061  54.034 0.0000000000
115030  14.511  -39.111  54.114 0.0000000000
42750  14.503  -38.499  55.873 0.0000000000
41863  13.809  -38.522  56.178 0.0000000000
41864  12.939  -38.670  56.523 0.0000000000
41874  13.091  -39.139  55.080 0.0000000000
39027  9.798  -41.571  56.645 0.0000000000
48145  24.044  -31.952  48.866 0.0000000000
48157  23.270  -31.301  48.161 0.0000000000
45224  21.542  -34.546  50.034 0.0000000000
46094  21.924  -33.626  50.306 0.0000000000
47030  22.906  -33.179  50.745 0.0000000000
45189  23.223  -34.520  52.048 0.0000000000
45172  23.646  -34.968  52.945 0.0000000000
44343  22.932  -35.484  52.530 0.0000000000
40924  21.417  -39.050  56.389 0.0000000000
42736  22.056  -37.631  55.897 0.0000000000
40893  21.791  -39.384  58.182 0.0000000000
113891  21.899  -39.281  58.976 0.0000000000
38939  19.578  -41.819  62.206 0.0000000000
38947  4.139  -41.874  62.952 0.0000000000
39850  4.896  -40.980  64.195 0.0000000000
65483  50.529  -11.820  29.687 0.0000000000
65467  50.197  -11.297  32.137 0.0000000000
129731  50.297  -11.630  31.860 0.0000000000
65455  50.574  -11.507  32.793 0.0000000000
66332  51.174  -10.868  34.210 0.0000000000
65473  44.455  -11.971  31.044 0.0000000000
65459  46.374  -11.944  32.216 0.0000000000
112004  45.999  -11.759  33.170 0.0000000000
67173  49.181  -9.266  35.556 0.0000000000
62000  40.683  -15.275  34.905 0.0000000000
62809  40.090  -14.448  34.306 0.0000000000
63617  42.038  -14.261  35.017 0.0000000000
63616  42.690  -13.687  35.436 0.0000000000
62792  43.008  -14.320  36.330 0.0000000000
60343  42.852  -17.580  39.355 0.0000000000
60370  42.695  -17.636  37.515 0.0000000000
60342  43.602  -17.159  38.985 0.0000000000
55697  32.052  -23.111  40.118 0.0000000000
131547  34.436  -22.581  44.636 0.0000000000
56604  34.171  -22.221  43.166 0.0000000000
56596  34.847  -22.014  44.616 0.0000000000
57536  35.953  -20.985  44.562 0.0000000000
56571  36.145  -21.739  46.447 0.0000000000
46134  31.320  -33.771  46.839 0.0000000000
47068  32.137  -33.245  47.033 0.0000000000
48140  34.800  -31.614  49.471 0.0000000000
48163  34.454  -31.353  47.833 0.0000000000
49069  34.929  -30.748  48.155 0.0000000000
49968  34.819  -29.803  47.132 0.0000000000
49944  35.868  -29.246  48.439 0.0000000000
48056  37.125  -31.048  54.236 0.0000000000
51560  37.837  -27.430  51.252 0.0000000000
51582  36.571  -27.537  49.545 0.0000000000
52359  36.947  -26.347  50.106 0.0000000000
53181  36.137  -25.581  48.955 0.0000000000
131653  37.476  -25.207  50.442 0.0000000000
65548  44.784  -11.181  24.883 0.0000000000
65553  46.856  -11.363  23.726 0.0000000000
65552  47.843  -11.681  23.471 0.0000000000
65545  47.154  -12.090  24.213 0.0000000000
64600  49.522  -12.012  27.818 0.0000000000
64615  50.115  -12.484  27.258 0.0000000000
64599  50.410  -12.222  27.620 0.0000000000
134789  51.091  -12.337  27.709 0.0000000000
64664  51.419  -12.910  21.473 0.0000000000
64644  51.526  -12.713  23.431 0.0000000000
64622  52.786  -12.570  25.306 0.0000000000
64623  52.322  -12.571  25.755 0.0000000000
43509  23.709  -37.496  58.582 0.0000000000
43508  23.974  -37.058  58.288 0.0000000000
42684  24.097  -38.157  59.809 0.0000000000
39896  10.230  -40.261  60.010 0.0000000000
40836  10.467  -39.695  62.338 0.0000000000
40837  9.957  -40.265  61.853 0.0000000000
40828  8.500  -40.355  63.884 0.0000000000
111529  7.135  -39.803  65.575 0.0000000000
63678  38.532  -13.603  30.029 0.0000000000
63665  39.106  -13.639  30.860 0.0000000000
59429  37.965  -18.833  40.786 0.0000000000
122432  39.266  -17.838  41.120 0.0000000000
60312  38.916  -17.799  42.790 0.0000000000
61086  40.178  -16.961  44.346 0.0000000000
36409  3.508  -44.876  59.392 0.0000000000
36425  3.040  -45.496  58.743 0.0000000000
126417  1.682  -45.076  59.436 0.0000000000
57630  34.855  -21.286  35.275 0.0000000000
56665  33.971  -21.911  38.439 0.0000000000
116262  27.430  -34.684  48.781 0.0000000000
45223  26.570  -34.191  49.964 0.0000000000
135291  27.991  -34.811  50.946 0.0000000000
45187  28.656  -35.384  52.790 0.0000000000
40925  20.854  -39.886  56.357 0.0000000000
39011  20.110  -41.183  57.648 0.0000000000
39967  19.254  -40.334  55.577 0.0000000000
39968  18.563  -40.127  55.283 0.0000000000
117514  17.035  -39.294  54.489 0.0000000000
40966  12.566  -39.445  54.177 0.0000000000
40996  12.217  -39.513  52.020 0.0000000000
44360  21.320  -35.705  49.992 0.0000000000
43559  21.833  -36.517  51.692 0.0000000000
43546  22.219  -37.093  53.538 0.0000000000
42768  21.553  -37.648  53.213 0.0000000000
113934  20.946  -38.813  54.873 0.0000000000
132466  18.128  -39.455  62.063 0.0000000000
65512  48.436  -10.956  28.188 0.0000000000
65498  49.733  -11.051  29.640 0.0000000000
65499  48.880  -10.793  28.922 0.0000000000
65469  49.030  -11.167  30.997 0.0000000000
118097  49.225  -11.038  31.808 0.0000000000
65434  44.763  -11.268  34.535 0.0000000000
66337  46.553  -10.791  34.260 0.0000000000
67175  46.229  -10.009  35.741 0.0000000000
116578  47.688  -9.338  36.360 0.0000000000
62821  37.921  -14.984  32.878 0.0000000000
61189  38.101  -16.048  33.820 0.0000000000
62001  40.018  -15.878  34.970 0.0000000000
61991  42.082  -16.015  36.018 0.0000000000
61100  44.159  -16.376  40.838 0.0000000000
54815  32.196  -23.921  41.624 0.0000000000
54821  32.414  -23.364  41.616 0.0000000000
54805  33.110  -23.768  43.283 0.0000000000
54789  33.941  -23.704  44.677 0.0000000000
54781  34.925  -23.470  46.265 0.0000000000
46106  32.484  -33.658  49.336 0.0000000000
47050  33.053  -33.028  49.078 0.0000000000
47037  33.622  -32.738  50.540 0.0000000000
47036  34.355  -32.145  50.884 0.0000000000
48122  35.686  -31.441  50.654 0.0000000000
65543  42.834  -11.039  26.018 0.0000000000
67227  42.886  -9.697  25.317 0.0000000000
65542  43.543  -11.379  25.719 0.0000000000
65541  44.289  -11.685  25.427 0.0000000000
64626  46.080  -12.996  25.556 0.0000000000
64625  46.835  -13.125  25.484 0.0000000000
63723  46.525  -13.544  26.321 0.0000000000
64602  47.717  -12.376  28.105 0.0000000000
66428  49.189  -10.927  19.639 0.0000000000
65581  50.115  -12.243  21.005 0.0000000000
64651  51.633  -12.541  22.090 0.0000000000
64650  52.560  -12.991  22.618 0.0000000000
64652  50.997  -12.133  22.032 0.0000000000
64653  50.659  -12.233  22.671 0.0000000000
127468  50.568  -12.613  23.554 0.0000000000
46036  24.907  -34.042  53.087 0.0000000000
46035  25.490  -34.159  53.216 0.0000000000
46003  25.367  -35.286  54.426 0.0000000000
45122  25.733  -35.928  56.179 0.0000000000
45087  26.109  -36.265  57.139 0.0000000000
111854  13.854  -37.591  60.314 0.0000000000
43470  14.691  -36.907  62.324 0.0000000000
43490  13.601  -37.276  62.198 0.0000000000
43444  12.767  -37.034  64.904 0.0000000000
41757  10.441  -38.850  64.095 0.0000000000
42626  10.862  -37.846  65.961 0.0000000000
63685  44.128  -13.491  28.620 0.0000000000
128375  45.278  -12.266  29.508 0.0000000000
63674  43.966  -13.310  29.479 0.0000000000
127431  44.107  -12.994  30.211 0.0000000000
65474  43.501  -12.732  31.206 0.0000000000
111626  41.427  -13.583  30.290 0.0000000000
65475  42.864  -13.250  31.853 0.0000000000
117517  43.758  -12.219  32.968 0.0000000000
130250  43.306  -12.249  33.827 0.0000000000
112390  44.041  -11.574  35.035 0.0000000000
65416  44.443  -11.335  36.481 0.0000000000
59473  38.963  -18.944  36.254 0.0000000000
59471  40.584  -18.353  36.797 0.0000000000
58613  40.311  -18.990  37.881 0.0000000000
59435  41.676  -18.238  38.859 0.0000000000
60331  41.745  -17.336  40.278 0.0000000000
60320  40.496  -17.173  41.355 0.0000000000
61102  41.225  -16.692  41.579 0.0000000000
61091  42.920  -15.998  42.080 0.0000000000
116608  33.591  -27.081  44.785 0.0000000000
46982  35.593  -32.399  55.407 0.0000000000
66373  42.073  -10.740  26.165 0.0000000000
65536  42.321  -11.575  26.430 0.0000000000
63715  42.870  -12.955  27.167 0.0000000000
68867  47.816  -7.365  20.727 0.0000000000
68856  47.375  -7.345  21.345 0.0000000000
38128  7.313  -43.375  59.495 0.0000000000
38115  7.459  -42.614  61.059 0.0000000000
38116  6.665  -43.172  60.870 0.0000000000
124260  5.109  -42.873  61.894 0.0000000000
38948  3.207  -41.782  62.847 0.0000000000
37287  3.569  -43.853  60.660 0.0000000000
111705  36.879  -17.660  34.337 0.0000000000
59500  35.582  -18.408  33.906 0.0000000000
59488  37.495  -18.712  35.270 0.0000000000
58635  37.710  -19.790  36.276 0.0000000000
58625  38.017  -20.075  37.096 0.0000000000
57592  38.004  -20.110  38.810 0.0000000000
56689  36.178  -21.129  37.227 0.0000000000
57604  36.764  -20.806  37.838 0.0000000000
58607  37.759  -19.820  39.576 0.0000000000
58581  37.315  -19.238  41.101 0.0000000000
134347  36.884  -19.048  42.887 0.0000000000
58540  37.162  -19.204  44.405 0.0000000000
46121  30.584  -34.518  48.280 0.0000000000
45258  28.324  -34.729  48.447 0.0000000000
45238  30.212  -34.714  48.988 0.0000000000
46090  31.680  -34.217  49.709 0.0000000000
45217  31.930  -34.364  50.669 0.0000000000
45183  33.282  -34.447  52.750 0.0000000000
46016  34.215  -34.202  53.976 0.0000000000
46034  26.868  -34.878  53.195 0.0000000000
111549  27.762  -35.210  53.440 0.0000000000
44330  29.875  -35.801  53.709 0.0000000000
45117  30.116  -35.686  57.025 0.0000000000
44304  29.961  -35.845  55.375 0.0000000000
130343  31.106  -35.887  54.336 0.0000000000
44315  32.423  -35.620  54.359 0.0000000000
45132  33.718  -34.811  55.381 0.0000000000
45131  34.428  -34.241  55.997 0.0000000000
125860  22.045  -40.715  61.595 0.0000000000
38954  21.707  -41.336  61.821 0.0000000000
38956  19.542  -41.577  61.430 0.0000000000
38971  19.091  -41.341  60.717 0.0000000000
38996  18.978  -41.382  58.482 0.0000000000
39909  18.617  -41.106  59.930 0.0000000000
40865  18.117  -40.016  60.657 0.0000000000
115419  17.037  -39.157  60.022 0.0000000000
42700  16.475  -38.540  60.128 0.0000000000
42715  15.419  -37.992  58.534 0.0000000000
41907  17.436  -39.422  52.286 0.0000000000
42770  16.271  -39.392  53.000 0.0000000000
42757  16.023  -39.087  53.884 0.0000000000
42785  14.840  -38.691  52.323 0.0000000000
42772  15.298  -39.119  53.629 0.0000000000
42747  15.652  -38.639  55.132 0.0000000000
42738  15.256  -38.245  56.060 0.0000000000
123349  15.033  -37.758  57.822 0.0000000000
133406  14.226  -37.795  59.045 0.0000000000
42717  13.204  -38.077  58.588 0.0000000000
41836  12.629  -38.626  58.245 0.0000000000
40895  11.485  -39.567  58.277 0.0000000000
40947  11.615  -39.901  55.562 0.0000000000
40930  11.100  -40.099  56.954 0.0000000000
40896  10.879  -40.061  58.645 0.0000000000
39925  9.927  -41.013  58.374 0.0000000000
39000  9.502  -41.639  58.222 0.0000000000
39001  8.825  -42.282  58.043 0.0000000000
38135  8.005  -42.943  57.794 0.0000000000
37317  7.378  -43.599  57.112 0.0000000000
47059  24.698  -32.756  48.883 0.0000000000
47052  24.397  -32.525  49.795 0.0000000000
47027  24.575  -33.030  51.436 0.0000000000
48128  23.006  -32.159  49.939 0.0000000000
47040  23.463  -32.605  50.492 0.0000000000
47015  24.222  -33.200  51.954 0.0000000000
46037  24.384  -34.055  52.898 0.0000000000
44307  24.030  -35.721  54.757 0.0000000000
44295  23.736  -36.414  56.052 0.0000000000
43540  22.348  -37.167  54.431 0.0000000000
43529  22.551  -37.364  56.066 0.0000000000
42724  23.122  -37.664  57.589 0.0000000000
42699  22.799  -38.590  58.631 0.0000000000
41807  22.275  -39.290  59.898 0.0000000000
39877  6.841  -41.675  63.121 0.0000000000
39848  6.306  -40.704  64.617 0.0000000000
65466  50.461  -11.884  30.917 0.0000000000
65488  45.752  -11.618  29.839 0.0000000000
65458  47.521  -11.732  32.196 0.0000000000
66342  49.485  -10.574  33.151 0.0000000000
111614  48.060  -10.314  34.085 0.0000000000
66325  49.290  -10.103  33.982 0.0000000000
66333  50.757  -10.425  33.889 0.0000000000
112446  38.153  -14.174  31.202 0.0000000000
111553  39.478  -14.049  32.113 0.0000000000
62820  38.512  -14.473  32.732 0.0000000000
63641  39.793  -14.172  33.427 0.0000000000
64538  41.032  -13.994  33.505 0.0000000000
115288  42.244  -13.709  34.258 0.0000000000
64521  43.465  -12.553  35.577 0.0000000000
65410  44.764  -12.057  37.518 0.0000000000
60386  41.253  -17.813  36.533 0.0000000000
61152  42.552  -16.987  36.660 0.0000000000
61983  43.659  -16.014  37.221 0.0000000000
61125  44.496  -16.507  39.469 0.0000000000
135560  44.569  -15.733  38.374 0.0000000000
61982  43.975  -15.176  37.297 0.0000000000
121977  44.487  -13.594  37.743 0.0000000000
64503  44.799  -12.840  38.048 0.0000000000
130802  32.311  -22.287  38.161 0.0000000000
125396  33.536  -22.244  39.885 0.0000000000
56612  33.231  -22.391  41.928 0.0000000000
56622  33.801  -22.035  41.582 0.0000000000
57557  35.031  -20.998  41.410 0.0000000000
57548  35.704  -20.660  42.803 0.0000000000
58542  36.316  -20.288  44.244 0.0000000000
58515  37.338  -19.584  46.073 0.0000000000
130659  33.397  -32.472  47.232 0.0000000000
49994  33.635  -29.435  45.193 0.0000000000
50817  34.143  -28.809  46.100 0.0000000000
120574  34.315  -27.243  46.126 0.0000000000
48075  36.041  -31.610  54.082 0.0000000000
48090  36.385  -31.494  52.479 0.0000000000
49024  36.971  -30.721  51.458 0.0000000000
129654  37.845  -29.666  51.664 0.0000000000
134857  36.948  -29.759  50.249 0.0000000000
50782  35.941  -28.463  48.818 0.0000000000
51603  35.431  -27.565  47.844 0.0000000000
52383  34.812  -26.366  47.159 0.0000000000
113768  35.107  -25.094  47.459 0.0000000000
53984  35.384  -24.367  47.632 0.0000000000
55637  35.795  -23.006  47.734 0.0000000000
132990  37.888  -24.017  50.689 0.0000000000
55619  36.753  -22.992  49.091 0.0000000000
55636  36.390  -22.440  48.033 0.0000000000
56559  37.189  -21.215  47.424 0.0000000000
68055  46.986  -7.789  21.951 0.0000000000
67246  47.285  -9.443  22.454 0.0000000000
65562  48.208  -11.022  22.693 0.0000000000
64646  48.760  -12.310  23.755 0.0000000000
64635  49.763  -12.856  24.171 0.0000000000
63729  48.329  -13.226  25.441 0.0000000000
129199  50.200  -13.197  25.849 0.0000000000
112437  51.561  -12.712  26.067 0.0000000000
130966  51.716  -12.607  26.447 0.0000000000
40824  22.264  -41.046  61.852 0.0000000000
40833  22.554  -40.770  61.475 0.0000000000
38976  8.756  -41.915  60.532 0.0000000000
38977  8.120  -42.508  60.401 0.0000000000
59388  38.242  -18.306  44.866 0.0000000000
46074  25.227  -33.133  51.183 0.0000000000
46073  25.777  -33.505  51.269 0.0000000000
46054  25.695  -33.765  52.539 0.0000000000
42794  19.958  -37.923  51.121 0.0000000000
41905  19.939  -38.504  52.330 0.0000000000
42686  15.570  -37.545  60.513 0.0000000000
43468  16.086  -37.136  61.941 0.0000000000
43487  15.561  -37.165  61.362 0.0000000000
111713  45.340  -13.223  28.468 0.0000000000
65515  46.268  -11.723  29.037 0.0000000000
127529  45.722  -12.312  29.016 0.0000000000
66300  44.932  -10.954  36.995 0.0000000000
67156  46.096  -9.981  37.107 0.0000000000
66298  46.397  -10.158  37.971 0.0000000000
129733  37.863  -17.702  34.802 0.0000000000
60410  38.155  -17.175  34.609 0.0000000000
60401  38.496  -17.698  35.063 0.0000000000
52405  33.477  -26.304  44.362 0.0000000000
52413  33.108  -26.244  43.794 0.0000000000
53209  33.638  -25.508  44.553 0.0000000000
53204  34.259  -25.848  45.778 0.0000000000
46032  34.531  -33.426  53.554 0.0000000000
46993  34.903  -32.760  54.018 0.0000000000
112402  44.332  -13.402  27.225 0.0000000000
63683  46.005  -12.819  28.597 0.0000000000
66412  48.322  -9.880  20.887 0.0000000000
66413  47.899  -9.784  21.773 0.0000000000
44294  24.263  -36.153  56.348 0.0000000000
45124  24.755  -35.879  56.039 0.0000000000
44285  24.284  -36.415  56.989 0.0000000000
40867  11.493  -39.297  60.056 0.0000000000
41793  11.743  -38.771  61.371 0.0000000000
41812  11.208  -39.384  60.844 0.0000000000
63687  41.593  -13.454  28.684 0.0000000000
63688  40.849  -13.322  28.411 0.0000000000
64551  40.821  -13.655  32.096 0.0000000000
64543  41.450  -13.733  33.210 0.0000000000
65451  42.046  -13.496  33.223 0.0000000000
59438  38.815  -19.032  39.583 0.0000000000
58605  39.377  -19.224  38.975 0.0000000000
36407  5.239  -44.732  59.107 0.0000000000
58675  34.520  -19.573  33.503 0.0000000000
57640  35.339  -20.556  34.966 0.0000000000
56650  35.405  -21.354  39.285 0.0000000000
57585  35.428  -21.073  39.952 0.0000000000
57568  35.644  -20.713  40.777 0.0000000000
57569  34.963  -21.337  40.563 0.0000000000
44342  29.576  -35.393  52.262 0.0000000000
45186  31.053  -35.509  52.303 0.0000000000
45103  27.682  -36.307  56.874 0.0000000000
39938  21.504  -40.124  57.863 0.0000000000
38993  21.226  -41.179  58.927 0.0000000000
39923  21.077  -40.942  58.023 0.0000000000
40927  17.314  -39.633  55.954 0.0000000000
118125  17.634  -40.011  57.515 0.0000000000
40909  17.137  -39.485  56.908 0.0000000000
41847  16.500  -38.924  57.265 0.0000000000
42761  14.214  -39.032  55.235 0.0000000000
125957  13.329  -38.865  55.798 0.0000000000
129140  22.111  -34.858  51.333 0.0000000000
45206  21.999  -34.335  50.845 0.0000000000
45205  22.551  -34.391  51.343 0.0000000000
40906  21.521  -39.433  57.214 0.0000000000
39922  21.682  -40.224  58.733 0.0000000000
38940  18.762  -41.358  62.694 0.0000000000
38933  3.464  -41.375  63.624 0.0000000000
39864  3.825  -40.854  64.378 0.0000000000
65510  50.215  -11.407  28.418 0.0000000000
65496  50.581  -11.673  28.875 0.0000000000
65497  50.301  -11.313  29.259 0.0000000000
65456  50.405  -11.054  32.818 0.0000000000
65443  50.787  -10.944  33.429 0.0000000000
65442  51.142  -11.709  33.832 0.0000000000
65460  45.449  -11.933  32.545 0.0000000000
62794  41.991  -14.929  35.535 0.0000000000
62803  41.353  -14.815  34.896 0.0000000000
63607  42.491  -14.263  35.765 0.0000000000
61126  43.187  -17.209  39.905 0.0000000000
55662  34.730  -22.477  45.066 0.0000000000
56586  35.134  -22.072  45.400 0.0000000000
56585  35.411  -21.503  44.968 0.0000000000
56572  35.780  -21.687  45.670 0.0000000000
115996  30.954  -34.196  47.634 0.0000000000
46133  31.910  -33.776  47.778 0.0000000000
48139  35.525  -31.264  49.823 0.0000000000
111896  35.332  -30.856  48.958 0.0000000000
49068  35.515  -30.095  48.236 0.0000000000
49056  35.942  -30.011  48.983 0.0000000000
51553  38.676  -27.461  52.461 0.0000000000
52358  37.430  -26.907  50.722 0.0000000000
52353  37.935  -26.700  51.204 0.0000000000
53173  37.125  -25.587  50.186 0.0000000000
117743  37.693  -25.965  50.766 0.0000000000
65547  45.524  -11.525  24.582 0.0000000000
66384  45.287  -10.709  24.308 0.0000000000
66383  46.065  -11.045  24.028 0.0000000000
65528  49.148  -11.411  28.022 0.0000000000
126011  49.869  -11.844  27.833 0.0000000000
65527  49.918  -11.574  27.953 0.0000000000
65526  50.521  -12.064  27.891 0.0000000000
64672  52.081  -13.597  21.233 0.0000000000
63740  53.070  -13.784  22.104 0.0000000000
113529  52.172  -12.846  24.268 0.0000000000
64633  52.582  -12.694  24.907 0.0000000000
111646  51.942  -12.783  25.193 0.0000000000
42698  23.361  -38.206  58.851 0.0000000000
43500  23.764  -37.879  59.234 0.0000000000
42685  23.663  -38.408  59.673 0.0000000000
116540  9.819  -40.894  59.669 0.0000000000
40851  10.045  -40.281  60.937 0.0000000000
39897  9.695  -40.872  60.433 0.0000000000
39875  8.603  -40.979  62.518 0.0000000000
40838  8.972  -40.499  63.037 0.0000000000
39860  8.221  -40.865  63.215 0.0000000000
114761  8.253  -39.910  64.655 0.0000000000
40829  7.831  -40.353  64.365 0.0000000000
63666  38.268  -13.861  30.789 0.0000000000
59422  37.976  -18.504  41.709 0.0000000000
60322  38.858  -17.889  41.864 0.0000000000
36424  3.923  -45.295  58.614 0.0000000000
35475  2.101  -45.615  58.880 0.0000000000
36411  1.021  -44.866  59.646 0.0000000000
125520  25.203  -33.494  49.173 0.0000000000
45241  26.545  -34.407  49.251 0.0000000000
45204  27.106  -34.469  51.889 0.0000000000
113634  27.343  -34.659  51.065 0.0000000000
45203  27.921  -34.861  51.510 0.0000000000
40943  20.447  -39.774  55.556 0.0000000000
39966  20.006  -40.282  55.952 0.0000000000
40944  19.801  -39.941  55.209 0.0000000000
40964  18.584  -39.911  54.476 0.0000000000
40945  17.746  -39.641  55.008 0.0000000000
43567  21.035  -36.661  50.371 0.0000000000
43560  21.214  -36.946  51.165 0.0000000000
43566  21.614  -36.128  50.890 0.0000000000
43551  21.996  -36.978  52.567 0.0000000000
42779  21.317  -37.605  52.568 0.0000000000
41883  20.635  -38.922  54.121 0.0000000000
42769  21.077  -38.230  53.681 0.0000000000
41860  21.038  -39.118  55.586 0.0000000000
41792  18.000  -39.020  61.739 0.0000000000
41772  17.621  -38.583  62.210 0.0000000000
65513  47.564  -11.143  28.379 0.0000000000
124100  47.947  -10.846  28.671 0.0000000000
114592  47.970  -10.902  29.446 0.0000000000
65487  48.132  -11.276  30.378 0.0000000000
132457  48.283  -11.525  31.038 0.0000000000
111745  45.706  -10.601  34.976 0.0000000000
62020  37.015  -16.013  32.963 0.0000000000
62019  37.704  -15.667  33.204 0.0000000000
61176  39.698  -16.803  35.167 0.0000000000
61182  39.254  -16.254  34.628 0.0000000000
117418  40.799  -15.959  35.202 0.0000000000
61174  41.269  -16.409  35.669 0.0000000000
130817  31.822  -24.110  41.099 0.0000000000
54814  32.682  -23.684  42.456 0.0000000000
54001  34.211  -24.413  45.402 0.0000000000
54788  34.592  -23.598  45.496 0.0000000000
46088  33.004  -33.370  50.624 0.0000000000
46105  33.019  -33.169  49.910 0.0000000000
48108  35.072  -31.762  51.316 0.0000000000
48123  34.941  -31.745  50.365 0.0000000000
48107  35.708  -31.791  52.079 0.0000000000
64629  43.831  -12.191  26.016 0.0000000000
63725  44.936  -12.855  26.159 0.0000000000
64628  44.600  -12.392  25.796 0.0000000000
64627  45.330  -12.634  25.640 0.0000000000
64585  48.075  -11.368  28.120 0.0000000000
121986  49.585  -11.622  21.248 0.0000000000
65582  49.481  -11.687  20.284 0.0000000000
64665  50.880  -12.440  21.617 0.0000000000
65550  49.658  -11.795  22.586 0.0000000000
64645  49.706  -12.246  23.260 0.0000000000
46020  24.715  -34.606  53.548 0.0000000000
46019  25.151  -34.673  53.707 0.0000000000
45123  25.199  -35.990  56.455 0.0000000000
132530  26.004  -36.089  56.679 0.0000000000
111774  13.174  -37.842  59.941 0.0000000000
42676  13.530  -37.477  61.372 0.0000000000
42689  13.011  -37.809  60.659 0.0000000000
119419  11.993  -37.852  63.401 0.0000000000
42656  12.676  -37.598  63.215 0.0000000000
42639  12.376  -37.518  64.031 0.0000000000
42631  12.013  -37.512  64.688 0.0000000000
41775  10.249  -39.462  63.353 0.0000000000
41774  10.952  -39.054  62.741 0.0000000000
112587  43.283  -13.494  28.523 0.0000000000
64576  43.251  -13.204  30.074 0.0000000000
115337  43.351  -13.158  30.434 0.0000000000
65490  43.698  -12.948  30.652 0.0000000000
112588  40.829  -13.664  29.376 0.0000000000
65476  42.261  -13.412  32.405 0.0000000000
64549  42.317  -13.374  31.586 0.0000000000
65462  43.260  -12.858  32.291 0.0000000000
125206  42.998  -12.709  33.279 0.0000000000
65436  42.812  -12.995  34.329 0.0000000000
65435  43.280  -12.166  34.557 0.0000000000
65425  43.669  -12.010  35.330 0.0000000000
65424  44.252  -11.387  35.794 0.0000000000
58633  39.178  -19.292  36.900 0.0000000000
58623  39.675  -19.215  37.435 0.0000000000
60345  40.201  -18.117  39.879 0.0000000000
59436  40.830  -18.577  39.104 0.0000000000
111781  41.231  -17.925  39.658 0.0000000000
60311  39.519  -17.472  42.363 0.0000000000
60321  39.702  -17.545  41.600 0.0000000000
132261  40.087  -17.203  42.054 0.0000000000
61092  41.339  -16.444  42.401 0.0000000000
111690  42.098  -16.077  42.653 0.0000000000
112418  41.996  -16.386  41.825 0.0000000000
51638  32.833  -27.893  43.910 0.0000000000
51637  33.283  -27.852  44.491 0.0000000000
66374  41.238  -10.440  26.248 0.0000000000
65537  41.526  -11.322  26.544 0.0000000000
115972  43.191  -13.314  27.648 0.0000000000
38137  7.127  -43.619  58.825 0.0000000000
123891  6.873  -43.498  60.089 0.0000000000
37297  6.558  -43.841  59.373 0.0000000000
37275  5.015  -43.396  61.264 0.0000000000
38104  4.353  -42.868  61.825 0.0000000000
38094  3.857  -42.367  62.362 0.0000000000
38105  3.473  -42.727  61.749 0.0000000000
37301  3.109  -44.312  60.054 0.0000000000
37300  4.005  -44.432  60.055 0.0000000000
119874  2.693  -43.696  60.611 0.0000000000
111675  36.304  -17.155  33.461 0.0000000000
60412  36.314  -17.679  33.910 0.0000000000
123245  35.537  -19.184  34.297 0.0000000000
59499  36.472  -18.248  34.453 0.0000000000
59489  36.799  -18.783  35.056 0.0000000000
58648  37.264  -19.345  35.595 0.0000000000
117953  36.558  -20.711  36.447 0.0000000000
57616  37.272  -20.358  36.714 0.0000000000
57603  37.433  -20.506  37.508 0.0000000000
57591  38.127  -20.200  37.972 0.0000000000
56707  35.059  -21.496  36.123 0.0000000000
56690  35.320  -21.537  36.996 0.0000000000
56662  36.174  -21.108  38.071 0.0000000000
57593  36.572  -20.849  38.745 0.0000000000
57583  37.259  -20.403  39.203 0.0000000000
58608  37.019  -20.020  39.966 0.0000000000
58594  37.516  -19.478  40.355 0.0000000000
122615  36.866  -19.796  40.780 0.0000000000
116046  36.148  -19.907  41.952 0.0000000000
58582  36.732  -19.547  41.550 0.0000000000
58568  36.702  -19.335  42.359 0.0000000000
59408  37.116  -18.969  43.493 0.0000000000
58556  36.635  -19.519  43.104 0.0000000000
45271  29.144  -34.342  47.296 0.0000000000
46122  29.973  -34.341  47.653 0.0000000000
45219  30.281  -34.887  50.442 0.0000000000
112791  29.799  -34.844  49.740 0.0000000000
45237  30.726  -34.711  49.678 0.0000000000
46107  31.107  -34.449  48.940 0.0000000000
45184  32.536  -34.877  52.459 0.0000000000
45166  33.588  -34.697  53.556 0.0000000000
46017  25.919  -34.686  53.570 0.0000000000
118555  26.147  -34.316  53.020 0.0000000000
45170  26.264  -34.885  53.638 0.0000000000
45168  27.752  -35.272  54.370 0.0000000000
44319  28.487  -35.518  54.866 0.0000000000
44331  28.800  -35.498  53.831 0.0000000000
44318  29.421  -35.755  54.622 0.0000000000
44292  31.639  -35.662  56.433 0.0000000000
125759  30.654  -35.760  56.200 0.0000000000
115414  30.892  -35.863  55.119 0.0000000000
44316  31.700  -35.826  54.733 0.0000000000
44302  32.317  -35.630  55.213 0.0000000000
45133  32.859  -35.230  55.846 0.0000000000
117687  21.932  -40.502  61.265 0.0000000000
38968  21.360  -41.270  60.883 0.0000000000
38969  20.518  -41.571  60.345 0.0000000000
38970  19.811  -41.584  60.741 0.0000000000
39025  19.517  -40.929  57.121 0.0000000000
38995  19.640  -41.423  58.231 0.0000000000
39012  19.097  -41.208  57.681 0.0000000000
117701  18.394  -40.872  58.922 0.0000000000
40880  18.082  -40.198  59.759 0.0000000000
132995  18.306  -40.563  60.280 0.0000000000
40866  17.729  -39.426  60.275 0.0000000000
40881  17.428  -39.525  59.497 0.0000000000
41822  16.629  -39.121  59.356 0.0000000000
42713  16.055  -38.544  59.222 0.0000000000
42701  15.951  -37.970  59.810 0.0000000000
116116  15.695  -38.174  59.114 0.0000000000
42783  15.798  -39.296  52.428 0.0000000000
42798  14.655  -38.175  51.727 0.0000000000
42786  14.421  -38.363  52.275 0.0000000000
42773  14.868  -38.957  52.997 0.0000000000
42759  15.395  -38.906  54.547 0.0000000000
42748  15.294  -38.620  55.372 0.0000000000
42737  15.715  -38.395  55.798 0.0000000000
42739  14.728  -38.069  56.254 0.0000000000
42727  14.549  -37.797  57.173 0.0000000000
126606  14.427  -37.823  57.989 0.0000000000
128028  14.002  -37.857  58.557 0.0000000000
42728  13.815  -37.982  57.662 0.0000000000
41850  12.731  -38.673  57.390 0.0000000000
41851  12.052  -39.052  57.823 0.0000000000
41837  11.964  -38.988  58.716 0.0000000000
40910  11.597  -39.615  57.387 0.0000000000
118231  11.782  -39.889  53.760 0.0000000000
40946  12.317  -39.543  55.087 0.0000000000
39970  10.808  -40.609  55.591 0.0000000000
40948  11.185  -40.171  56.232 0.0000000000
40911  11.000  -40.074  57.779 0.0000000000
39940  10.588  -40.611  57.290 0.0000000000
39924  10.455  -40.608  58.112 0.0000000000
39956  10.197  -40.969  56.810 0.0000000000
39036  9.667  -41.855  55.662 0.0000000000
39016  9.330  -41.908  57.331 0.0000000000
38146  8.726  -42.612  57.066 0.0000000000
38159  7.997  -43.123  56.653 0.0000000000
37327  7.374  -43.668  56.143 0.0000000000
47038  24.827  -32.884  50.586 0.0000000000
47039  24.089  -32.660  50.593 0.0000000000
48148  22.000  -31.659  49.166 0.0000000000
48147  22.582  -31.848  49.409 0.0000000000
48129  22.355  -32.289  49.791 0.0000000000
46075  23.181  -33.679  51.329 0.0000000000
47029  23.378  -33.035  50.962 0.0000000000
47016  23.787  -33.308  51.648 0.0000000000
47028  23.860  -32.916  51.247 0.0000000000
46057  24.118  -33.631  52.275 0.0000000000
46038  23.901  -34.163  52.628 0.0000000000
117371  23.253  -35.804  53.425 0.0000000000
45154  23.882  -35.350  53.848 0.0000000000
44308  23.572  -36.269  55.236 0.0000000000
132407  21.993  -38.049  56.660 0.0000000000
131942  22.190  -37.763  56.456 0.0000000000
43521  22.884  -37.556  56.802 0.0000000000
42712  22.653  -38.245  57.989 0.0000000000
121100  21.907  -39.649  59.747 0.0000000000
41821  22.227  -39.002  59.262 0.0000000000
40864  22.052  -39.826  60.627 0.0000000000
128611  22.089  -40.262  61.082 0.0000000000
43471  14.070  -36.996  62.673 0.0000000000
43455  14.731  -36.843  63.164 0.0000000000
43442  14.603  -36.823  64.613 0.0000000000
38102  6.781  -42.657  61.725 0.0000000000
38963  6.831  -42.142  62.428 0.0000000000
38945  6.015  -41.961  62.884 0.0000000000
39849  5.358  -40.612  64.852 0.0000000000
39863  5.835  -41.063  64.090 0.0000000000
40822  5.370  -40.097  65.562 0.0000000000
119768  6.019  -40.029  65.586 0.0000000000
40814  4.798  -39.824  66.149 0.0000000000
65484  50.223  -11.476  30.222 0.0000000000
115308  50.164  -11.468  31.229 0.0000000000
131357  45.345  -11.982  29.718 0.0000000000
65472  45.257  -11.849  30.623 0.0000000000
132652  46.931  -11.893  31.668 0.0000000000
65445  48.651  -11.068  32.492 0.0000000000
66335  48.400  -10.756  33.374 0.0000000000
66315  46.863  -10.070  34.992 0.0000000000
115192  47.273  -10.428  34.317 0.0000000000
66326  47.683  -9.942  34.665 0.0000000000
67182  49.787  -9.605  34.905 0.0000000000
66324  50.437  -9.944  34.329 0.0000000000
66323  51.066  -10.270  34.674 0.0000000000
63647  38.163  -14.363  31.651 0.0000000000
63667  37.498  -13.939  30.599 0.0000000000
63652  38.883  -13.991  31.541 0.0000000000
62018  38.460  -15.177  33.450 0.0000000000
62819  39.113  -14.478  33.396 0.0000000000
63632  40.730  -14.284  34.154 0.0000000000
63633  40.101  -14.152  33.950 0.0000000000
63640  40.487  -14.138  33.765 0.0000000000
64531  41.299  -14.088  33.969 0.0000000000
64514  43.174  -13.188  35.811 0.0000000000
64513  43.815  -12.772  36.379 0.0000000000
65411  44.342  -11.975  36.738 0.0000000000
60358  43.232  -17.347  38.065 0.0000000000
61151  43.220  -16.857  37.289 0.0000000000
61959  45.443  -15.378  39.370 0.0000000000
61960  44.838  -15.918  39.043 0.0000000000
61969  44.887  -15.202  38.614 0.0000000000
61970  44.463  -15.156  37.921 0.0000000000
62777  44.711  -14.425  38.172 0.0000000000
62785  44.223  -14.378  37.490 0.0000000000
56634  32.350  -22.749  39.671 0.0000000000
56653  32.446  -22.396  38.863 0.0000000000
56652  33.299  -22.169  39.067 0.0000000000
55681  32.881  -22.916  42.201 0.0000000000
55689  32.730  -22.892  41.438 0.0000000000
55680  33.505  -22.553  42.672 0.0000000000
56603  34.665  -21.654  42.823 0.0000000000
120538  33.959  -22.016  42.347 0.0000000000
56611  34.611  -21.452  41.985 0.0000000000
56621  34.435  -21.718  41.137 0.0000000000
126604  35.289  -20.801  42.106 0.0000000000
57549  35.074  -21.108  42.575 0.0000000000
57535  36.371  -20.406  45.012 0.0000000000
58541  36.751  -19.805  44.719 0.0000000000
58516  36.925  -20.243  46.085 0.0000000000
47057  33.581  -32.499  48.745 0.0000000000
47058  33.119  -32.910  48.371 0.0000000000
125766  33.541  -32.518  47.947 0.0000000000
49083  34.219  -31.172  47.047 0.0000000000
48176  33.685  -31.896  46.552 0.0000000000
126225  34.082  -30.052  46.199 0.0000000000
130826  34.847  -29.024  47.026 0.0000000000
50816  34.556  -28.521  46.563 0.0000000000
51625  34.143  -27.994  45.973 0.0000000000
51611  34.575  -27.683  46.639 0.0000000000
48039  35.924  -31.772  55.110 0.0000000000
46992  35.410  -32.216  54.506 0.0000000000
48057  36.524  -31.416  54.887 0.0000000000
49003  37.582  -30.842  53.237 0.0000000000
48074  36.725  -31.356  53.224 0.0000000000
49004  37.092  -30.984  52.357 0.0000000000
119560  37.605  -30.404  51.897 0.0000000000
49916  38.123  -28.806  51.833 0.0000000000
49904  38.375  -29.449  52.447 0.0000000000
114004  37.707  -28.994  51.232 0.0000000000
49928  37.314  -29.531  50.792 0.0000000000
49929  36.893  -29.092  49.980 0.0000000000
49943  36.298  -29.193  49.199 0.0000000000
50781  36.480  -28.343  49.406 0.0000000000
117506  36.176  -26.962  49.133 0.0000000000
119811  35.983  -27.690  49.044 0.0000000000
118343  35.730  -27.045  48.468 0.0000000000
52382  35.281  -26.729  47.772 0.0000000000
52374  35.587  -26.327  48.200 0.0000000000
53192  34.750  -25.499  47.016 0.0000000000
53191  35.238  -25.843  47.687 0.0000000000
53968  36.422  -24.858  49.170 0.0000000000
129000  35.861  -24.782  48.464 0.0000000000
53977  36.152  -24.190  48.882 0.0000000000
54773  35.475  -23.556  47.463 0.0000000000
54765  36.342  -23.595  48.937 0.0000000000
53955  38.272  -24.326  51.100 0.0000000000
53949  38.808  -24.312  51.966 0.0000000000
54750  37.866  -22.980  50.283 0.0000000000
132693  36.560  -22.723  48.584 0.0000000000
55627  36.958  -22.342  48.711 0.0000000000
56553  37.115  -21.772  48.053 0.0000000000
56547  37.611  -21.749  48.855 0.0000000000
68841  46.248  -7.000  22.200 0.0000000000
66386  43.694  -10.042  24.917 0.0000000000
67247  46.541  -9.303  22.958 0.0000000000
68045  46.778  -8.626  22.477 0.0000000000
66400  47.711  -10.264  22.492 0.0000000000
66388  47.343  -10.844  23.084 0.0000000000
64647  47.980  -12.307  24.213 0.0000000000
133920  49.492  -13.136  24.867 0.0000000000
63722  47.545  -13.401  25.853 0.0000000000
63721  48.524  -13.468  26.189 0.0000000000
63720  49.579  -13.193  26.559 0.0000000000
64624  50.668  -12.904  26.422 0.0000000000
64584  51.402  -12.366  27.994 0.0000000000
65589  49.785  -11.712  19.261 0.0000000000
135356  50.359  -12.298  18.987 0.0000000000
64678  50.917  -13.022  19.345 0.0000000000
40847  22.524  -40.087  61.012 0.0000000000
38988  9.342  -41.586  59.883 0.0000000000
39898  9.184  -41.323  60.687 0.0000000000
39887  8.780  -41.468  61.280 0.0000000000
38943  8.213  -41.538  62.015 0.0000000000
116728  8.022  -41.287  62.725 0.0000000000
59407  37.863  -18.457  43.329 0.0000000000
59406  38.425  -18.036  43.236 0.0000000000
59398  38.329  -18.142  43.922 0.0000000000
46092  26.168  -33.878  50.583 0.0000000000
130942  26.769  -34.503  52.560 0.0000000000
40981  19.863  -39.379  53.687 0.0000000000
40963  19.570  -39.780  54.387 0.0000000000
41894  18.177  -39.620  52.867 0.0000000000
42793  20.562  -37.364  50.739 0.0000000000
115845  20.685  -37.607  51.472 0.0000000000
42780  20.735  -37.868  52.161 0.0000000000
41892  20.299  -38.708  53.247 0.0000000000
128949  16.690  -38.173  61.059 0.0000000000
42673  17.047  -38.072  61.889 0.0000000000
42674  16.524  -37.624  61.689 0.0000000000
42655  16.606  -37.571  62.531 0.0000000000
43440  15.937  -37.145  64.010 0.0000000000
65514  46.858  -11.476  28.795 0.0000000000
65501  46.435  -11.454  29.229 0.0000000000
66316  45.438  -10.446  35.892 0.0000000000
67166  45.928  -10.052  36.409 0.0000000000
61184  37.761  -16.765  34.135 0.0000000000
61177  38.886  -17.001  34.897 0.0000000000
60399  40.199  -17.382  35.705 0.0000000000
53214  32.913  -25.579  43.357 0.0000000000
54014  33.355  -25.002  43.907 0.0000000000
53992  34.464  -25.106  46.150 0.0000000000
46051  33.641  -33.682  52.320 0.0000000000
47011  34.614  -32.493  52.390 0.0000000000
47010  35.181  -32.095  52.727 0.0000000000
64617  43.349  -12.608  26.588 0.0000000000
116615  44.949  -13.267  26.732 0.0000000000
63713  45.739  -13.580  27.018 0.0000000000
63699  45.868  -13.477  27.931 0.0000000000
65573  48.980  -11.111  21.634 0.0000000000
45139  24.618  -35.649  55.185 0.0000000000
45105  25.068  -36.289  57.204 0.0000000000
42690  12.395  -38.322  60.970 0.0000000000
41755  11.490  -38.459  63.240 0.0000000000
40819  8.833  -39.404  64.990 0.0000000000
41752  9.462  -38.927  65.257 0.0000000000
63702  41.585  -13.155  27.900 0.0000000000
63686  42.382  -13.444  28.723 0.0000000000
130401  42.009  -13.329  28.277 0.0000000000
63664  40.854  -13.566  31.174 0.0000000000
65437  42.308  -13.485  33.888 0.0000000000
58614  39.586  -19.400  38.156 0.0000000000
59437  40.060  -18.791  39.264 0.0000000000
61093  40.728  -16.645  42.967 0.0000000000
64604  41.302  -12.623  27.324 0.0000000000
37312  5.946  -44.321  58.764 0.0000000000
37298  5.734  -44.209  59.685 0.0000000000
37286  4.465  -43.891  60.618 0.0000000000
59501  35.062  -19.078  33.881 0.0000000000
58663  35.783  -19.757  34.812 0.0000000000
58649  36.478  -19.564  35.268 0.0000000000
57629  36.089  -20.463  35.559 0.0000000000
56674  34.686  -21.755  37.714 0.0000000000
56673  35.536  -21.449  37.897 0.0000000000
57594  35.938  -20.974  39.376 0.0000000000
57567  36.375  -20.326  40.411 0.0000000000
113022  28.417  -34.528  47.630 0.0000000000
111635  28.673  -34.909  50.903 0.0000000000
45220  28.871  -34.892  49.953 0.0000000000
119374  30.727  -34.948  51.142 0.0000000000
119957  31.458  -34.769  51.090 0.0000000000
45200  31.277  -35.097  51.704 0.0000000000
44327  32.146  -35.432  53.046 0.0000000000
133745  26.322  -35.520  54.879 0.0000000000
45136  26.741  -35.709  55.426 0.0000000000
45135  27.706  -35.873  55.930 0.0000000000
45134  28.589  -35.774  56.211 0.0000000000
45099  31.845  -35.452  57.766 0.0000000000
130105  32.314  -35.438  56.431 0.0000000000
38981  20.485  -41.532  59.375 0.0000000000
39939  18.353  -40.663  57.351 0.0000000000
134766  17.510  -39.859  58.211 0.0000000000
40894  17.110  -39.467  58.681 0.0000000000
41835  16.078  -38.430  57.527 0.0000000000
42797  15.289  -38.763  51.859 0.0000000000
41908  13.767  -38.395  52.395 0.0000000000
42774  14.500  -38.879  53.120 0.0000000000
131888  14.837  -38.959  54.789 0.0000000000
42749  14.912  -38.539  55.656 0.0000000000
114828  14.779  -38.772  55.359 0.0000000000
41849  13.401  -38.275  57.007 0.0000000000
40928  12.456  -39.268  55.938 0.0000000000
39971  10.125  -41.045  56.065 0.0000000000
48146  23.192  -31.824  49.173 0.0000000000
47053  21.891  -32.845  49.812 0.0000000000
47042  22.473  -33.025  50.299 0.0000000000
46076  22.499  -33.681  50.827 0.0000000000
41871  21.409  -38.483  55.289 0.0000000000
42746  21.833  -37.958  55.352 0.0000000000
41859  21.694  -38.251  56.069 0.0000000000
41846  21.805  -38.496  56.882 0.0000000000
112487  21.992  -38.612  57.716 0.0000000000
41833  22.169  -38.773  58.550 0.0000000000
38946  5.036  -41.953  62.978 0.0000000000
38931  5.432  -41.595  63.627 0.0000000000
38932  4.471  -41.481  63.661 0.0000000000
134725  4.486  -40.631  64.820 0.0000000000
65468  49.820  -11.179  31.552 0.0000000000
113295  51.268  -12.243  34.615 0.0000000000
128497  45.368  -11.959  31.599 0.0000000000
122856  46.950  -11.686  33.022 0.0000000000
67164  48.657  -8.964  36.239 0.0000000000
62007  40.023  -15.006  34.690 0.0000000000
130095  39.664  -14.836  34.329 0.0000000000
62804  40.626  -14.659  34.546 0.0000000000
63618  41.270  -14.414  34.527 0.0000000000
63606  42.885  -13.750  35.959 0.0000000000
63605  43.357  -13.601  36.398 0.0000000000
131071  41.878  -18.257  38.322 0.0000000000
60371  42.012  -18.187  37.804 0.0000000000
60359  42.551  -17.854  38.540 0.0000000000
63591  45.406  -13.763  39.109 0.0000000000
55711  31.828  -22.745  38.984 0.0000000000
56597  34.351  -22.425  44.017 0.0000000000
115721  34.818  -21.869  43.682 0.0000000000
57537  35.359  -21.443  44.199 0.0000000000
57526  36.065  -21.072  45.300 0.0000000000
57517  36.182  -21.133  45.998 0.0000000000
48153  33.999  -31.917  48.318 0.0000000000
48152  34.624  -31.448  48.640 0.0000000000
49082  34.699  -30.619  47.392 0.0000000000
49096  34.433  -30.336  46.706 0.0000000000
49956  35.052  -30.100  47.716 0.0000000000
49967  35.349  -29.264  47.626 0.0000000000
48037  37.214  -31.105  55.391 0.0000000000
48995  37.897  -30.578  54.995 0.0000000000
120847  37.921  -30.547  53.993 0.0000000000
50762  37.761  -28.254  51.263 0.0000000000
50770  36.922  -28.095  50.103 0.0000000000
51573  36.941  -27.248  50.178 0.0000000000
128880  36.651  -26.878  49.629 0.0000000000
52367  36.472  -26.282  49.311 0.0000000000
53187  35.716  -25.674  48.325 0.0000000000
53180  36.724  -25.585  49.565 0.0000000000
53962  36.972  -24.840  49.906 0.0000000000
66385  44.518  -10.350  24.622 0.0000000000
66389  46.552  -10.585  23.449 0.0000000000
63696  49.197  -12.756  27.368 0.0000000000
115171  51.214  -12.504  27.185 0.0000000000
64673  50.660  -12.860  20.648 0.0000000000
114026  51.368  -13.421  20.337 0.0000000000
63741  52.678  -13.937  21.623 0.0000000000
64643  52.360  -12.858  23.455 0.0000000000
114265  52.636  -12.849  24.181 0.0000000000
64611  53.162  -12.632  25.734 0.0000000000
43515  23.721  -37.123  57.976 0.0000000000
44280  24.020  -36.634  57.456 0.0000000000
120659  24.049  -37.313  58.749 0.0000000000
42672  23.794  -38.666  60.185 0.0000000000
40883  10.727  -40.031  59.400 0.0000000000
123879  10.595  -39.887  60.651 0.0000000000
121361  9.743  -40.108  62.743 0.0000000000
39874  9.307  -40.673  62.248 0.0000000000
40827  9.371  -39.958  63.619 0.0000000000
134722  8.976  -39.835  64.316 0.0000000000
40811  7.950  -39.594  65.579 0.0000000000
41747  7.135  -39.467  66.286 0.0000000000
63677  39.651  -13.646  29.849 0.0000000000
63651  39.871  -13.786  31.635 0.0000000000
60334  38.659  -18.260  41.003 0.0000000000
60303  38.940  -17.763  43.566 0.0000000000
60302  39.502  -17.388  43.140 0.0000000000
60301  40.089  -16.913  43.476 0.0000000000
36423  4.703  -45.094  58.466 0.0000000000
36410  2.499  -44.849  59.516 0.0000000000
37302  1.541  -44.241  59.877 0.0000000000
118901  34.143  -21.899  39.345 0.0000000000
45240  27.261  -34.581  49.680 0.0000000000
45222  26.955  -34.335  50.477 0.0000000000
45221  27.887  -34.806  50.319 0.0000000000
116877  28.732  -35.072  51.863 0.0000000000
130548  29.468  -35.637  53.048 0.0000000000
132616  20.588  -40.818  57.441 0.0000000000
39952  20.207  -40.637  56.859 0.0000000000
39953  19.295  -40.660  56.380 0.0000000000
39981  19.144  -40.111  54.940 0.0000000000
120129  18.701  -40.406  55.910 0.0000000000
39954  18.514  -40.530  56.509 0.0000000000
40926  18.065  -40.150  55.864 0.0000000000
41872  16.845  -39.127  55.270 0.0000000000
122584  13.325  -38.841  52.699 0.0000000000
41897  13.052  -39.080  53.379 0.0000000000
128260  12.236  -39.656  53.008 0.0000000000
44351  21.772  -35.175  50.784 0.0000000000
123762  21.994  -35.588  51.516 0.0000000000
44344  22.300  -35.952  52.233 0.0000000000
42756  21.852  -37.783  54.021 0.0000000000
41882  21.396  -38.308  54.595 0.0000000000
122104  49.791  -10.977  28.834 0.0000000000
65486  48.949  -10.930  30.003 0.0000000000
65457  49.855  -10.913  32.431 0.0000000000
65448  44.861  -11.794  33.391 0.0000000000
65433  45.700  -11.258  34.002 0.0000000000
114317  47.030  -9.658  35.765 0.0000000000
62027  37.366  -15.381  32.563 0.0000000000
62009  38.832  -15.762  34.112 0.0000000000
62008  39.494  -15.469  34.458 0.0000000000
61999  41.401  -15.564  35.315 0.0000000000
121191  43.419  -16.274  41.331 0.0000000000
54822  31.986  -23.679  41.079 0.0000000000
55690  32.231  -23.279  40.923 0.0000000000
55671  33.200  -23.160  42.999 0.0000000000
54804  33.459  -24.180  43.892 0.0000000000
121080  33.604  -23.437  43.778 0.0000000000
115145  33.993  -22.929  44.339 0.0000000000
55653  34.375  -22.955  44.989 0.0000000000
55652  34.973  -22.837  45.739 0.0000000000
46119  32.595  -33.462  48.469 0.0000000000
47049  33.602  -32.588  49.581 0.0000000000
47026  33.940  -32.658  51.305 0.0000000000
47048  34.244  -32.154  50.003 0.0000000000
49039  36.193  -30.837  50.184 0.0000000000
66380  42.563  -10.253  25.774 0.0000000000
66379  43.246  -10.557  25.468 0.0000000000
65540  45.057  -11.948  25.221 0.0000000000
64639  45.786  -12.287  24.989 0.0000000000
64638  46.597  -12.534  24.888 0.0000000000
63711  47.635  -13.523  26.850 0.0000000000
63712  46.595  -13.592  27.367 0.0000000000
63698  47.372  -13.226  27.701 0.0000000000
63697  48.262  -13.031  27.573 0.0000000000
64601  48.710  -12.140  27.928 0.0000000000
114617  52.125  -12.941  22.122 0.0000000000
64649  52.872  -13.120  22.627 0.0000000000
131358  52.162  -12.814  22.495 0.0000000000
111838  51.799  -12.592  22.628 0.0000000000
46055  25.136  -33.623  52.601 0.0000000000
46018  25.489  -34.822  53.844 0.0000000000
46002  25.699  -35.239  54.379 0.0000000000
45138  25.653  -35.628  55.157 0.0000000000
45137  26.004  -35.563  54.987 0.0000000000
45121  26.188  -35.833  55.818 0.0000000000
112364  26.465  -36.197  56.672 0.0000000000
44279  24.127  -36.680  57.821 0.0000000000
44278  24.735  -36.502  57.746 0.0000000000
45089  25.155  -36.413  57.568 0.0000000000
45073  25.292  -36.442  57.723 0.0000000000
45088  25.758  -36.341  57.440 0.0000000000
130876  18.571  -38.676  51.366 0.0000000000
42703  14.446  -37.683  59.539 0.0000000000
43488  14.881  -37.000  61.573 0.0000000000
42688  14.366  -37.224  61.046 0.0000000000
43472  13.425  -37.282  62.995 0.0000000000
113713  12.885  -37.614  62.223 0.0000000000
43457  13.159  -37.055  63.939 0.0000000000
41794  11.095  -39.225  61.829 0.0000000000
41756  11.061  -38.423  63.974 0.0000000000
41751  10.114  -38.668  64.880 0.0000000000
41750  10.755  -38.322  64.630 0.0000000000
112434  11.279  -37.789  65.066 0.0000000000
63684  44.860  -13.011  29.064 0.0000000000
64575  44.650  -12.737  29.715 0.0000000000
64563  44.764  -12.351  29.970 0.0000000000
65489  44.165  -12.455  30.545 0.0000000000
132916  43.946  -12.184  31.077 0.0000000000
116454  43.857  -12.306  31.741 0.0000000000
64565  41.931  -13.404  30.991 0.0000000000
64564  42.776  -13.214  30.731 0.0000000000
65491  43.088  -13.083  31.010 0.0000000000
117593  43.924  -11.838  34.086 0.0000000000
65449  42.936  -12.605  34.000 0.0000000000
66307  44.786  -10.860  36.243 0.0000000000
59487  38.745  -18.388  35.577 0.0000000000
59486  39.382  -18.417  35.992 0.0000000000
59472  39.735  -18.773  36.678 0.0000000000
59460  40.233  -18.820  37.260 0.0000000000
59459  40.772  -18.679  37.469 0.0000000000
129841  41.196  -18.639  38.173 0.0000000000
60330  42.524  -17.434  39.898 0.0000000000
61113  42.541  -16.978  40.491 0.0000000000
60333  39.340  -18.134  40.425 0.0000000000
60332  39.963  -17.697  40.795 0.0000000000
61103  40.626  -16.798  42.165 0.0000000000
60319  41.188  -16.995  40.906 0.0000000000
61114  41.848  -16.726  41.019 0.0000000000
61101  42.647  -16.479  41.221 0.0000000000
51646  33.077  -27.059  43.997 0.0000000000
46001  35.311  -33.076  55.757 0.0000000000
46983  35.039  -32.876  54.904 0.0000000000
46981  36.072  -31.944  56.022 0.0000000000
64619  41.804  -12.103  26.873 0.0000000000
64618  42.581  -12.336  26.744 0.0000000000
63701  43.822  -13.452  27.818 0.0000000000
68062  47.678  -8.087  21.326 0.0000000000
38136  7.719  -43.199  58.775 0.0000000000
111609  7.397  -42.985  60.245 0.0000000000
38103  5.906  -42.969  61.617 0.0000000000
37284  6.225  -43.780  60.294 0.0000000000
38117  5.876  -43.511  60.940 0.0000000000
38092  5.512  -42.576  62.441 0.0000000000
38093  4.678  -42.533  62.472 0.0000000000
36408  4.391  -44.831  59.286 0.0000000000
38095  3.073  -42.178  62.199 0.0000000000
38949  2.255  -41.810  62.589 0.0000000000
61191  36.651  -16.614  33.261 0.0000000000
60418  36.949  -17.056  33.916 0.0000000000
59498  37.262  -18.077  34.813 0.0000000000
59474  38.113  -19.029  35.813 0.0000000000
58634  38.522  -19.562  36.617 0.0000000000
58606  38.524  -19.599  39.216 0.0000000000
57617  35.818  -21.145  36.296 0.0000000000
121664  37.388  -20.532  38.361 0.0000000000
58593  38.190  -19.193  39.925 0.0000000000
130723  37.597  -18.851  41.352 0.0000000000
59423  37.215  -18.932  41.762 0.0000000000
59415  37.388  -18.740  42.597 0.0000000000
121513  37.636  -18.897  44.867 0.0000000000
46135  30.477  -34.054  47.074 0.0000000000
134721  31.320  -34.259  48.266 0.0000000000
112177  29.191  -34.807  48.981 0.0000000000
45256  29.825  -34.651  48.375 0.0000000000
46089  32.465  -33.788  50.215 0.0000000000
46072  32.646  -33.969  51.059 0.0000000000
45199  32.106  -34.685  51.580 0.0000000000
46052  32.916  -34.164  51.932 0.0000000000
46033  33.944  -33.966  53.137 0.0000000000
45169  26.862  -35.244  53.941 0.0000000000
45118  29.126  -35.790  56.838 0.0000000000
44293  29.517  -35.691  56.282 0.0000000000
44317  30.344  -35.882  54.454 0.0000000000
44329  30.805  -35.870  53.649 0.0000000000
44328  31.743  -35.795  53.795 0.0000000000
134349  32.485  -35.509  53.662 0.0000000000
44301  33.046  -35.268  54.858 0.0000000000
45148  33.075  -35.241  53.995 0.0000000000
45147  33.739  -34.831  54.427 0.0000000000
45146  34.334  -34.283  54.904 0.0000000000
125155  34.824  -33.644  55.338 0.0000000000
39869  22.229  -40.984  61.840 0.0000000000
38955  20.493  -41.734  61.469 0.0000000000
38957  18.895  -41.223  61.733 0.0000000000
38982  19.662  -41.547  58.933 0.0000000000
130364  18.534  -41.013  58.085 0.0000000000
38983  18.968  -41.394  59.219 0.0000000000
39894  18.496  -40.809  60.843 0.0000000000
39883  18.414  -40.469  61.635 0.0000000000
40849  18.152  -39.756  61.496 0.0000000000
41808  17.962  -39.154  60.973 0.0000000000
41809  17.189  -38.908  60.674 0.0000000000
127685  16.183  -37.891  60.510 0.0000000000
42702  15.274  -37.796  59.508 0.0000000000
132707  16.752  -39.483  52.528 0.0000000000
41895  17.074  -39.537  53.009 0.0000000000
41884  16.652  -39.305  53.797 0.0000000000
41885  16.371  -39.002  54.568 0.0000000000
42784  15.239  -39.083  52.770 0.0000000000
113242  15.637  -39.041  54.008 0.0000000000
42758  15.842  -38.822  54.581 0.0000000000
41873  16.186  -38.662  55.406 0.0000000000
41862  16.150  -38.450  56.221 0.0000000000
41848  15.850  -38.059  56.707 0.0000000000
42726  15.188  -37.814  56.916 0.0000000000
113846  15.640  -37.985  57.657 0.0000000000
42716  14.725  -37.799  58.714 0.0000000000
42704  13.682  -37.819  59.343 0.0000000000
42705  12.975  -37.985  59.388 0.0000000000
42729  13.143  -38.282  57.775 0.0000000000
41823  12.566  -38.507  59.103 0.0000000000
40882  11.379  -39.546  59.260 0.0000000000
40929  11.694  -39.696  56.511 0.0000000000
39969  11.200  -40.332  54.881 0.0000000000
39910  10.256  -40.597  59.035 0.0000000000
39941  9.940  -41.160  57.538 0.0000000000
113510  9.027  -41.924  58.954 0.0000000000
38126  8.463  -42.694  58.843 0.0000000000
37310  7.293  -43.595  58.071 0.0000000000
37318  6.679  -43.971  57.481 0.0000000000
37319  6.089  -44.467  57.818 0.0000000000
46124  25.104  -33.630  48.328 0.0000000000
47060  24.404  -32.228  48.191 0.0000000000
47051  25.107  -33.010  49.822 0.0000000000
47041  22.959  -32.684  50.353 0.0000000000
47014  24.730  -33.320  52.131 0.0000000000
46056  24.584  -33.623  52.471 0.0000000000
45171  24.199  -34.623  53.338 0.0000000000
45153  24.476  -35.221  54.143 0.0000000000
125057  24.118  -35.953  55.626 0.0000000000
44332  22.584  -36.317  53.035 0.0000000000
43545  22.767  -36.509  53.951 0.0000000000
43539  22.892  -36.690  54.837 0.0000000000
43534  22.337  -37.293  55.340 0.0000000000
43533  23.082  -36.876  55.657 0.0000000000
43528  23.363  -37.036  56.410 0.0000000000
43520  23.582  -37.099  57.213 0.0000000000
42711  23.300  -37.865  58.261 0.0000000000
41820  22.873  -38.904  59.200 0.0000000000
40848  22.447  -39.685  60.470 0.0000000000
43469  15.266  -36.848  62.814 0.0000000000
43454  15.409  -36.838  63.580 0.0000000000
38962  7.485  -42.105  61.825 0.0000000000
38944  7.514  -41.716  62.589 0.0000000000
39876  7.539  -41.285  63.255 0.0000000000
38930  6.194  -41.568  63.573 0.0000000000
39862  6.798  -41.102  63.849 0.0000000000
39847  7.138  -40.566  64.467 0.0000000000
40821  6.627  -40.111  65.118 0.0000000000
40812  6.466  -39.760  65.925 0.0000000000
65471  46.287  -11.854  30.943 0.0000000000
65470  47.520  -11.703  31.116 0.0000000000
115343  48.390  -11.477  31.615 0.0000000000
65447  46.519  -11.374  33.632 0.0000000000
66336  47.348  -11.038  33.659 0.0000000000
67183  48.610  -9.719  34.724 0.0000000000
66334  50.172  -10.246  33.652 0.0000000000
64545  40.194  -13.947  32.454 0.0000000000
134449  38.398  -14.377  32.144 0.0000000000
62810  39.642  -14.411  33.937 0.0000000000
63642  39.165  -14.196  32.878 0.0000000000
63645  39.644  -14.108  32.702 0.0000000000
64539  40.343  -14.047  33.166 0.0000000000
64530  42.868  -13.182  34.675 0.0000000000
64523  42.473  -13.682  34.829 0.0000000000
64522  43.058  -13.122  35.173 0.0000000000
65417  44.080  -12.011  35.981 0.0000000000
131741  44.696  -11.451  37.090 0.0000000000
65409  45.180  -11.292  37.798 0.0000000000
60387  39.999  -18.104  36.121 0.0000000000
131163  40.623  -17.813  36.201 0.0000000000
61162  40.928  -17.178  35.991 0.0000000000
60385  42.011  -17.771  36.952 0.0000000000
61161  41.755  -17.087  36.221 0.0000000000
61984  42.950  -16.046  36.639 0.0000000000
62787  43.300  -15.150  36.760 0.0000000000
61112  43.987  -16.810  39.997 0.0000000000
61138  44.291  -16.378  38.596 0.0000000000
61124  45.326  -16.126  39.821 0.0000000000
61971  44.202  -15.899  37.823 0.0000000000
62786  43.606  -14.335  36.905 0.0000000000
63598  43.934  -13.540  37.049 0.0000000000
63592  44.949  -13.672  38.479 0.0000000000
66294  45.949  -10.808  38.290 0.0000000000
56666  33.042  -22.138  38.258 0.0000000000
55696  32.581  -22.906  40.615 0.0000000000
56623  33.144  -22.526  41.161 0.0000000000
56632  33.676  -22.201  40.757 0.0000000000
56631  34.279  -21.889  40.248 0.0000000000
130074  35.791  -20.367  42.214 0.0000000000
57542  35.845  -20.840  43.740 0.0000000000
58557  36.231  -20.149  43.411 0.0000000000
115635  36.718  -19.680  43.899 0.0000000000
58528  37.220  -19.338  45.209 0.0000000000
47067  32.795  -33.017  47.628 0.0000000000
48164  33.911  -31.911  47.495 0.0000000000
49978  34.462  -29.450  46.453 0.0000000000
50832  33.812  -28.696  45.574 0.0000000000
51626  33.695  -27.893  45.221 0.0000000000
121772  33.977  -27.163  45.541 0.0000000000
47001  35.316  -32.144  53.592 0.0000000000
48091  35.843  -31.727  53.035 0.0000000000
48106  36.431  -31.319  51.766 0.0000000000
48121  36.367  -31.072  50.980 0.0000000000
131522  38.306  -30.073  53.244 0.0000000000
120477  38.711  -29.219  53.202 0.0000000000
49013  38.057  -30.076  52.334 0.0000000000
49023  37.374  -30.154  51.250 0.0000000000
49038  36.883  -30.333  50.610 0.0000000000
49055  36.528  -30.017  49.734 0.0000000000
50794  35.648  -28.439  48.026 0.0000000000
129850  35.765  -27.813  48.426 0.0000000000
51604  34.895  -27.235  47.251 0.0000000000
52391  34.559  -26.858  46.586 0.0000000000
52398  34.278  -26.567  45.924 0.0000000000
53199  34.520  -26.049  46.422 0.0000000000
53985  34.805  -24.622  46.962 0.0000000000
116598  35.479  -25.159  47.899 0.0000000000
54774  34.946  -23.772  46.975 0.0000000000
55638  35.242  -23.029  46.866 0.0000000000
53167  37.957  -25.140  50.929 0.0000000000
53961  37.613  -24.472  50.467 0.0000000000
54751  37.080  -24.011  49.930 0.0000000000
54742  38.134  -23.540  50.804 0.0000000000
115029  37.632  -23.721  50.321 0.0000000000
54758  36.830  -23.615  49.390 0.0000000000
55628  36.181  -23.054  48.517 0.0000000000
55647  35.938  -22.445  47.079 0.0000000000
56560  36.584  -21.760  47.273 0.0000000000
57505  36.780  -20.924  46.578 0.0000000000
57494  37.879  -21.029  48.070 0.0000000000
57516  37.251  -20.198  46.557 0.0000000000
65551  48.860  -11.697  22.985 0.0000000000
64637  47.573  -12.790  24.955 0.0000000000
63728  49.321  -13.338  25.538 0.0000000000
63727  50.166  -13.174  25.060 0.0000000000
63719  51.024  -13.010  25.535 0.0000000000
64613  52.091  -12.547  26.497 0.0000000000
64598  51.735  -12.522  27.245 0.0000000000
40813  5.673  -39.762  66.162 0.0000000000
40820  7.455  -39.976  64.892 0.0000000000
40834  22.241  -40.806  61.587 0.0000000000
40850  10.577  -39.802  61.417 0.0000000000
40962  20.409  -39.445  54.820 0.0000000000
41745  9.531  -38.720  66.023 0.0000000000
41811  11.885  -38.825  60.485 0.0000000000
42627  10.512  -38.156  65.448 0.0000000000
42638  16.356  -37.452  63.375 0.0000000000
42654  17.178  -38.149  62.618 0.0000000000
42657  12.090  -37.984  62.661 0.0000000000
43436  12.128  -37.394  65.463 0.0000000000
43489  14.136  -37.024  61.828 0.0000000000
43501  15.039  -37.224  60.944 0.0000000000
44268  25.413  -36.657  58.236 0.0000000000
44291  32.158  -35.628  55.906 0.0000000000
44306  28.267  -35.636  55.575 0.0000000000
45090  24.489  -36.453  57.386 0.0000000000
45150  26.829  -35.452  54.706 0.0000000000
47025  34.465  -32.292  51.665 0.0000000000
49979  33.921  -29.428  45.892 0.0000000000
50844  33.466  -28.641  44.851 0.0000000000
51572  37.355  -27.755  50.717 0.0000000000
54757  37.265  -23.297  49.753 0.0000000000
54766  35.856  -23.756  48.273 0.0000000000
57504  37.521  -20.521  47.181 0.0000000000
58529  36.824  -19.972  45.476 0.0000000000
60344  42.127  -17.792  39.440 0.0000000000
114169  18.271  -40.280  61.141 0.0000000000
116722  9.429  -40.870  61.343 0.0000000000
119836  15.449  -36.925  62.132 0.0000000000
125258  23.389  -38.493  59.325 0.0000000000
129286  12.799  -37.839  61.405 0.0000000000
129481  32.888  -22.473  39.541 0.0000000000
129868  35.886  -31.564  51.338 0.0000000000
130849  10.844  -38.870  63.469 0.0000000000
131574  48.311  -8.854  36.915 0.0000000000
131802  5.946  -40.370  65.163 0.0000000000
132962  38.558  -14.194  31.653 0.0000000000
133327  25.544  -36.300  57.296 0.0000000000
133382  25.928  -33.671  51.906 0.0000000000
134233  14.858  -36.751  63.913 0.0000000000
134747  38.180  -25.629  51.170 0.0000000000
134915  11.152  -38.068  64.415 0.0000000000
