#!ascii label  , from subject bert vox2ras=TkReg
494
63280  23.725  -14.500  -19.022 0.0000000000
116301  30.139  -9.119  -20.896 0.0000000000
77284  27.178  2.476  -21.631 0.0000000000
120408  23.750  -2.037  -24.197 0.0000000000
59172  25.828  -19.922  -17.974 0.0000000000
60858  29.535  -17.697  -18.889 0.0000000000
65109  27.249  -12.393  -22.674 0.0000000000
69300  25.824  -7.751  -23.699 0.0000000000
72541  27.570  -3.256  -21.835 0.0000000000
75618  30.983  0.417  -19.644 0.0000000000
114580  27.687  7.390  -21.082 0.0000000000
135329  24.229  -17.135  -18.760 0.0000000000
59183  27.383  -19.181  -18.528 0.0000000000
61680  26.644  -16.982  -20.242 0.0000000000
68471  23.927  -8.614  -21.944 0.0000000000
70096  23.648  -6.405  -22.195 0.0000000000
115148  25.356  0.301  -23.998 0.0000000000
73300  26.163  -2.476  -23.537 0.0000000000
74825  26.798  -0.351  -22.011 0.0000000000
113075  28.954  -1.897  -20.508 0.0000000000
76494  28.507  1.830  -20.291 0.0000000000
82178  25.104  9.744  -20.506 0.0000000000
80837  24.963  7.676  -21.814 0.0000000000
82175  28.277  9.937  -20.597 0.0000000000
115501  28.954  -11.120  -21.918 0.0000000000
65084  30.296  -13.046  -21.138 0.0000000000
65980  31.336  -11.613  -20.380 0.0000000000
78003  24.775  3.419  -23.414 0.0000000000
121397  31.219  -7.152  -20.656 0.0000000000
65071  23.483  -12.052  -19.413 0.0000000000
64177  25.369  -13.885  -20.807 0.0000000000
65998  24.841  -11.406  -21.584 0.0000000000
66858  26.525  -10.448  -23.357 0.0000000000
68470  27.637  -8.349  -22.688 0.0000000000
71820  24.493  -4.559  -24.603 0.0000000000
70975  26.983  -5.466  -23.160 0.0000000000
70079  28.760  -6.678  -21.148 0.0000000000
71788  30.185  -4.345  -20.321 0.0000000000
79457  25.253  5.307  -22.808 0.0000000000
125397  27.397  5.070  -21.401 0.0000000000
82173  31.360  9.741  -20.630 0.0000000000
80154  30.697  6.909  -20.419 0.0000000000
78711  29.611  3.997  -19.968 0.0000000000
77274  32.217  2.965  -20.512 0.0000000000
62515  28.395  -15.676  -21.000 0.0000000000
64157  22.699  -13.670  -18.054 0.0000000000
62492  23.152  -15.102  -18.456 0.0000000000
61682  24.414  -16.180  -19.111 0.0000000000
123063  25.411  -17.009  -19.571 0.0000000000
62505  24.830  -15.453  -19.536 0.0000000000
75640  26.008  1.414  -23.021 0.0000000000
74839  26.426  -0.291  -22.748 0.0000000000
75631  26.873  1.078  -21.604 0.0000000000
74810  27.561  0.923  -20.902 0.0000000000
77283  27.926  2.389  -20.985 0.0000000000
82763  27.385  10.658  -20.474 0.0000000000
82176  27.212  9.879  -20.762 0.0000000000
82762  28.349  10.793  -20.458 0.0000000000
67672  29.711  -9.744  -21.241 0.0000000000
65982  29.933  -11.164  -21.470 0.0000000000
66828  30.626  -10.661  -20.888 0.0000000000
77302  24.182  2.336  -24.439 0.0000000000
78005  23.433  3.314  -23.741 0.0000000000
60040  24.229  -18.849  -17.637 0.0000000000
58257  24.459  -20.294  -17.364 0.0000000000
57223  26.330  -21.238  -17.338 0.0000000000
121806  26.767  -20.874  -17.755 0.0000000000
60859  28.610  -17.947  -18.921 0.0000000000
59168  29.312  -19.354  -17.690 0.0000000000
65086  24.530  -12.157  -20.930 0.0000000000
66830  23.732  -10.762  -20.568 0.0000000000
69288  25.309  -7.978  -23.295 0.0000000000
67698  25.347  -9.457  -22.944 0.0000000000
68494  25.830  -8.713  -23.471 0.0000000000
68483  27.166  -8.961  -23.422 0.0000000000
120154  27.073  -8.172  -23.412 0.0000000000
71805  23.519  -4.318  -23.082 0.0000000000
72575  24.155  -3.642  -24.409 0.0000000000
72548  26.957  -3.349  -22.563 0.0000000000
71810  26.386  -4.323  -23.794 0.0000000000
124461  27.185  -4.774  -22.640 0.0000000000
123979  27.868  -6.172  -22.278 0.0000000000
124678  28.195  -4.877  -21.576 0.0000000000
70958  28.915  -5.050  -21.005 0.0000000000
72533  29.079  -3.629  -20.859 0.0000000000
74808  29.589  -0.605  -19.713 0.0000000000
74064  30.129  -1.746  -19.976 0.0000000000
80836  26.199  7.102  -21.644 0.0000000000
80164  24.664  6.859  -22.227 0.0000000000
80162  26.623  6.401  -21.575 0.0000000000
79456  26.059  4.995  -22.520 0.0000000000
79449  27.050  5.702  -21.516 0.0000000000
79442  30.630  5.577  -20.213 0.0000000000
79441  31.683  5.659  -20.204 0.0000000000
77973  31.047  3.608  -19.646 0.0000000000
121402  26.477  -13.483  -21.882 0.0000000000
63301  26.746  -14.595  -21.578 0.0000000000
64186  27.702  -13.801  -22.109 0.0000000000
63276  31.092  -13.900  -20.019 0.0000000000
63277  30.294  -14.408  -20.276 0.0000000000
60848  23.507  -17.438  -17.754 0.0000000000
59186  24.758  -18.653  -18.104 0.0000000000
59184  26.529  -19.539  -18.388 0.0000000000
60072  25.747  -18.044  -18.912 0.0000000000
60869  27.007  -17.578  -19.643 0.0000000000
61679  27.492  -16.882  -20.099 0.0000000000
68472  23.399  -8.563  -21.016 0.0000000000
69278  24.094  -7.976  -22.374 0.0000000000
118787  24.437  -7.068  -23.223 0.0000000000
74866  24.285  -0.790  -24.961 0.0000000000
73313  25.077  -2.278  -24.516 0.0000000000
134081  25.850  -0.990  -24.066 0.0000000000
74108  26.599  -1.876  -22.840 0.0000000000
74092  27.191  -1.692  -21.963 0.0000000000
73275  28.466  -2.401  -20.871 0.0000000000
74824  27.819  -0.822  -20.975 0.0000000000
117047  28.866  0.030  -19.861 0.0000000000
76492  30.373  1.224  -19.546 0.0000000000
81540  24.045  8.715  -20.501 0.0000000000
81539  24.858  8.973  -20.870 0.0000000000
115888  26.889  9.070  -21.171 0.0000000000
80827  28.479  8.242  -20.841 0.0000000000
65996  27.944  -12.062  -22.520 0.0000000000
64185  28.675  -13.433  -21.904 0.0000000000
113243  29.385  -11.915  -21.937 0.0000000000
65083  30.810  -12.260  -20.731 0.0000000000
74854  23.466  -0.262  -23.797 0.0000000000
75658  24.202  0.745  -24.424 0.0000000000
76517  24.906  2.046  -24.248 0.0000000000
77289  26.004  2.658  -22.829 0.0000000000
58253  28.287  -20.333  -17.697 0.0000000000
69264  30.696  -7.774  -20.731 0.0000000000
67670  31.872  -9.538  -20.794 0.0000000000
112942  23.625  -13.578  -19.129 0.0000000000
63290  24.953  -14.592  -20.083 0.0000000000
64179  24.394  -12.677  -20.338 0.0000000000
65101  25.358  -12.348  -21.570 0.0000000000
65997  25.809  -11.672  -22.273 0.0000000000
122731  24.317  -10.024  -21.617 0.0000000000
66843  25.367  -10.878  -22.401 0.0000000000
121207  26.830  -11.142  -23.270 0.0000000000
66856  27.915  -10.299  -22.672 0.0000000000
67682  28.214  -9.679  -22.460 0.0000000000
68469  28.373  -8.897  -22.015 0.0000000000
70977  24.011  -5.909  -23.784 0.0000000000
70114  25.356  -6.217  -24.423 0.0000000000
72572  25.396  -3.834  -24.606 0.0000000000
70994  25.684  -5.286  -24.577 0.0000000000
70103  26.351  -6.824  -24.014 0.0000000000
70094  26.896  -6.847  -23.274 0.0000000000
69276  28.452  -7.438  -21.514 0.0000000000
69266  29.171  -7.443  -20.975 0.0000000000
70078  29.504  -6.720  -20.668 0.0000000000
70956  30.760  -5.840  -20.256 0.0000000000
73262  29.179  -2.831  -20.619 0.0000000000
78002  25.142  4.037  -22.976 0.0000000000
78725  25.921  4.122  -22.667 0.0000000000
77991  27.085  3.601  -21.737 0.0000000000
82174  30.304  9.542  -20.550 0.0000000000
81534  30.121  8.552  -20.558 0.0000000000
113128  30.914  8.183  -20.522 0.0000000000
80155  29.759  7.069  -20.481 0.0000000000
79444  28.675  5.581  -20.681 0.0000000000
120875  29.144  4.774  -20.487 0.0000000000
77983  28.278  3.188  -20.854 0.0000000000
77270  29.359  2.672  -19.777 0.0000000000
77269  30.192  2.735  -19.512 0.0000000000
76491  31.722  1.842  -20.031 0.0000000000
62517  26.251  -15.492  -20.738 0.0000000000
120461  26.877  -15.866  -20.893 0.0000000000
61677  29.293  -16.395  -19.671 0.0000000000
64176  29.129  -14.147  -21.389 0.0000000000
62502  29.526  -15.623  -19.910 0.0000000000
63266  23.138  -14.101  -18.495 0.0000000000
63267  22.612  -14.495  -17.938 0.0000000000
130766  23.576  -16.053  -18.573 0.0000000000
62506  24.009  -15.366  -19.052 0.0000000000
76512  26.324  1.987  -22.679 0.0000000000
75639  26.454  1.249  -22.444 0.0000000000
76505  26.767  1.897  -21.976 0.0000000000
76504  27.363  1.767  -21.320 0.0000000000
66829  30.036  -10.372  -21.214 0.0000000000
67671  30.463  -9.878  -20.813 0.0000000000
59173  24.880  -19.535  -17.782 0.0000000000
59174  24.178  -19.601  -17.376 0.0000000000
58256  25.223  -20.481  -17.603 0.0000000000
57224  25.522  -21.192  -17.333 0.0000000000
58255  26.070  -20.689  -17.679 0.0000000000
59171  26.675  -20.367  -18.110 0.0000000000
60055  29.243  -18.358  -18.486 0.0000000000
60054  29.822  -17.983  -18.212 0.0000000000
60857  30.195  -17.324  -18.606 0.0000000000
66831  23.374  -10.430  -20.179 0.0000000000
68493  26.472  -8.260  -23.609 0.0000000000
69299  26.123  -7.336  -23.908 0.0000000000
72561  23.674  -3.587  -23.661 0.0000000000
73315  24.070  -2.731  -24.493 0.0000000000
71803  27.331  -4.040  -22.230 0.0000000000
129045  27.650  -4.651  -22.031 0.0000000000
71797  27.925  -4.049  -21.606 0.0000000000
71796  28.673  -4.185  -21.191 0.0000000000
72540  28.368  -3.244  -21.175 0.0000000000
74807  30.543  -0.411  -19.612 0.0000000000
80835  26.871  7.059  -21.320 0.0000000000
80157  27.364  6.439  -21.176 0.0000000000
122970  32.416  6.110  -20.455 0.0000000000
119197  32.685  5.383  -20.472 0.0000000000
78709  32.081  4.745  -20.154 0.0000000000
65099  27.115  -13.235  -22.263 0.0000000000
64187  26.893  -14.048  -21.972 0.0000000000
64164  31.607  -13.339  -19.629 0.0000000000
122360  31.560  -14.069  -19.278 0.0000000000
61668  23.969  -16.802  -18.719 0.0000000000
61654  23.279  -16.699  -18.109 0.0000000000
60861  23.927  -17.238  -18.412 0.0000000000
60059  24.206  -17.974  -18.107 0.0000000000
60058  24.963  -18.075  -18.577 0.0000000000
60870  25.201  -17.475  -19.097 0.0000000000
61681  25.920  -16.764  -20.095 0.0000000000
134330  26.032  -17.420  -19.606 0.0000000000
119195  23.566  -7.071  -21.536 0.0000000000
69279  23.617  -7.864  -21.716 0.0000000000
69290  23.904  -7.216  -22.457 0.0000000000
70095  24.002  -6.489  -23.107 0.0000000000
75657  24.642  -0.140  -24.580 0.0000000000
74865  24.848  -0.865  -24.951 0.0000000000
74853  25.351  -0.582  -24.466 0.0000000000
113163  26.277  -1.029  -23.236 0.0000000000
74093  26.738  -1.023  -22.376 0.0000000000
130602  27.243  -0.889  -21.662 0.0000000000
134078  27.651  -1.483  -21.355 0.0000000000
75620  28.409  0.905  -20.184 0.0000000000
74809  28.056  0.018  -20.553 0.0000000000
135008  29.005  0.635  -19.604 0.0000000000
76493  29.230  1.296  -19.598 0.0000000000
82765  25.257  10.558  -20.141 0.0000000000
82179  24.345  9.449  -20.007 0.0000000000
81536  27.879  9.108  -20.938 0.0000000000
81537  27.498  8.371  -21.128 0.0000000000
65995  28.613  -11.756  -22.232 0.0000000000
65981  30.699  -11.463  -20.908 0.0000000000
65095  30.196  -12.119  -21.470 0.0000000000
65082  31.352  -12.274  -20.224 0.0000000000
123436  23.102  -0.761  -23.115 0.0000000000
116642  23.867  0.185  -24.271 0.0000000000
75659  23.775  1.060  -24.110 0.0000000000
77295  24.440  2.829  -24.123 0.0000000000
77290  25.245  2.732  -23.537 0.0000000000
76513  25.661  2.019  -23.333 0.0000000000
126308  27.231  -20.001  -18.312 0.0000000000
59170  27.959  -19.935  -18.196 0.0000000000
59161  29.032  -19.945  -17.340 0.0000000000
64156  23.316  -12.789  -18.936 0.0000000000
64165  23.900  -12.860  -19.672 0.0000000000
135309  24.047  -13.503  -19.658 0.0000000000
65983  24.080  -11.395  -20.752 0.0000000000
67683  23.823  -9.318  -21.379 0.0000000000
67699  24.492  -9.357  -22.209 0.0000000000
67697  26.155  -9.663  -23.475 0.0000000000
117660  25.722  -10.314  -23.076 0.0000000000
130605  26.152  -11.069  -23.004 0.0000000000
66857  27.258  -10.634  -23.203 0.0000000000
68482  27.768  -9.143  -22.758 0.0000000000
119490  28.168  -8.083  -21.883 0.0000000000
71811  23.924  -4.465  -24.006 0.0000000000
70989  23.696  -5.162  -23.479 0.0000000000
70988  24.199  -5.278  -24.257 0.0000000000
70115  24.574  -5.908  -24.328 0.0000000000
70995  24.975  -5.397  -24.616 0.0000000000
73301  25.624  -2.167  -24.130 0.0000000000
72573  24.950  -3.113  -24.628 0.0000000000
72560  25.603  -3.022  -24.133 0.0000000000
70976  26.717  -4.810  -23.303 0.0000000000
71818  25.910  -4.511  -24.496 0.0000000000
70987  26.389  -5.263  -24.063 0.0000000000
70113  26.040  -6.096  -24.438 0.0000000000
70986  26.691  -6.141  -23.756 0.0000000000
118415  27.316  -6.145  -22.929 0.0000000000
70966  28.407  -5.831  -21.550 0.0000000000
70086  28.114  -6.736  -21.824 0.0000000000
69265  29.881  -7.399  -20.648 0.0000000000
70957  29.789  -5.217  -20.444 0.0000000000
119512  30.686  -4.987  -20.228 0.0000000000
120791  31.723  -5.191  -20.282 0.0000000000
80838  24.031  7.569  -21.699 0.0000000000
80171  24.929  6.032  -22.617 0.0000000000
80172  24.107  6.168  -22.501 0.0000000000
79458  24.398  5.452  -22.839 0.0000000000
78727  24.726  4.719  -23.001 0.0000000000
125266  26.766  4.993  -21.873 0.0000000000
78721  26.563  4.217  -22.103 0.0000000000
77992  26.404  3.351  -22.335 0.0000000000
78720  27.284  4.368  -21.558 0.0000000000
135668  30.739  10.251  -20.555 0.0000000000
130904  29.548  9.121  -20.579 0.0000000000
80823  32.180  7.445  -20.537 0.0000000000
115309  31.763  8.266  -20.550 0.0000000000
80824  31.276  7.525  -20.477 0.0000000000
80825  30.359  7.689  -20.499 0.0000000000
128976  29.206  6.370  -20.555 0.0000000000
123336  30.144  6.288  -20.374 0.0000000000
115176  30.126  4.844  -20.111 0.0000000000
78712  28.657  3.955  -20.642 0.0000000000
77982  29.012  3.295  -20.205 0.0000000000
77981  31.625  3.343  -19.947 0.0000000000
77268  30.993  2.940  -19.556 0.0000000000
76482  30.905  2.066  -19.645 0.0000000000
77275  31.641  2.549  -19.964 0.0000000000
63289  25.806  -14.757  -20.739 0.0000000000
63287  27.932  -15.152  -21.452 0.0000000000
120433  26.994  -15.231  -21.315 0.0000000000
62516  27.602  -15.836  -21.070 0.0000000000
61689  27.974  -16.294  -20.599 0.0000000000
62503  28.777  -16.014  -20.308 0.0000000000
132044  29.522  -13.466  -21.462 0.0000000000
64175  29.912  -13.910  -20.976 0.0000000000
62491  30.889  -15.374  -19.105 0.0000000000
62501  30.245  -15.154  -19.696 0.0000000000
61676  30.225  -16.077  -19.353 0.0000000000
60871  24.682  -16.960  -19.134 0.0000000000
62504  25.276  -16.287  -19.695 0.0000000000
61692  25.894  -16.073  -20.253 0.0000000000
75649  25.441  1.233  -23.667 0.0000000000
75648  26.088  0.575  -23.121 0.0000000000
124791  26.604  0.393  -22.166 0.0000000000
120130  27.224  0.056  -21.358 0.0000000000
76503  27.924  1.589  -20.735 0.0000000000
82764  26.304  10.655  -20.421 0.0000000000
82177  26.134  9.856  -20.776 0.0000000000
133001  28.794  10.315  -20.480 0.0000000000
66841  29.388  -10.398  -21.663 0.0000000000
66827  31.348  -10.870  -20.511 0.0000000000
77296  23.831  2.938  -24.211 0.0000000000
78004  24.013  3.426  -23.817 0.0000000000
60041  23.662  -18.235  -17.358 0.0000000000
60031  23.113  -18.456  -16.694 0.0000000000
59162  23.685  -19.087  -16.962 0.0000000000
58248  23.817  -20.076  -16.853 0.0000000000
57214  26.649  -21.623  -16.827 0.0000000000
57222  27.081  -21.141  -17.356 0.0000000000
60056  27.976  -18.512  -18.699 0.0000000000
59182  28.336  -19.223  -18.389 0.0000000000
59181  29.014  -19.046  -18.206 0.0000000000
65087  23.989  -12.034  -20.159 0.0000000000
118954  23.514  -11.216  -19.973 0.0000000000
66844  24.210  -10.705  -21.185 0.0000000000
68484  24.815  -8.524  -22.747 0.0000000000
67696  26.877  -9.770  -23.488 0.0000000000
67710  26.533  -9.105  -23.615 0.0000000000
73289  26.649  -2.725  -22.901 0.0000000000
72549  26.373  -3.401  -23.435 0.0000000000
71804  26.751  -4.125  -22.917 0.0000000000
70967  27.683  -5.451  -22.309 0.0000000000
123668  29.155  -5.931  -20.776 0.0000000000
71789  29.376  -4.327  -20.697 0.0000000000
74075  29.538  -1.426  -20.058 0.0000000000
74797  30.257  -1.169  -19.752 0.0000000000
74063  30.772  -1.694  -19.869 0.0000000000
132121  25.731  7.669  -21.726 0.0000000000
125876  25.496  7.047  -22.000 0.0000000000
126704  25.364  6.446  -22.317 0.0000000000
79451  25.680  5.821  -22.456 0.0000000000
79450  26.352  5.709  -22.028 0.0000000000
79445  27.786  5.648  -21.049 0.0000000000
80153  31.712  6.664  -20.374 0.0000000000
134343  30.977  6.216  -20.325 0.0000000000
78710  31.128  4.869  -19.955 0.0000000000
78700  30.632  4.173  -19.758 0.0000000000
121697  32.341  3.857  -20.369 0.0000000000
63302  26.201  -14.147  -21.396 0.0000000000
63300  27.406  -14.567  -21.779 0.0000000000
63299  28.269  -14.356  -21.701 0.0000000000
64174  30.567  -13.673  -20.582 0.0000000000
63265  30.946  -14.617  -19.541 0.0000000000
131600  23.042  -17.679  -16.942 0.0000000000
59185  25.564  -18.909  -18.348 0.0000000000
60057  26.433  -18.643  -18.685 0.0000000000
60071  26.443  -17.969  -19.164 0.0000000000
60070  27.128  -18.254  -18.905 0.0000000000
60069  27.701  -17.880  -19.105 0.0000000000
60868  27.997  -17.314  -19.456 0.0000000000
60867  29.010  -17.212  -19.379 0.0000000000
69289  24.612  -7.676  -22.946 0.0000000000
69301  25.130  -7.324  -23.593 0.0000000000
74129  23.938  -1.295  -24.795 0.0000000000
131792  24.199  -1.984  -24.590 0.0000000000
74128  24.566  -1.510  -24.798 0.0000000000
74117  25.356  -1.407  -24.559 0.0000000000
74116  26.018  -1.660  -23.779 0.0000000000
74852  25.924  -0.329  -23.646 0.0000000000
73288  27.146  -2.528  -22.250 0.0000000000
73276  27.783  -2.331  -21.429 0.0000000000
74091  28.207  -1.650  -20.869 0.0000000000
74076  28.710  -0.912  -20.342 0.0000000000
75619  29.771  0.350  -19.447 0.0000000000
81547  25.409  8.346  -21.495 0.0000000000
81538  25.845  9.018  -21.083 0.0000000000
80828  26.546  8.016  -21.416 0.0000000000
65098  27.902  -12.942  -22.395 0.0000000000
65097  28.685  -12.488  -22.187 0.0000000000
65096  29.498  -12.747  -21.745 0.0000000000
65070  31.064  -13.024  -20.310 0.0000000000
74118  23.525  -1.104  -24.175 0.0000000000
74867  23.863  -0.635  -24.640 0.0000000000
121517  24.182  -0.212  -24.610 0.0000000000
123284  24.710  0.983  -24.231 0.0000000000
76523  23.947  1.725  -24.416 0.0000000000
76522  24.336  1.640  -24.438 0.0000000000
77285  26.614  2.567  -22.224 0.0000000000
58254  27.449  -20.646  -17.982 0.0000000000
59169  28.736  -19.749  -18.011 0.0000000000
68456  30.598  -8.598  -20.779 0.0000000000
120960  30.959  -9.317  -20.687 0.0000000000
128288  23.108  -13.370  -18.543 0.0000000000
63279  24.152  -14.092  -19.637 0.0000000000
119632  24.371  -14.803  -19.421 0.0000000000
64178  24.514  -13.508  -20.170 0.0000000000
65085  24.971  -12.963  -20.884 0.0000000000
65100  25.790  -13.242  -21.457 0.0000000000
124870  26.369  -12.599  -22.169 0.0000000000
67673  23.667  -10.027  -20.795 0.0000000000
131751  24.739  -10.629  -21.838 0.0000000000
66859  24.958  -10.133  -22.415 0.0000000000
66009  26.694  -11.763  -22.921 0.0000000000
66008  27.313  -11.572  -23.033 0.0000000000
66007  28.048  -11.116  -22.479 0.0000000000
67695  27.509  -9.754  -23.041 0.0000000000
66842  28.627  -10.352  -22.219 0.0000000000
67681  28.969  -9.676  -21.863 0.0000000000
68468  29.256  -9.003  -21.263 0.0000000000
70978  23.670  -5.765  -22.828 0.0000000000
131550  24.681  -6.586  -23.907 0.0000000000
70105  25.572  -6.978  -24.091 0.0000000000
128655  24.474  -3.172  -24.610 0.0000000000
72574  24.752  -3.834  -24.767 0.0000000000
71819  25.199  -4.579  -24.752 0.0000000000
123918  26.001  -3.817  -24.224 0.0000000000
132385  25.517  -5.767  -24.552 0.0000000000
70104  25.921  -6.696  -24.285 0.0000000000
69298  26.648  -7.539  -23.575 0.0000000000
69287  27.225  -7.556  -22.963 0.0000000000
70087  27.499  -6.823  -22.538 0.0000000000
69277  27.808  -7.499  -22.186 0.0000000000
68458  28.821  -8.192  -21.341 0.0000000000
68457  29.769  -8.228  -20.837 0.0000000000
70077  30.418  -6.792  -20.478 0.0000000000
120795  29.878  -6.096  -20.435 0.0000000000
70076  31.258  -6.546  -20.452 0.0000000000
73245  29.709  -2.167  -20.275 0.0000000000
72531  30.686  -3.614  -20.254 0.0000000000
78733  24.303  4.032  -23.210 0.0000000000
78726  25.471  4.657  -22.847 0.0000000000
77997  25.618  3.380  -22.959 0.0000000000
117492  26.948  3.001  -21.848 0.0000000000
82761  29.214  10.740  -20.419 0.0000000000
82760  30.026  10.412  -20.447 0.0000000000
112584  29.281  9.868  -20.508 0.0000000000
81535  28.786  9.123  -20.649 0.0000000000
135164  29.265  8.574  -20.626 0.0000000000
80826  29.453  7.895  -20.614 0.0000000000
81533  31.053  8.891  -20.549 0.0000000000
118265  28.792  7.238  -20.712 0.0000000000
80156  28.242  6.442  -20.846 0.0000000000
79443  29.656  5.571  -20.400 0.0000000000
78713  28.083  4.715  -20.957 0.0000000000
125214  27.835  3.786  -21.223 0.0000000000
77984  27.567  3.071  -21.430 0.0000000000
77276  28.681  2.588  -20.366 0.0000000000
124777  29.085  2.085  -19.894 0.0000000000
77974  30.359  3.466  -19.593 0.0000000000
76483  29.858  2.004  -19.597 0.0000000000
115467  31.415  1.209  -19.845 0.0000000000
76490  32.201  2.144  -20.564 0.0000000000
76502  32.208  1.246  -20.515 0.0000000000
75617  31.956  0.432  -20.104 0.0000000000
62518  25.549  -15.451  -20.149 0.0000000000
63288  26.367  -14.858  -21.191 0.0000000000
61690  27.175  -16.431  -20.655 0.0000000000
61678  28.381  -16.644  -19.823 0.0000000000
63286  28.741  -14.911  -21.208 0.0000000000
63285  29.503  -14.645  -20.834 0.0000000000
63278  29.723  -15.016  -20.261 0.0000000000
62514  29.104  -15.332  -20.634 0.0000000000
61667  29.896  -16.994  -19.246 0.0000000000
124828  31.237  -10.111  -20.598 0.0000000000
60860  24.492  -17.460  -18.704 0.0000000000
61691  26.443  -16.299  -20.528 0.0000000000
73302  23.812  -2.944  -24.128 0.0000000000
73314  24.553  -2.458  -24.578 0.0000000000
77303  23.699  2.409  -24.221 0.0000000000
77975  29.660  3.261  -19.689 0.0000000000
78699  31.495  4.103  -19.903 0.0000000000
80163  25.955  6.412  -22.022 0.0000000000
120483  28.668  -18.632  -18.535 0.0000000000
