#!ascii label  , from subject bert vox2ras=TkReg
769
67674  23.125  -9.697  -20.070 0.2500000000
67673  23.667  -10.027  -20.795 0.2500000000
66830  23.732  -10.762  -20.568 0.7500000000
119195  23.566  -7.071  -21.536 0.2500000000
69267  23.349  -7.725  -20.899 0.1250000000
69279  23.617  -7.864  -21.716 0.3750000000
68472  23.399  -8.563  -21.016 0.2500000000
67684  23.363  -9.298  -20.684 0.2500000000
122731  24.317  -10.024  -21.617 0.7500000000
66844  24.210  -10.705  -21.185 0.8750000000
65998  24.841  -11.406  -21.584 0.8750000000
68471  23.927  -8.614  -21.944 0.3750000000
67683  23.823  -9.318  -21.379 0.7500000000
117660  25.722  -10.314  -23.076 1.0000000000
66859  24.958  -10.133  -22.415 1.0000000000
67699  24.492  -9.357  -22.209 0.8750000000
66843  25.367  -10.878  -22.401 1.0000000000
65997  25.809  -11.672  -22.273 1.0000000000
69278  24.094  -7.976  -22.374 0.7500000000
68484  24.815  -8.524  -22.747 0.8750000000
67697  26.155  -9.663  -23.475 1.0000000000
67698  25.347  -9.457  -22.944 1.0000000000
121207  26.830  -11.142  -23.270 1.0000000000
130605  26.152  -11.069  -23.004 1.0000000000
124978  23.460  -7.011  -20.852 0.1250000000
69290  23.904  -7.216  -22.457 0.6250000000
69289  24.612  -7.676  -22.946 1.0000000000
69288  25.309  -7.978  -23.295 1.0000000000
67696  26.877  -9.770  -23.488 1.0000000000
68494  25.830  -8.713  -23.471 1.0000000000
66857  27.258  -10.634  -23.203 1.0000000000
66858  26.525  -10.448  -23.357 1.0000000000
66007  28.048  -11.116  -22.479 1.0000000000
72551  22.725  -2.876  -22.012 0.2500000000
70088  23.528  -6.304  -21.413 0.2500000000
70978  23.670  -5.765  -22.828 0.3750000000
70096  23.648  -6.405  -22.195 0.5000000000
70095  24.002  -6.489  -23.107 1.0000000000
118787  24.437  -7.068  -23.223 1.0000000000
69300  25.824  -7.751  -23.699 1.0000000000
69301  25.130  -7.324  -23.593 1.0000000000
68483  27.166  -8.961  -23.422 1.0000000000
67710  26.533  -9.105  -23.615 1.0000000000
69299  26.123  -7.336  -23.908 1.0000000000
66856  27.915  -10.299  -22.672 1.0000000000
68482  27.768  -9.143  -22.758 1.0000000000
67682  28.214  -9.679  -22.460 1.0000000000
72550  23.165  -3.373  -22.673 0.5000000000
71805  23.519  -4.318  -23.082 0.3750000000
116209  23.388  -4.950  -22.393 0.5000000000
70988  24.199  -5.278  -24.257 0.8750000000
70115  24.574  -5.908  -24.328 1.0000000000
71820  24.493  -4.559  -24.603 1.0000000000
70114  25.356  -6.217  -24.423 1.0000000000
69298  26.648  -7.539  -23.575 1.0000000000
69277  27.808  -7.499  -22.186 1.0000000000
68470  27.637  -8.349  -22.688 1.0000000000
68469  28.373  -8.897  -22.015 0.8750000000
73291  22.793  -2.157  -22.531 0.5000000000
72561  23.674  -3.587  -23.661 0.5000000000
72575  24.155  -3.642  -24.409 0.6250000000
71811  23.924  -4.465  -24.006 0.7500000000
70995  24.975  -5.397  -24.616 1.0000000000
118415  27.316  -6.145  -22.929 1.0000000000
70975  26.983  -5.466  -23.160 1.0000000000
70986  26.691  -6.141  -23.756 1.0000000000
70113  26.040  -6.096  -24.438 1.0000000000
70094  26.896  -6.847  -23.274 1.0000000000
70086  28.114  -6.736  -21.824 0.8750000000
70087  27.499  -6.823  -22.538 1.0000000000
119490  28.168  -8.083  -21.883 0.8750000000
73290  23.393  -2.639  -23.437 0.5000000000
73315  24.070  -2.731  -24.493 0.8750000000
72560  25.603  -3.022  -24.133 1.0000000000
72572  25.396  -3.834  -24.606 1.0000000000
71810  26.386  -4.323  -23.794 1.0000000000
70994  25.684  -5.286  -24.577 1.0000000000
72548  26.957  -3.349  -22.563 1.0000000000
70966  28.407  -5.831  -21.550 1.0000000000
123979  27.868  -6.172  -22.278 1.0000000000
124461  27.185  -4.774  -22.640 1.0000000000
70967  27.683  -5.451  -22.309 1.0000000000
115712  23.230  -1.648  -23.344 0.5000000000
120408  23.750  -2.037  -24.197 0.8750000000
131792  24.199  -1.984  -24.590 1.0000000000
134081  25.850  -0.990  -24.066 1.0000000000
73301  25.624  -2.167  -24.130 1.0000000000
73313  25.077  -2.278  -24.516 1.0000000000
74092  27.191  -1.692  -21.963 1.0000000000
74108  26.599  -1.876  -22.840 1.0000000000
73276  27.783  -2.331  -21.429 1.0000000000
73288  27.146  -2.528  -22.250 1.0000000000
71797  27.925  -4.049  -21.606 1.0000000000
72541  27.570  -3.256  -21.835 1.0000000000
124678  28.195  -4.877  -21.576 0.8750000000
78004  24.013  3.426  -23.817 1.0000000000
77297  23.322  2.849  -23.898 0.3750000000
77295  24.440  2.829  -24.123 0.8750000000
115148  25.356  0.301  -23.998 1.0000000000
74093  26.738  -1.023  -22.376 1.0000000000
113163  26.277  -1.029  -23.236 1.0000000000
78727  24.726  4.719  -23.001 0.8750000000
78002  25.142  4.037  -22.976 1.0000000000
78003  24.775  3.419  -23.414 1.0000000000
77290  25.245  2.732  -23.537 1.0000000000
75649  25.441  1.233  -23.667 1.0000000000
74825  26.798  -0.351  -22.011 1.0000000000
124791  26.604  0.393  -22.166 1.0000000000
79458  24.398  5.452  -22.839 0.7500000000
77997  25.618  3.380  -22.959 1.0000000000
77289  26.004  2.658  -22.829 1.0000000000
76505  26.767  1.897  -21.976 1.0000000000
76512  26.324  1.987  -22.679 1.0000000000
75639  26.454  1.249  -22.444 1.0000000000
78725  25.921  4.122  -22.667 1.0000000000
77992  26.404  3.351  -22.335 1.0000000000
77285  26.614  2.567  -22.224 1.0000000000
82765  25.257  10.558  -20.141 0.1250000000
82753  25.416  11.330  -19.732 0.1250000000
82764  26.304  10.655  -20.421 0.2500000000
82176  27.212  9.879  -20.762 0.3750000000
83365  26.397  11.432  -20.108 0.2500000000
82763  27.385  10.658  -20.474 0.2500000000
82762  28.349  10.793  -20.458 0.3750000000
83364  27.432  11.433  -20.325 0.2500000000
83967  27.492  12.248  -20.266 0.2500000000
83363  28.326  11.575  -20.404 0.2500000000
83965  29.494  12.494  -20.545 0.2500000000
83362  29.244  11.601  -20.432 0.3750000000
83361  30.314  11.825  -20.575 0.3750000000
124748  23.124  -8.270  -20.386 0.1250000000
66008  27.313  -11.572  -23.033 1.0000000000
128655  24.474  -3.172  -24.610 0.8750000000
73289  26.649  -2.725  -22.901 1.0000000000
66821  23.138  -10.436  -19.523 0.1250000000
65983  24.080  -11.395  -20.752 0.6250000000
65086  24.530  -12.157  -20.930 0.7500000000
65101  25.358  -12.348  -21.570 1.0000000000
68459  23.079  -8.912  -20.241 0.1250000000
65109  27.249  -12.393  -22.674 1.0000000000
65996  27.944  -12.062  -22.520 1.0000000000
70968  23.458  -5.653  -21.922 0.3750000000
134810  23.208  -4.178  -22.291 0.2500000000
67681  28.969  -9.676  -21.863 0.8750000000
69276  28.452  -7.438  -21.514 0.8750000000
70079  28.760  -6.678  -21.148 0.8750000000
77291  22.665  2.666  -22.720 0.1250000000
77298  22.871  2.489  -23.410 0.1250000000
123436  23.102  -0.761  -23.115 0.3750000000
74867  23.863  -0.635  -24.640 0.6250000000
78005  23.433  3.314  -23.741 0.5000000000
78733  24.303  4.032  -23.210 0.8750000000
77304  23.294  2.317  -23.833 0.3750000000
76523  23.947  1.725  -24.416 0.8750000000
130602  27.243  -0.889  -21.662 1.0000000000
120130  27.224  0.056  -21.358 1.0000000000
75631  26.873  1.078  -21.604 1.0000000000
79457  25.253  5.307  -22.808 0.8750000000
79456  26.059  4.995  -22.520 1.0000000000
77284  27.178  2.476  -21.631 1.0000000000
82754  24.597  11.061  -19.181 0.1250000000
82179  24.345  9.449  -20.007 0.1250000000
81538  25.845  9.018  -21.083 0.6250000000
82175  28.277  9.937  -20.597 0.5000000000
133001  28.794  10.315  -20.480 0.5000000000
83355  26.545  12.144  -19.814 0.2500000000
82761  29.214  10.740  -20.419 0.5000000000
113145  29.914  11.109  -20.402 0.5000000000
115621  27.537  13.292  -20.276 0.1250000000
120183  28.494  12.377  -20.442 0.2500000000
83964  30.368  12.816  -20.739 0.2500000000
84650  31.080  13.269  -21.270 0.2500000000
83966  28.776  13.204  -20.540 0.1250000000
66831  23.374  -10.430  -20.179 0.3750000000
131751  24.739  -10.629  -21.838 0.8750000000
66009  26.694  -11.763  -22.921 1.0000000000
67695  27.509  -9.754  -23.041 1.0000000000
70977  24.011  -5.909  -23.784 0.8750000000
131550  24.681  -6.586  -23.907 1.0000000000
70105  25.572  -6.978  -24.091 1.0000000000
68493  26.472  -8.260  -23.609 1.0000000000
120154  27.073  -8.172  -23.412 1.0000000000
70989  23.696  -5.162  -23.479 0.6250000000
71819  25.199  -4.579  -24.752 1.0000000000
70103  26.351  -6.824  -24.014 1.0000000000
70104  25.921  -6.696  -24.285 1.0000000000
132385  25.517  -5.767  -24.552 1.0000000000
69287  27.225  -7.556  -22.963 1.0000000000
68468  29.256  -9.003  -21.263 0.8750000000
72574  24.752  -3.834  -24.767 1.0000000000
71818  25.910  -4.511  -24.496 1.0000000000
70987  26.389  -5.263  -24.063 1.0000000000
70976  26.717  -4.810  -23.303 1.0000000000
73300  26.163  -2.476  -23.537 1.0000000000
72573  24.950  -3.113  -24.628 1.0000000000
72549  26.373  -3.401  -23.435 1.0000000000
123918  26.001  -3.817  -24.224 1.0000000000
71804  26.751  -4.125  -22.917 1.0000000000
71803  27.331  -4.040  -22.230 1.0000000000
129045  27.650  -4.651  -22.031 1.0000000000
74118  23.525  -1.104  -24.175 0.6250000000
74129  23.938  -1.295  -24.795 0.7500000000
74128  24.566  -1.510  -24.798 1.0000000000
74117  25.356  -1.407  -24.559 1.0000000000
74865  24.848  -0.865  -24.951 1.0000000000
74116  26.018  -1.660  -23.779 1.0000000000
74853  25.351  -0.582  -24.466 1.0000000000
74852  25.924  -0.329  -23.646 1.0000000000
77296  23.831  2.938  -24.211 0.7500000000
77302  24.182  2.336  -24.439 1.0000000000
75657  24.642  -0.140  -24.580 1.0000000000
75648  26.088  0.575  -23.121 1.0000000000
123284  24.710  0.983  -24.231 1.0000000000
74839  26.426  -0.291  -22.748 1.0000000000
76517  24.906  2.046  -24.248 1.0000000000
76513  25.661  2.019  -23.333 1.0000000000
75640  26.008  1.414  -23.021 1.0000000000
78726  25.471  4.657  -22.847 1.0000000000
82168  24.448  10.263  -19.600 0.1250000000
83356  25.698  11.975  -19.263 0.2500000000
82178  25.104  9.744  -20.506 0.3750000000
82177  26.134  9.856  -20.776 0.5000000000
129180  23.071  -10.839  -19.052 0.1250000000
118954  23.514  -11.216  -19.973 0.6250000000
76518  23.058  1.687  -23.385 0.5000000000
74854  23.466  -0.262  -23.797 0.6250000000
74866  24.285  -0.790  -24.961 0.8750000000
116642  23.867  0.185  -24.271 0.7500000000
121517  24.182  -0.212  -24.610 0.8750000000
76524  23.527  1.786  -23.996 0.7500000000
75659  23.775  1.060  -24.110 0.8750000000
75658  24.202  0.745  -24.424 1.0000000000
76522  24.336  1.640  -24.438 1.0000000000
125266  26.766  4.993  -21.873 1.0000000000
77991  27.085  3.601  -21.737 1.0000000000
115888  26.889  9.070  -21.171 0.7500000000
81536  27.879  9.108  -20.938 0.7500000000
83963  31.115  12.302  -20.872 0.2500000000
83360  31.178  11.434  -20.736 0.3750000000
62504  25.276  -16.287  -19.695 0.7500000000
61680  26.644  -16.982  -20.242 0.7500000000
61682  24.414  -16.180  -19.111 0.7500000000
62505  24.830  -15.453  -19.536 0.7500000000
61690  27.175  -16.431  -20.655 0.7500000000
61692  25.894  -16.073  -20.253 0.7500000000
62518  25.549  -15.451  -20.149 0.7500000000
63290  24.953  -14.592  -20.083 0.7500000000
120461  26.877  -15.866  -20.893 0.7500000000
62517  26.251  -15.492  -20.738 0.7500000000
64179  24.394  -12.677  -20.338 0.7500000000
63289  25.806  -14.757  -20.739 0.7500000000
64177  25.369  -13.885  -20.807 0.8750000000
62516  27.602  -15.836  -21.070 0.7500000000
120433  26.994  -15.231  -21.315 0.7500000000
63301  26.746  -14.595  -21.578 0.7500000000
63302  26.201  -14.147  -21.396 0.8750000000
65100  25.790  -13.242  -21.457 0.8750000000
63299  28.269  -14.356  -21.701 0.7500000000
63300  27.406  -14.567  -21.779 0.7500000000
64187  26.893  -14.048  -21.972 0.8750000000
124870  26.369  -12.599  -22.169 0.8750000000
64185  28.675  -13.433  -21.904 0.7500000000
64186  27.702  -13.801  -22.109 0.8750000000
65096  29.498  -12.747  -21.745 0.8750000000
65097  28.685  -12.488  -22.187 0.8750000000
65995  28.613  -11.756  -22.232 0.8750000000
65981  30.699  -11.463  -20.908 0.3750000000
65982  29.933  -11.164  -21.470 0.6250000000
115501  28.954  -11.120  -21.918 0.7500000000
66827  31.348  -10.870  -20.511 0.5000000000
66828  30.626  -10.661  -20.888 0.5000000000
66829  30.036  -10.372  -21.214 0.7500000000
67672  29.711  -9.744  -21.241 0.7500000000
116931  32.058  -10.273  -20.499 0.1250000000
124828  31.237  -10.111  -20.598 0.3750000000
67671  30.463  -9.878  -20.813 0.6250000000
67669  32.820  -9.703  -20.664 0.1250000000
67670  31.872  -9.538  -20.794 0.1250000000
68456  30.598  -8.598  -20.779 0.1250000000
68455  31.479  -8.602  -20.934 0.1250000000
69265  29.881  -7.399  -20.648 0.6250000000
116318  32.295  -8.211  -21.229 0.1250000000
69262  32.568  -7.516  -21.473 0.1250000000
70077  30.418  -6.792  -20.478 0.1250000000
70078  29.504  -6.720  -20.668 0.5000000000
123668  29.155  -5.931  -20.776 0.7500000000
68453  33.420  -8.980  -21.088 0.1250000000
120795  29.878  -6.096  -20.435 0.5000000000
70957  29.789  -5.217  -20.444 0.5000000000
70958  28.915  -5.050  -21.005 0.6250000000
80164  24.664  6.859  -22.227 0.5000000000
80171  24.929  6.032  -22.617 0.7500000000
71789  29.376  -4.327  -20.697 0.6250000000
72540  28.368  -3.244  -21.175 0.6250000000
72532  29.723  -3.600  -20.465 0.5000000000
72533  29.079  -3.629  -20.859 0.6250000000
73262  29.179  -2.831  -20.619 0.6250000000
73275  28.466  -2.401  -20.871 0.7500000000
74810  27.561  0.923  -20.902 0.8750000000
76504  27.363  1.767  -21.320 0.8750000000
74091  28.207  -1.650  -20.869 0.7500000000
74809  28.056  0.018  -20.553 0.8750000000
76503  27.924  1.589  -20.735 0.8750000000
77283  27.926  2.389  -20.985 0.8750000000
73261  30.108  -2.886  -20.283 0.3750000000
113075  28.954  -1.897  -20.508 0.5000000000
74076  28.710  -0.912  -20.342 0.6250000000
73244  30.480  -2.267  -20.070 0.2500000000
73245  29.709  -2.167  -20.275 0.3750000000
80837  24.963  7.676  -21.814 0.6250000000
125876  25.496  7.047  -22.000 0.7500000000
79451  25.680  5.821  -22.456 0.8750000000
126704  25.364  6.446  -22.317 0.7500000000
79450  26.352  5.709  -22.028 0.8750000000
117492  26.948  3.001  -21.848 0.8750000000
125214  27.835  3.786  -21.223 0.7500000000
74075  29.538  -1.426  -20.058 0.3750000000
74808  29.589  -0.605  -19.713 0.5000000000
76494  28.507  1.830  -20.291 0.7500000000
74064  30.129  -1.746  -19.976 0.2500000000
80162  26.623  6.401  -21.575 0.8750000000
79449  27.050  5.702  -21.516 0.8750000000
125397  27.397  5.070  -21.401 0.8750000000
77982  29.012  3.295  -20.205 0.7500000000
75620  28.409  0.905  -20.184 0.5000000000
74807  30.543  -0.411  -19.612 0.2500000000
75619  29.771  0.350  -19.447 0.5000000000
74063  30.772  -1.694  -19.869 0.2500000000
81547  25.409  8.346  -21.495 0.5000000000
80828  26.546  8.016  -21.416 0.6250000000
80835  26.871  7.059  -21.320 0.7500000000
80157  27.364  6.439  -21.176 0.7500000000
114580  27.687  7.390  -21.082 0.7500000000
80156  28.242  6.442  -20.846 0.7500000000
79444  28.675  5.581  -20.681 0.7500000000
79445  27.786  5.648  -21.049 0.7500000000
118265  28.792  7.238  -20.712 0.7500000000
120875  29.144  4.774  -20.487 0.7500000000
77269  30.192  2.735  -19.512 0.5000000000
77974  30.359  3.466  -19.593 0.3750000000
78711  29.611  3.997  -19.968 0.6250000000
75618  30.983  0.417  -19.644 0.2500000000
76483  29.858  2.004  -19.597 0.3750000000
81537  27.498  8.371  -21.128 0.6250000000
80826  29.453  7.895  -20.614 0.7500000000
80155  29.759  7.069  -20.481 0.7500000000
123336  30.144  6.288  -20.374 0.7500000000
79442  30.630  5.577  -20.213 0.6250000000
77973  31.047  3.608  -19.646 0.3750000000
78710  31.128  4.869  -19.955 0.3750000000
115467  31.415  1.209  -19.845 0.1250000000
77275  31.641  2.549  -19.964 0.1250000000
77268  30.993  2.940  -19.556 0.2500000000
80827  28.479  8.242  -20.841 0.6250000000
135164  29.265  8.574  -20.626 0.7500000000
79441  31.683  5.659  -20.204 0.3750000000
134343  30.977  6.216  -20.325 0.3750000000
79443  29.656  5.571  -20.400 0.7500000000
121697  32.341  3.857  -20.369 0.2500000000
78709  32.081  4.745  -20.154 0.3750000000
115176  30.126  4.844  -20.111 0.6250000000
77282  32.686  2.558  -21.131 0.1250000000
77274  32.217  2.965  -20.512 0.1250000000
76502  32.208  1.246  -20.515 0.1250000000
81535  28.786  9.123  -20.649 0.6250000000
81534  30.121  8.552  -20.558 0.3750000000
80824  31.276  7.525  -20.477 0.3750000000
133446  33.133  6.750  -20.942 0.2500000000
80154  30.697  6.909  -20.419 0.3750000000
78719  33.578  4.416  -21.546 0.1250000000
76500  32.887  2.111  -21.945 0.1250000000
77980  33.008  3.982  -20.789 0.1250000000
135668  30.739  10.251  -20.555 0.3750000000
112584  29.281  9.868  -20.508 0.3750000000
130904  29.548  9.121  -20.579 0.3750000000
81533  31.053  8.891  -20.549 0.3750000000
80822  32.979  8.205  -21.009 0.3750000000
115309  31.763  8.266  -20.550 0.3750000000
113128  30.914  8.183  -20.522 0.3750000000
131182  33.519  7.377  -21.589 0.3750000000
80152  32.656  6.748  -20.654 0.3750000000
80823  32.180  7.445  -20.537 0.3750000000
78732  33.572  4.578  -23.161 0.1250000000
79440  33.470  5.119  -20.990 0.1250000000
79448  33.703  5.926  -21.613 0.2500000000
77996  33.526  3.678  -22.138 0.1250000000
135215  32.234  10.508  -21.194 0.2500000000
82768  32.605  10.024  -21.270 0.2500000000
82172  32.210  9.537  -20.793 0.3750000000
82173  31.360  9.741  -20.630 0.3750000000
131113  33.496  8.960  -22.743 0.1250000000
82183  32.782  9.317  -21.106 0.3750000000
113072  31.807  9.048  -20.600 0.3750000000
80844  33.697  7.793  -22.099 0.1250000000
80834  33.409  8.054  -21.479 0.2500000000
79464  33.067  5.995  -24.049 0.1250000000
80170  33.772  6.883  -22.052 0.1250000000
82759  31.313  10.613  -20.694 0.3750000000
114754  32.444  10.725  -21.620 0.2500000000
82197  33.303  9.507  -23.203 0.1250000000
82776  33.061  10.243  -22.844 0.1250000000
81569  33.383  8.722  -23.467 0.1250000000
82204  33.110  9.297  -24.051 0.1250000000
80867  32.636  7.649  -25.168 0.1250000000
82794  32.490  10.626  -24.453 0.1250000000
81590  32.557  8.653  -25.255 0.1250000000
82205  32.716  9.822  -24.587 0.1250000000
134702  32.434  6.971  -25.304 0.1250000000
80187  32.263  6.399  -25.431 0.1250000000
65099  27.115  -13.235  -22.263 0.8750000000
113243  29.385  -11.915  -21.937 0.6250000000
74824  27.819  -0.822  -20.975 0.8750000000
117047  28.866  0.030  -19.861 0.5000000000
74797  30.257  -1.169  -19.752 0.3750000000
132121  25.731  7.669  -21.726 0.6250000000
80836  26.199  7.102  -21.644 0.8750000000
78712  28.657  3.955  -20.642 0.7500000000
76493  29.230  1.296  -19.598 0.5000000000
124777  29.085  2.085  -19.894 0.7500000000
76492  30.373  1.224  -19.546 0.5000000000
79462  33.437  6.078  -23.167 0.1250000000
82189  33.365  9.541  -22.382 0.2500000000
81582  32.837  9.138  -24.741 0.1250000000
68457  29.769  -8.228  -20.837 0.6250000000
68458  28.821  -8.192  -21.341 0.7500000000
119512  30.686  -4.987  -20.228 0.3750000000
71788  30.185  -4.345  -20.321 0.3750000000
72531  30.686  -3.614  -20.254 0.2500000000
80848  33.654  7.406  -22.784 0.1250000000
73260  31.231  -2.865  -20.213 0.1250000000
60870  25.201  -17.475  -19.097 0.7500000000
60871  24.682  -16.960  -19.134 0.7500000000
62506  24.009  -15.366  -19.052 0.7500000000
60869  27.007  -17.578  -19.643 0.7500000000
61681  25.920  -16.764  -20.095 0.7500000000
61679  27.492  -16.882  -20.099 0.7500000000
135309  24.047  -13.503  -19.658 0.6250000000
61689  27.974  -16.294  -20.599 0.6250000000
62515  28.395  -15.676  -21.000 0.7500000000
63286  28.741  -14.911  -21.208 0.6250000000
64176  29.129  -14.147  -21.389 0.6250000000
65083  30.810  -12.260  -20.731 0.3750000000
65095  30.196  -12.119  -21.470 0.5000000000
65980  31.336  -11.613  -20.380 0.1250000000
132654  32.638  -10.364  -20.254 0.1250000000
66826  33.223  -10.108  -20.121 0.1250000000
68467  33.169  -8.201  -21.499 0.1250000000
80172  24.107  6.168  -22.501 0.3750000000
70085  32.843  -6.650  -22.034 0.1250000000
70075  32.060  -6.834  -20.999 0.1250000000
120791  31.723  -5.191  -20.282 0.1250000000
80838  24.031  7.569  -21.699 0.5000000000
74062  31.539  -1.704  -20.130 0.1250000000
74806  31.569  -0.341  -19.913 0.1250000000
75617  31.956  0.432  -20.104 0.1250000000
81539  24.858  8.973  -20.870 0.3750000000
76501  32.595  1.691  -21.201 0.1250000000
114515  32.904  2.145  -22.734 0.1250000000
76510  32.831  1.220  -22.705 0.1250000000
78739  33.212  4.603  -23.854 0.1250000000
78740  32.755  4.142  -24.511 0.1250000000
83368  32.043  11.549  -21.839 0.2500000000
83379  32.297  11.670  -22.791 0.1250000000
83385  32.247  11.876  -23.618 0.1250000000
82210  32.409  9.488  -25.239 0.1250000000
82801  32.277  10.285  -25.179 0.1250000000
81597  31.979  8.145  -25.873 0.1250000000
79473  32.039  5.574  -25.617 0.1250000000
80875  31.944  7.129  -25.874 0.1250000000
66842  28.627  -10.352  -22.219 0.7500000000
71796  28.673  -4.185  -21.191 0.7500000000
78728  23.772  4.727  -22.947 0.3750000000
65085  24.971  -12.963  -20.884 0.7500000000
66841  29.388  -10.398  -21.663 0.7500000000
69266  29.171  -7.443  -20.975 0.6250000000
134078  27.651  -1.483  -21.355 0.8750000000
78721  26.563  4.217  -22.103 0.8750000000
78720  27.284  4.368  -21.558 0.8750000000
77984  27.567  3.071  -21.430 0.8750000000
82760  30.026  10.412  -20.447 0.3750000000
115866  30.620  10.959  -20.506 0.3750000000
83975  31.534  12.397  -21.569 0.1250000000
83369  31.548  11.739  -21.197 0.2500000000
123063  25.411  -17.009  -19.571 0.7500000000
63280  23.725  -14.500  -19.022 0.7500000000
119632  24.371  -14.803  -19.421 0.7500000000
63288  26.367  -14.858  -21.191 0.7500000000
64178  24.514  -13.508  -20.170 0.7500000000
64165  23.900  -12.860  -19.672 0.6250000000
63287  27.932  -15.152  -21.452 0.7500000000
121402  26.477  -13.483  -21.882 0.8750000000
65098  27.902  -12.942  -22.395 0.8750000000
132044  29.522  -13.466  -21.462 0.6250000000
120960  30.959  -9.317  -20.687 0.3750000000
116301  30.139  -9.119  -20.896 0.6250000000
68454  32.544  -8.930  -21.125 0.1250000000
69264  30.696  -7.774  -20.731 0.5000000000
69263  31.702  -7.704  -21.017 0.1250000000
121397  31.219  -7.152  -20.656 0.1250000000
70076  31.258  -6.546  -20.452 0.1250000000
70956  30.760  -5.840  -20.256 0.1250000000
77276  28.681  2.588  -20.366 0.7500000000
77983  28.278  3.188  -20.854 0.7500000000
78713  28.083  4.715  -20.957 0.7500000000
77270  29.359  2.672  -19.777 0.6250000000
135008  29.005  0.635  -19.604 0.5000000000
74796  31.116  -1.066  -19.839 0.1250000000
128976  29.206  6.370  -20.555 0.7500000000
78700  30.632  4.173  -19.758 0.3750000000
76482  30.905  2.066  -19.645 0.3750000000
80825  30.359  7.689  -20.499 0.3750000000
77981  31.625  3.343  -19.947 0.3750000000
76491  31.722  1.842  -20.031 0.1250000000
76490  32.201  2.144  -20.564 0.1250000000
122970  32.416  6.110  -20.455 0.3750000000
80153  31.712  6.664  -20.374 0.3750000000
78708  32.907  4.575  -20.597 0.2500000000
77281  33.112  3.066  -21.632 0.1250000000
77288  33.112  2.844  -22.412 0.1250000000
77990  32.836  3.357  -20.923 0.1250000000
82174  30.304  9.542  -20.550 0.3750000000
119197  32.685  5.383  -20.472 0.2500000000
78724  33.721  4.492  -22.353 0.1250000000
123071  33.695  5.064  -21.774 0.1250000000
81557  33.611  8.728  -22.014 0.3750000000
80151  33.046  7.422  -20.979 0.3750000000
122239  33.581  3.972  -22.857 0.1250000000
79455  33.687  5.380  -22.590 0.1250000000
124938  33.374  5.298  -23.562 0.1250000000
125316  32.917  5.137  -24.336 0.1250000000
80176  33.623  6.693  -22.786 0.1250000000
78001  33.208  3.337  -22.968 0.1250000000
124506  33.214  3.846  -23.609 0.1250000000
82758  31.845  10.987  -21.118 0.2500000000
82767  33.004  10.202  -21.995 0.2500000000
116564  33.627  8.258  -22.761 0.1250000000
80858  33.062  7.506  -24.304 0.1250000000
80179  33.311  6.896  -23.626 0.1250000000
80180  32.776  6.740  -24.684 0.1250000000
82777  32.614  10.928  -22.396 0.1250000000
82786  32.543  10.975  -23.461 0.1250000000
82785  32.916  10.091  -23.767 0.1250000000
81581  33.084  8.409  -24.411 0.1250000000
79465  32.591  5.801  -24.869 0.1250000000
113980  33.423  7.868  -23.567 0.1250000000
83391  32.202  11.469  -24.403 0.1250000000
134330  26.032  -17.420  -19.606 0.7500000000
60071  26.443  -17.969  -19.164 0.7500000000
61668  23.969  -16.802  -18.719 0.7500000000
135329  24.229  -17.135  -18.760 0.7500000000
112942  23.625  -13.578  -19.129 0.5000000000
63279  24.152  -14.092  -19.637 0.6250000000
65084  30.296  -13.046  -21.138 0.5000000000
70954  32.602  -5.982  -21.670 0.1250000000
70955  31.872  -6.018  -20.543 0.1250000000
62492  23.152  -15.102  -18.456 0.5000000000
60057  26.433  -18.643  -18.685 0.6250000000
60859  28.610  -17.947  -18.921 0.3750000000
60069  27.701  -17.880  -19.105 0.6250000000
60858  29.535  -17.697  -18.889 0.2500000000
60867  29.010  -17.212  -19.379 0.3750000000
81548  24.445  8.307  -21.334 0.2500000000
60072  25.747  -18.044  -18.912 0.6250000000
61677  29.293  -16.395  -19.671 0.5000000000
62514  29.104  -15.332  -20.634 0.5000000000
63278  29.723  -15.016  -20.261 0.3750000000
59181  29.014  -19.046  -18.206 0.5000000000
60056  27.976  -18.512  -18.699 0.6250000000
64175  29.912  -13.910  -20.976 0.5000000000
59172  25.828  -19.922  -17.974 0.6250000000
61654  23.279  -16.699  -18.109 0.3750000000
59185  25.564  -18.909  -18.348 0.6250000000
60058  24.963  -18.075  -18.577 0.6250000000
60861  23.927  -17.238  -18.412 0.6250000000
59169  28.736  -19.749  -18.011 0.3750000000
59170  27.959  -19.935  -18.196 0.5000000000
59184  26.529  -19.539  -18.388 0.6250000000
63267  22.612  -14.495  -17.938 0.2500000000
60030  29.778  -18.918  -17.400 0.3750000000
61667  29.896  -16.994  -19.246 0.2500000000
60054  29.822  -17.983  -18.212 0.2500000000
65087  23.989  -12.034  -20.159 0.3750000000
62502  29.526  -15.623  -19.910 0.3750000000
62501  30.245  -15.154  -19.696 0.2500000000
64174  30.567  -13.673  -20.582 0.2500000000
71798  23.138  -4.411  -21.775 0.1250000000
130041  22.776  -1.259  -22.584 0.2500000000
65082  31.352  -12.274  -20.224 0.2500000000
75660  23.397  1.227  -23.639 0.3750000000
78734  23.610  3.854  -23.276 0.2500000000
72542  22.885  -3.666  -21.882 0.1250000000
129952  23.307  -5.036  -21.694 0.2500000000
65071  23.483  -12.052  -19.413 0.2500000000
62503  28.777  -16.014  -20.308 0.5000000000
130766  23.576  -16.053  -18.573 0.5000000000
60070  27.128  -18.254  -18.905 0.6250000000
60868  27.997  -17.314  -19.456 0.5000000000
61678  28.381  -16.644  -19.823 0.5000000000
65070  31.064  -13.024  -20.310 0.2500000000
63266  23.138  -14.101  -18.495 0.3750000000
128288  23.108  -13.370  -18.543 0.3750000000
63285  29.503  -14.645  -20.834 0.2500000000
59183  27.383  -19.181  -18.528 0.6250000000
60055  29.243  -18.358  -18.486 0.2500000000
60857  30.195  -17.324  -18.606 0.2500000000
59182  28.336  -19.223  -18.389 0.5000000000
59168  29.312  -19.354  -17.690 0.3750000000
61669  22.839  -15.879  -18.066 0.3750000000
59186  24.758  -18.653  -18.104 0.6250000000
58253  28.287  -20.333  -17.697 0.3750000000
126308  27.231  -20.001  -18.312 0.5000000000
61676  30.225  -16.077  -19.353 0.2500000000
63277  30.294  -14.408  -20.276 0.2500000000
71790  23.228  -4.646  -21.518 0.1250000000
59174  24.178  -19.601  -17.376 0.5000000000
58254  27.449  -20.646  -17.982 0.2500000000
121806  26.767  -20.874  -17.755 0.3750000000
59171  26.675  -20.367  -18.110 0.5000000000
59173  24.880  -19.535  -17.782 0.5000000000
58248  23.817  -20.076  -16.853 0.3750000000
60041  23.662  -18.235  -17.358 0.5000000000
60040  24.229  -18.849  -17.637 0.5000000000
60848  23.507  -17.438  -17.754 0.3750000000
60059  24.206  -17.974  -18.107 0.5000000000
59150  22.201  -19.665  -15.024 0.1250000000
127833  23.254  -19.473  -16.385 0.3750000000
60849  22.831  -16.976  -17.306 0.2500000000
135484  22.951  -22.095  -14.773 0.1250000000
127434  23.350  -20.911  -15.771 0.2500000000
57216  24.325  -21.401  -16.705 0.3750000000
57222  27.081  -21.141  -17.356 0.2500000000
57215  25.865  -21.726  -16.899 0.3750000000
57224  25.522  -21.192  -17.333 0.5000000000
58219  22.224  -20.759  -14.501 0.1250000000
58239  23.335  -20.196  -16.026 0.3750000000
57225  24.748  -21.033  -17.233 0.3750000000
60018  22.081  -18.752  -15.413 0.1250000000
60832  21.832  -17.288  -16.173 0.1250000000
71787  31.302  -4.368  -20.201 0.1250000000
61655  22.558  -16.293  -17.506 0.2500000000
122510  22.397  -15.637  -17.560 0.2500000000
58245  28.581  -20.498  -16.805 0.2500000000
58257  24.459  -20.294  -17.364 0.5000000000
58256  25.223  -20.481  -17.603 0.5000000000
59162  23.685  -19.087  -16.962 0.5000000000
58255  26.070  -20.689  -17.679 0.3750000000
57223  26.330  -21.238  -17.338 0.3750000000
132706  23.175  -18.992  -16.586 0.2500000000
60031  23.113  -18.456  -16.694 0.1250000000
131600  23.042  -17.679  -16.942 0.1250000000
58240  22.685  -20.397  -15.306 0.1250000000
58220  21.915  -19.978  -14.401 0.1250000000
59149  22.691  -19.567  -15.719 0.2500000000
59130  21.853  -19.154  -14.666 0.1250000000
60843  22.395  -17.312  -16.675 0.1250000000
57192  22.430  -21.610  -14.369 0.1250000000
57210  22.956  -21.408  -15.191 0.1250000000
57214  26.649  -21.623  -16.827 0.2500000000
59163  22.678  -18.899  -16.213 0.1250000000
130815  22.302  -18.038  -16.237 0.1250000000
57209  23.757  -21.711  -16.010 0.2500000000
56249  25.450  -22.329  -16.344 0.2500000000
64156  23.316  -12.789  -18.936 0.2500000000
56245  23.489  -22.264  -15.299 0.1250000000
117407  25.048  -21.692  -16.891 0.2500000000
56250  24.545  -22.121  -16.374 0.2500000000
56243  24.785  -22.650  -15.955 0.1250000000
114105  22.871  -12.934  -18.343 0.1250000000
79459  23.518  5.524  -22.533 0.1250000000
79460  23.065  4.964  -22.484 0.1250000000
80173  23.326  6.116  -22.143 0.1250000000
80166  22.881  6.488  -21.602 0.1250000000
80829  23.512  8.097  -21.023 0.1250000000
80165  23.667  6.793  -21.991 0.1250000000
80831  22.547  7.135  -20.191 0.1250000000
80840  22.592  6.906  -20.954 0.1250000000
81540  24.045  8.715  -20.501 0.1250000000
126135  22.776  4.739  -22.169 0.1250000000
80830  22.832  7.709  -20.634 0.1250000000
81541  23.307  8.375  -20.163 0.1250000000
81525  23.445  8.504  -19.273 0.1250000000
78735  23.095  3.631  -23.252 0.1250000000
78729  23.115  4.237  -22.700 0.1250000000
62493  22.580  -15.218  -17.883 0.1250000000
64157  22.699  -13.670  -18.054 0.1250000000
75651  23.126  0.936  -23.189 0.1250000000
77998  22.837  3.562  -22.746 0.1250000000
78722  22.648  4.765  -21.760 0.1250000000
79446  22.540  5.464  -21.288 0.1250000000
79437  21.981  5.510  -19.215 0.1250000000
80809  23.231  7.979  -19.214 0.1250000000
81520  23.550  8.781  -18.545 0.1250000000
81524  23.830  8.996  -19.523 0.1250000000
78006  22.884  3.161  -23.419 0.1250000000
65968  23.201  -11.379  -19.177 0.1250000000
80839  23.108  7.353  -21.390 0.1250000000
74840  22.873  0.143  -22.756 0.1250000000
65061  22.885  -12.554  -18.375 0.1250000000
79452  22.717  5.510  -21.883 0.1250000000
80167  22.539  6.130  -21.211 0.1250000000
80146  22.430  6.863  -19.990 0.1250000000
80815  22.864  7.867  -19.835 0.1250000000
79436  22.253  5.268  -18.949 0.1250000000
59161  29.032  -19.945  -17.340 0.1250000000
60029  30.295  -18.739  -16.788 0.1250000000
60038  30.069  -18.298  -17.522 0.1250000000
129308  30.456  -16.716  -18.890 0.1250000000
61666  30.851  -16.077  -18.656 0.1250000000
63256  31.866  -14.895  -18.095 0.1250000000
62490  31.355  -15.439  -18.418 0.1250000000
62491  30.889  -15.374  -19.105 0.1250000000
63263  31.973  -14.181  -18.494 0.1250000000
63276  31.092  -13.900  -20.019 0.1250000000
64155  32.040  -13.465  -18.946 0.1250000000
64164  31.607  -13.339  -19.629 0.1250000000
57208  26.963  -22.078  -16.261 0.1250000000
56248  26.257  -22.094  -16.446 0.1250000000
57213  27.370  -21.429  -16.653 0.1250000000
57212  28.079  -21.077  -16.281 0.1250000000
59159  30.202  -19.417  -16.215 0.1250000000
60841  31.312  -17.511  -16.569 0.1250000000
61652  31.187  -16.450  -17.389 0.1250000000
61665  31.220  -15.974  -17.869 0.1250000000
130648  31.658  -15.447  -17.758 0.1250000000
63255  32.448  -14.385  -17.613 0.1250000000
65069  31.691  -12.598  -19.784 0.1250000000
65059  32.060  -12.884  -19.322 0.1250000000
64154  32.458  -13.560  -18.184 0.1250000000
59160  29.690  -19.427  -16.984 0.1250000000
60847  30.359  -17.528  -17.735 0.1250000000
63265  30.946  -14.617  -19.541 0.1250000000
58246  27.801  -20.861  -17.204 0.1250000000
58238  28.882  -20.757  -15.832 0.1250000000
58244  29.449  -20.042  -16.284 0.1250000000
60842  30.588  -17.860  -16.969 0.1250000000
61653  30.699  -16.709  -18.007 0.1250000000
60846  30.854  -17.069  -17.189 0.1250000000
63264  31.452  -14.769  -18.833 0.1250000000
122360  31.560  -14.069  -19.278 0.1250000000
56241  27.295  -22.465  -15.541 0.1250000000
57206  28.474  -21.491  -15.498 0.1250000000
60028  30.955  -18.247  -16.257 0.1250000000
65058  32.460  -12.712  -18.666 0.1250000000
57217  23.782  -20.878  -16.429 0.3750000000
58247  24.196  -20.780  -16.986 0.3750000000
60039  29.552  -18.683  -17.945 0.3750000000
60860  24.492  -17.460  -18.704 0.7500000000
61691  26.443  -16.299  -20.528 0.7500000000
73302  23.812  -2.944  -24.128 0.8750000000
73314  24.553  -2.458  -24.578 0.8750000000
75650  23.426  0.539  -23.626 0.3750000000
77303  23.699  2.409  -24.221 0.7500000000
77975  29.660  3.261  -19.689 0.3750000000
77989  33.313  3.806  -21.298 0.1250000000
78699  31.495  4.103  -19.903 0.3750000000
78707  33.339  4.383  -20.979 0.1250000000
79428  21.887  5.674  -18.661 0.1250000000
80161  33.430  6.737  -21.333 0.2500000000
80163  25.955  6.412  -22.022 0.7500000000
81532  32.499  8.744  -20.789 0.3750000000
81546  33.162  8.764  -21.297 0.3750000000
82182  33.175  9.446  -21.672 0.2500000000
113651  33.239  6.091  -20.837 0.2500000000
115568  31.968  10.251  -20.869 0.2500000000
120483  28.668  -18.632  -18.535 0.5000000000
122818  33.685  6.195  -22.413 0.1250000000
127965  22.224  -20.193  -14.800 0.1250000000
131368  32.515  8.015  -20.728 0.3750000000
132712  28.802  11.163  -20.409 0.3750000000
