#!ascii label  , from subject bert vox2ras=TkReg
1452
25458  39.966  -58.312  -12.224 0.6000000238
25473  40.311  -58.268  -13.155 0.5000000000
27087  40.262  -56.263  -10.979 0.6999999881
27088  39.523  -56.328  -10.465 0.6000000238
117574  39.013  -57.104  -10.443 0.6000000238
27908  39.173  -55.622  -10.048 0.6000000238
26275  40.319  -57.594  -12.138 0.6999999881
133450  40.024  -57.381  -11.508 0.6000000238
26262  39.740  -57.125  -10.936 0.5000000000
26263  39.146  -57.853  -10.763 0.5000000000
26264  38.420  -57.722  -10.518 0.5000000000
121645  38.289  -57.031  -10.322 0.6000000238
27909  38.588  -56.317  -10.128 0.6000000238
26290  40.776  -57.378  -13.038 0.5000000000
26276  39.682  -57.947  -11.459 0.6000000238
132768  37.872  -55.953  -9.925 0.6000000238
25488  39.985  -58.735  -15.291 0.5000000000
28765  40.364  -53.994  -10.416 0.6000000238
28753  39.694  -54.144  -9.917 0.6999999881
27920  40.848  -55.157  -11.599 0.6000000238
134846  40.546  -55.534  -11.149 0.6999999881
129723  40.043  -54.653  -10.333 0.6000000238
28766  39.469  -54.897  -9.975 0.6000000238
27100  40.838  -55.985  -11.949 0.6000000238
123637  40.345  -56.878  -11.594 0.6999999881
27899  38.838  -55.071  -9.735 0.6000000238
26297  41.018  -57.028  -13.856 0.5000000000
27111  41.145  -56.542  -12.940 0.5000000000
27901  37.597  -55.367  -9.761 0.6000000238
119833  40.664  -57.837  -14.027 0.5000000000
28756  37.395  -54.626  -9.681 0.6000000238
26298  40.330  -58.008  -15.032 0.5000000000
27902  36.900  -55.212  -9.946 0.6000000238
29659  36.623  -53.545  -10.372 0.6999999881
122350  36.467  -55.010  -10.341 0.6000000238
28767  36.333  -54.336  -10.785 0.6999999881
27921  36.195  -55.145  -11.128 0.6000000238
28780  36.234  -54.345  -12.059 0.6000000238
28796  36.429  -54.371  -13.648 0.6000000238
30671  36.205  -51.780  -15.721 0.5000000000
32374  35.982  -50.374  -14.827 0.6999999881
31564  35.323  -51.391  -14.471 0.6999999881
30628  40.470  -52.536  -9.914 0.6000000238
124312  39.560  -52.629  -9.478 0.6999999881
28778  41.126  -54.403  -11.804 0.6999999881
28779  40.599  -54.733  -10.941 0.6999999881
29658  40.692  -53.174  -10.523 0.6000000238
29646  39.271  -53.545  -9.567 0.6999999881
28795  41.409  -54.680  -12.536 0.6000000238
126660  38.747  -53.002  -9.390 0.8000000119
27938  41.846  -55.004  -13.821 0.5000000000
27933  41.463  -55.503  -13.040 0.5000000000
29648  38.036  -53.297  -9.469 0.8000000119
123240  38.056  -54.095  -9.496 0.6000000238
27945  41.709  -55.771  -14.224 0.5000000000
27117  41.413  -56.336  -13.727 0.5000000000
30617  37.554  -52.766  -9.602 0.8000000119
29649  37.287  -53.679  -9.693 0.6000000238
26305  40.820  -57.481  -15.356 0.5000000000
30618  36.969  -52.846  -9.946 0.8000000119
28757  36.725  -54.449  -9.995 0.6999999881
30640  36.482  -52.304  -11.868 0.6999999881
30629  36.594  -52.634  -10.801 0.6999999881
126674  36.729  -52.458  -13.058 0.6999999881
29673  36.352  -53.295  -11.650 0.6999999881
129179  37.417  -51.747  -14.220 0.6000000238
29692  36.677  -53.411  -13.280 0.6000000238
30670  37.890  -51.641  -15.368 0.6999999881
122458  37.777  -52.514  -15.571 0.6999999881
29703  37.242  -53.332  -14.702 0.6000000238
31562  37.701  -50.877  -15.835 0.6999999881
30681  37.755  -51.835  -16.160 0.6000000238
31563  36.971  -50.736  -15.813 0.8000000119
31569  37.358  -51.570  -16.298 0.6000000238
117750  36.494  -49.225  -15.047 0.8999999762
32354  34.917  -49.949  -13.934 0.6999999881
33963  36.423  -48.873  -15.192 0.8000000119
31552  34.691  -50.890  -13.538 0.6999999881
30614  40.131  -51.831  -9.455 0.6000000238
31502  39.839  -51.125  -9.039 0.6999999881
32310  39.633  -50.411  -8.639 0.6000000238
31550  41.761  -51.693  -12.060 0.4000000060
29672  41.300  -53.394  -11.846 0.6000000238
30627  41.121  -52.264  -10.792 0.6000000238
31517  39.302  -51.785  -9.115 0.6999999881
29691  41.716  -52.888  -12.593 0.6000000238
30615  38.826  -52.329  -9.218 0.8000000119
28801  42.148  -54.221  -14.042 0.4000000060
29702  41.907  -53.590  -13.228 0.5000000000
114206  41.510  -53.890  -12.540 0.6000000238
31518  38.403  -51.691  -9.031 0.8000000119
27944  42.117  -55.102  -14.679 0.5000000000
121451  37.686  -51.991  -9.396 0.8000000119
31520  36.807  -52.079  -10.172 0.8000000119
27128  41.400  -56.857  -15.775 0.5000000000
31530  36.545  -51.623  -11.222 0.8000000119
32341  36.479  -50.031  -11.857 0.8000000119
118911  36.569  -50.741  -12.180 0.6999999881
134451  36.685  -51.389  -10.228 0.8000000119
115417  36.982  -50.487  -13.669 0.8000000119
123586  36.962  -49.698  -13.959 0.8999999762
32353  36.769  -50.111  -12.838 0.6999999881
32372  37.343  -50.258  -15.084 0.8999999762
33196  37.055  -49.168  -15.082 0.8999999762
115620  37.094  -49.624  -15.031 0.8999999762
134485  34.555  -48.910  -14.283 0.8000000119
33177  33.677  -49.780  -13.121 0.8000000119
130026  34.199  -49.262  -13.773 0.8000000119
33208  35.428  -48.878  -14.764 0.8000000119
33197  35.306  -49.332  -14.513 0.6999999881
31516  40.608  -51.160  -9.435 0.6999999881
33132  40.302  -49.831  -8.597 0.6000000238
31529  40.863  -51.708  -10.014 0.6000000238
31515  41.275  -51.015  -9.976 0.5000000000
31534  41.970  -51.126  -11.877 0.4000000060
32340  41.773  -51.045  -11.260 0.5000000000
31528  41.394  -51.378  -10.717 0.6000000238
31503  39.051  -51.056  -8.726 0.6999999881
30656  41.804  -52.074  -12.434 0.5000000000
31504  38.408  -50.932  -8.746 0.6999999881
30669  42.588  -52.380  -13.741 0.5000000000
125794  42.801  -52.967  -14.314 0.4000000060
121812  42.406  -53.294  -13.820 0.4000000060
33146  37.286  -49.476  -9.322 0.8000000119
123717  37.379  -50.296  -9.167 0.8000000119
28807  42.542  -54.470  -15.033 0.4000000060
32322  36.743  -50.005  -9.919 0.8000000119
114031  36.859  -50.873  -9.668 0.8000000119
134701  37.203  -52.267  -9.695 0.8000000119
27952  41.823  -55.919  -15.399 0.3000000119
33168  36.593  -49.291  -11.935 0.8000000119
33931  36.572  -48.762  -11.108 0.8000000119
115974  36.513  -50.635  -10.806 0.8000000119
33937  36.721  -48.501  -12.167 0.8000000119
32334  36.482  -49.648  -10.919 0.8000000119
33943  37.040  -48.501  -13.328 0.8999999762
33176  36.865  -49.101  -13.076 0.8999999762
33952  37.166  -48.727  -14.406 0.8999999762
33195  36.995  -49.100  -14.311 0.8999999762
33961  37.376  -48.449  -14.703 0.8999999762
33964  34.386  -48.345  -14.704 0.8000000119
33198  33.130  -49.126  -13.464 0.8000000119
33962  37.048  -48.932  -15.174 0.8999999762
113817  35.438  -48.487  -15.035 0.8000000119
33145  41.741  -49.692  -9.322 0.6000000238
32308  41.090  -50.115  -8.981 0.6000000238
117165  40.167  -48.871  -8.461 0.6000000238
32320  42.162  -49.832  -9.948 0.6000000238
129053  42.862  -50.395  -11.810 0.4000000060
32339  42.281  -50.598  -11.398 0.4000000060
32333  41.771  -50.722  -10.659 0.4000000060
33133  39.467  -49.619  -8.495 0.6999999881
32352  42.527  -50.745  -12.246 0.4000000060
135137  38.372  -49.999  -8.619 0.6999999881
32371  42.824  -50.880  -13.024 0.5000000000
31549  42.180  -51.397  -12.604 0.4000000060
33135  37.916  -49.781  -8.783 0.6999999881
31560  43.204  -51.096  -13.777 0.5000000000
121890  37.323  -47.874  -9.700 0.8000000119
33936  36.739  -47.871  -11.305 0.8000000119
33147  36.788  -49.116  -10.145 0.8000000119
34646  37.051  -47.723  -12.441 0.8000000119
33951  37.331  -47.956  -13.609 0.8999999762
34658  37.678  -47.707  -14.320 0.8999999762
34667  37.670  -48.328  -15.268 0.8999999762
113496  37.248  -48.687  -15.459 1.0000000000
34677  35.593  -47.596  -15.866 0.8000000119
33975  37.577  -48.701  -16.087 1.0000000000
33977  34.922  -47.902  -15.249 0.8000000119
33980  37.988  -48.737  -16.746 1.0000000000
33976  36.082  -48.362  -15.507 0.8000000119
33131  41.065  -49.365  -8.735 0.6000000238
122257  40.480  -47.943  -8.371 0.6000000238
33144  42.350  -49.358  -9.574 0.6000000238
33167  42.802  -50.140  -11.130 0.4000000060
32332  42.244  -50.187  -10.591 0.4000000060
131232  38.494  -48.658  -8.655 0.6999999881
32350  43.808  -50.336  -13.072 0.5000000000
33166  44.243  -49.838  -11.657 0.4000000060
33930  36.829  -48.211  -10.345 0.8000000119
34625  37.729  -47.308  -9.546 0.8000000119
34645  37.237  -47.093  -11.509 0.8000000119
34638  37.152  -47.312  -10.412 0.8000000119
35393  37.857  -46.510  -13.040 0.8000000119
134102  37.435  -47.448  -12.928 0.8999999762
34666  38.194  -47.599  -15.123 0.8999999762
36315  38.401  -46.457  -14.568 0.8999999762
34676  38.130  -48.426  -15.927 1.0000000000
33974  38.255  -48.676  -16.581 1.0000000000
34668  33.714  -47.640  -15.210 0.8000000119
34685  38.018  -48.630  -17.126 1.0000000000
34686  37.457  -48.174  -17.221 0.8000000119
33981  37.082  -48.451  -16.390 0.8000000119
33903  42.838  -48.024  -8.892 0.6000000238
33130  41.840  -49.022  -8.938 0.6000000238
33905  41.102  -48.546  -8.561 0.6000000238
122559  39.638  -48.035  -8.425 0.6999999881
35343  39.499  -46.537  -8.603 0.6999999881
119077  43.258  -49.820  -10.853 0.4000000060
33159  43.490  -49.239  -10.221 0.5000000000
33143  42.896  -49.137  -9.769 0.5000000000
34616  39.159  -47.290  -8.597 0.8000000119
32338  43.455  -50.107  -11.630 0.4000000060
34624  38.403  -47.318  -8.975 0.8000000119
33165  44.983  -49.465  -11.587 0.4000000060
35365  37.546  -46.585  -10.805 0.8000000119
111921  37.557  -46.954  -12.447 0.8000000119
35403  38.015  -46.846  -13.984 0.8999999762
36302  38.027  -45.872  -13.621 0.8000000119
35410  38.905  -47.142  -15.632 1.0000000000
122403  38.831  -48.245  -16.421 1.0000000000
36324  39.274  -46.496  -16.127 1.0000000000
35419  39.465  -47.509  -16.839 1.0000000000
35429  39.148  -47.479  -18.456 1.0000000000
134875  36.827  -47.342  -17.184 0.8999999762
34678  34.347  -47.238  -15.605 0.8000000119
118155  35.823  -46.558  -16.808 0.8999999762
35430  37.797  -47.607  -17.717 1.0000000000
114697  37.878  -46.507  -17.951 1.0000000000
35420  36.833  -46.504  -17.378 1.0000000000
36342  40.175  -46.782  -19.135 1.0000000000
125918  40.675  -46.188  -19.380 1.0000000000
36343  39.632  -45.797  -19.248 1.0000000000
37219  39.125  -44.687  -19.320 1.0000000000
113813  41.194  -44.463  -19.885 1.0000000000
37218  40.582  -45.268  -19.653 1.0000000000
125176  41.790  -46.835  -8.413 0.6999999881
34614  40.934  -47.152  -8.315 0.6999999881
35341  41.177  -46.312  -8.431 0.6999999881
34611  43.018  -47.336  -8.799 0.6000000238
34612  42.365  -47.424  -8.567 0.6000000238
35342  40.319  -46.437  -8.442 0.6999999881
33913  43.247  -48.574  -9.510 0.6000000238
118752  44.642  -48.137  -10.247 0.5000000000
36251  39.141  -45.991  -8.902 0.8000000119
33928  45.013  -48.702  -10.956 0.4000000060
35344  38.771  -46.596  -8.913 0.8000000119
35364  38.001  -46.191  -10.187 0.8000000119
36276  37.793  -45.899  -10.965 0.8000000119
36287  37.738  -45.777  -11.820 0.8000000119
36294  37.813  -45.793  -12.658 0.8000000119
134053  38.264  -45.639  -14.342 0.8999999762
37172  38.033  -44.991  -13.861 0.8000000119
36314  38.702  -46.006  -15.073 0.8999999762
37185  38.241  -45.071  -14.714 1.0000000000
37192  38.714  -45.340  -15.622 1.0000000000
121358  39.422  -45.714  -16.763 1.0000000000
38010  38.722  -44.625  -16.210 1.0000000000
36330  39.992  -46.762  -17.406 1.0000000000
119470  39.740  -44.886  -17.271 1.0000000000
37200  40.631  -46.025  -17.946 1.0000000000
37209  41.195  -46.214  -18.905 1.0000000000
36341  40.984  -46.670  -19.084 1.0000000000
36337  36.993  -45.483  -17.696 1.0000000000
36331  35.920  -45.589  -17.154 1.0000000000
37217  41.115  -45.762  -19.404 1.0000000000
134091  37.871  -45.786  -18.082 1.0000000000
37211  38.052  -45.164  -18.439 1.0000000000
38031  37.608  -44.067  -18.701 1.0000000000
38038  40.345  -44.159  -19.966 1.0000000000
35340  41.886  -46.190  -8.551 0.6999999881
36249  40.654  -45.685  -8.573 0.6999999881
126338  43.389  -46.928  -9.042 0.5000000000
35339  42.661  -46.550  -8.707 0.6999999881
36250  39.792  -45.686  -8.680 0.6999999881
34623  43.574  -47.715  -9.317 0.6000000238
34637  44.823  -47.281  -10.021 0.5000000000
34622  44.257  -47.703  -9.750 0.5000000000
36259  39.172  -45.339  -9.181 0.8000000119
37128  38.635  -45.128  -9.706 0.8000000119
36275  38.224  -45.449  -10.280 0.6999999881
37143  37.980  -45.033  -11.144 0.8000000119
113648  37.684  -45.038  -12.166 0.8000000119
37165  37.734  -45.031  -13.027 0.6999999881
116954  37.966  -44.216  -14.241 0.8999999762
37988  37.762  -43.439  -13.711 0.8000000119
38845  37.569  -42.489  -13.941 0.8000000119
39758  37.729  -41.725  -14.494 0.8000000119
37193  38.173  -44.360  -15.236 0.8999999762
38000  37.932  -43.314  -14.717 0.8000000119
38854  37.836  -42.413  -14.780 0.8000000119
38011  38.261  -43.685  -15.849 0.8999999762
38860  38.137  -42.746  -15.565 0.8999999762
39770  38.018  -41.892  -15.364 0.8000000119
132011  38.873  -44.009  -16.726 1.0000000000
37210  41.004  -45.076  -18.413 1.0000000000
38872  41.563  -43.416  -19.637 1.0000000000
38037  41.584  -43.393  -20.175 1.0000000000
38040  37.368  -43.015  -18.675 1.0000000000
38045  41.402  -43.272  -20.498 1.0000000000
38039  38.718  -43.584  -19.417 1.0000000000
38879  42.101  -42.772  -20.414 1.0000000000
131996  41.930  -42.604  -20.939 1.0000000000
39796  39.700  -41.788  -20.493 1.0000000000
36257  43.303  -45.441  -9.476 0.6999999881
36258  42.599  -45.119  -9.238 0.6999999881
37111  41.815  -44.974  -8.978 0.6999999881
37112  40.984  -45.001  -8.803 0.6999999881
37113  40.283  -45.114  -8.751 0.6999999881
36274  43.757  -45.057  -10.070 0.6000000238
37127  39.728  -44.803  -8.989 0.6999999881
35349  44.090  -46.862  -9.518 0.5000000000
35363  44.753  -46.386  -10.037 0.5000000000
118613  39.063  -44.566  -9.505 0.8000000119
122036  38.419  -44.517  -10.203 0.6999999881
37157  38.049  -44.156  -10.891 0.6999999881
37158  37.903  -44.253  -11.680 0.6999999881
121196  37.821  -44.259  -12.538 0.6999999881
120770  37.867  -44.231  -13.367 0.6999999881
39730  37.747  -41.357  -12.826 0.8000000119
116612  38.127  -40.155  -13.113 0.8000000119
39741  37.597  -41.569  -13.656 0.8000000119
40715  38.039  -40.173  -13.920 0.8000000119
40728  37.879  -40.942  -14.210 0.8000000119
38020  38.621  -43.149  -16.629 1.0000000000
39769  38.358  -41.304  -16.076 0.8999999762
40745  38.104  -41.112  -15.068 0.8000000119
39780  38.392  -42.171  -16.383 1.0000000000
40744  38.466  -40.508  -15.725 0.8000000119
38019  39.896  -43.846  -17.710 1.0000000000
38866  39.234  -42.556  -17.497 1.0000000000
38030  41.104  -44.121  -18.853 1.0000000000
38873  40.533  -43.014  -18.650 1.0000000000
39787  41.551  -42.299  -19.654 1.0000000000
39795  41.902  -41.826  -20.551 1.0000000000
40787  41.213  -41.160  -20.626 1.0000000000
39804  40.781  -41.254  -20.897 1.0000000000
38881  38.451  -42.457  -19.435 1.0000000000
37142  42.919  -43.956  -9.843 0.6999999881
37124  42.255  -44.257  -9.418 0.6999999881
37944  40.651  -43.563  -9.201 0.6000000238
37945  39.670  -43.834  -9.299 0.6000000238
38794  39.136  -43.114  -9.820 0.6999999881
119651  38.292  -42.936  -10.977 0.6999999881
37960  38.475  -43.524  -10.460 0.6999999881
37975  38.059  -43.526  -11.269 0.6999999881
37976  37.896  -43.533  -12.079 0.6999999881
39729  38.149  -41.033  -12.143 0.8000000119
37983  37.759  -43.530  -12.885 0.6999999881
38836  37.541  -42.165  -13.005 0.8000000119
41662  38.410  -39.490  -13.567 0.8000000119
41681  38.669  -39.743  -15.366 0.8000000119
40760  38.869  -40.678  -16.837 0.8000000119
39788  40.166  -41.795  -18.448 1.0000000000
41697  38.966  -39.933  -16.407 0.6999999881
40772  39.755  -40.766  -18.150 1.0000000000
41707  39.416  -39.981  -17.633 0.8999999762
40771  41.164  -40.999  -19.634 1.0000000000
41715  40.198  -39.231  -19.682 1.0000000000
38874  36.390  -42.509  -17.937 1.0000000000
40780  41.409  -41.067  -20.317 1.0000000000
40788  40.429  -39.974  -20.756 1.0000000000
39797  38.234  -41.429  -19.552 1.0000000000
38882  37.221  -42.003  -18.672 1.0000000000
39805  39.393  -40.585  -20.461 1.0000000000
37125  41.280  -44.259  -9.068 0.6999999881
38808  39.383  -42.266  -10.016 0.6000000238
119607  38.716  -42.627  -10.475 0.6999999881
120405  38.014  -42.823  -11.649 0.6999999881
38825  38.290  -42.221  -11.120 0.6999999881
38826  37.848  -41.945  -12.022 0.6999999881
39710  38.428  -41.352  -11.311 0.8000000119
123254  38.331  -40.290  -12.353 0.6999999881
41651  38.556  -39.583  -12.697 0.6999999881
42563  38.758  -38.826  -14.093 0.6999999881
42577  38.895  -38.955  -15.025 0.6999999881
42587  39.385  -38.562  -16.944 0.8000000119
41680  39.144  -39.177  -16.069 0.6999999881
133581  39.696  -39.351  -18.414 0.8999999762
41706  40.359  -39.975  -19.090 1.0000000000
131273  39.595  -38.610  -18.458 1.0000000000
39789  36.332  -41.523  -17.980 1.0000000000
125931  40.887  -40.205  -20.289 1.0000000000
116230  37.980  -40.683  -19.539 1.0000000000
38791  41.850  -42.777  -9.702 0.6000000238
38792  41.018  -42.803  -9.446 0.6000000238
38793  40.047  -42.770  -9.482 0.6000000238
39677  40.683  -42.115  -9.654 0.6000000238
39678  39.994  -41.972  -9.748 0.6000000238
39690  39.608  -41.424  -10.160 0.6000000238
39691  38.875  -41.753  -10.587 0.6000000238
40687  39.004  -40.023  -11.234 0.6999999881
41650  39.028  -39.069  -12.225 0.6999999881
42528  38.925  -38.814  -13.107 0.6999999881
42544  39.273  -38.214  -13.722 0.6999999881
122442  39.594  -37.578  -14.212 0.6999999881
42562  39.272  -38.240  -14.654 0.6999999881
123189  45.419  -30.410  -17.243 0.3000000119
42576  39.386  -38.289  -15.743 0.6999999881
50585  46.146  -30.026  -17.853 0.3000000119
127847  39.549  -37.891  -16.568 0.8000000119
38862  33.687  -42.345  -15.398 0.8999999762
39782  34.852  -41.831  -16.222 1.0000000000
38867  35.586  -41.950  -17.093 1.0000000000
42603  39.880  -38.456  -19.981 1.0000000000
40789  39.300  -39.488  -20.572 1.0000000000
39798  37.125  -41.084  -18.784 1.0000000000
38807  41.996  -42.096  -9.951 0.6000000238
39688  41.308  -41.568  -9.904 0.6000000238
117303  41.597  -40.869  -10.208 0.6000000238
134805  40.870  -40.932  -10.129 0.6000000238
40676  41.022  -40.273  -10.330 0.6000000238
41627  40.436  -39.659  -10.601 0.6999999881
40677  40.069  -40.560  -10.264 0.6000000238
41635  39.968  -39.087  -11.093 0.6999999881
44149  45.153  -36.333  -12.035 0.3000000119
44963  45.360  -35.491  -12.350 0.3000000119
41636  39.309  -39.380  -11.486 0.6999999881
42527  39.250  -38.423  -12.452 0.6999999881
43377  39.571  -37.577  -13.283 0.6999999881
48802  44.712  -31.174  -15.535 0.3000000119
49722  44.719  -31.126  -16.725 0.4000000060
49739  44.886  -31.338  -17.666 0.4000000060
38014  32.579  -42.930  -14.755 0.6999999881
38855  32.063  -42.266  -14.652 0.6999999881
47864  46.302  -33.440  -21.851 0.3000000119
49738  45.556  -30.733  -18.122 0.3000000119
43407  39.689  -37.574  -15.964 0.6999999881
39771  34.134  -41.662  -15.686 0.8999999762
48855  46.768  -32.352  -21.259 0.3000000119
49755  45.287  -31.644  -18.378 0.3000000119
43411  39.470  -37.871  -17.625 0.8000000119
129376  34.437  -41.176  -16.144 0.8999999762
124690  46.117  -33.031  -20.149 0.3000000119
48835  45.592  -32.719  -19.078 0.3000000119
121898  39.511  -37.829  -19.070 1.0000000000
40773  36.413  -40.575  -18.054 1.0000000000
42608  39.675  -38.381  -20.695 1.0000000000
40782  37.276  -40.169  -18.920 1.0000000000
41722  39.868  -38.837  -20.890 1.0000000000
40781  38.318  -40.091  -19.856 1.0000000000
41723  38.754  -38.718  -20.561 1.0000000000
41716  37.836  -39.450  -19.742 1.0000000000
42610  38.171  -37.944  -20.470 1.0000000000
42510  41.648  -38.793  -10.695 0.6999999881
42511  40.779  -38.789  -10.852 0.6999999881
127436  45.346  -37.122  -11.950 0.3000000119
125425  44.723  -37.029  -11.586 0.4000000060
42518  40.172  -38.400  -11.274 0.6999999881
42519  39.536  -38.477  -11.744 0.6999999881
44953  44.598  -35.538  -12.030 0.4000000060
43361  39.580  -37.690  -12.313 0.6999999881
44964  44.791  -34.667  -12.355 0.3000000119
45827  44.020  -34.921  -12.079 0.5000000000
44161  40.463  -36.421  -12.631 0.6999999881
44170  40.267  -36.537  -13.393 0.6999999881
46779  44.548  -33.790  -12.653 0.5000000000
43397  39.914  -36.988  -13.770 0.6999999881
47800  44.357  -32.128  -14.240 0.4000000060
46800  43.125  -33.111  -14.208 0.6000000238
47801  43.624  -32.431  -14.544 0.5000000000
44186  39.982  -36.979  -14.689 0.6999999881
48790  44.867  -31.576  -14.682 0.3000000119
43398  39.631  -37.571  -15.149 0.6999999881
47867  44.186  -33.780  -21.215 0.4000000060
47827  43.757  -32.679  -16.196 0.4000000060
44195  40.030  -36.938  -15.698 0.6999999881
39759  31.480  -41.713  -14.720 0.6999999881
48857  44.143  -33.248  -22.317 0.4000000060
48815  44.159  -31.993  -16.381 0.4000000060
48828  44.421  -32.377  -17.247 0.4000000060
38856  31.355  -42.301  -14.358 0.6000000238
47868  45.583  -33.525  -22.429 0.3000000119
46860  45.567  -34.203  -21.829 0.3000000119
46863  45.020  -34.304  -22.181 0.4000000060
48836  44.869  -32.703  -18.110 0.4000000060
47836  44.488  -33.912  -17.683 0.4000000060
115938  39.659  -37.147  -16.760 0.6999999881
44197  40.164  -36.438  -16.419 0.6999999881
38863  32.805  -42.302  -15.113 0.6999999881
46851  44.741  -34.552  -20.455 0.4000000060
47845  44.955  -34.116  -18.628 0.4000000060
47854  46.538  -33.150  -21.081 0.3000000119
47844  45.383  -34.127  -19.593 0.3000000119
43418  39.401  -37.119  -18.111 0.8000000119
117377  35.692  -40.932  -17.321 1.0000000000
43423  39.579  -37.780  -20.287 1.0000000000
135740  37.096  -39.593  -18.862 1.0000000000
42609  39.301  -38.117  -20.828 1.0000000000
125565  39.353  -37.802  -20.706 1.0000000000
42604  37.644  -38.719  -19.943 1.0000000000
41717  37.033  -39.068  -18.924 1.0000000000
42611  37.193  -37.393  -19.757 1.0000000000
42605  36.871  -38.219  -19.291 1.0000000000
41625  42.178  -39.433  -10.579 0.6000000238
42508  42.932  -38.206  -10.736 0.6000000238
43341  42.014  -38.102  -10.726 0.6000000238
120772  41.305  -38.204  -10.878 0.6999999881
113603  43.839  -37.011  -11.290 0.5000000000
43349  43.187  -37.443  -10.986 0.6000000238
42517  40.690  -37.959  -11.206 0.6999999881
125140  44.306  -36.265  -11.670 0.5000000000
124389  43.465  -36.122  -11.561 0.4000000060
43352  40.576  -37.287  -11.503 0.6999999881
43360  40.144  -37.046  -12.023 0.6999999881
44955  42.588  -35.963  -11.662 0.6000000238
44152  40.970  -36.554  -11.755 0.6999999881
44965  43.199  -35.262  -11.980 0.6000000238
46780  43.773  -33.704  -12.697 0.6000000238
46781  42.987  -33.902  -12.883 0.6000000238
44976  40.673  -35.850  -13.492 0.6999999881
44975  41.084  -35.145  -14.050 0.6999999881
47791  43.829  -32.598  -13.720 0.5000000000
45858  41.938  -34.141  -14.066 0.6000000238
44988  40.760  -35.788  -14.588 0.6000000238
48837  43.634  -33.305  -19.202 0.4000000060
48816  44.020  -31.995  -15.698 0.4000000060
47813  43.492  -32.649  -15.523 0.4000000060
120522  42.790  -33.473  -15.024 0.5000000000
45859  41.531  -34.689  -14.367 0.6000000238
44194  40.445  -36.405  -15.091 0.6999999881
48847  43.902  -32.794  -20.348 0.4000000060
46814  43.142  -33.638  -15.690 0.5000000000
47826  44.077  -33.364  -16.876 0.4000000060
46825  43.603  -33.815  -16.452 0.4000000060
44196  40.528  -36.358  -15.794 0.6999999881
39772  33.136  -41.429  -15.414 0.8999999762
39773  32.212  -41.580  -15.014 0.6999999881
46838  45.160  -34.540  -20.097 0.4000000060
46830  44.264  -34.569  -18.322 0.4000000060
44202  39.600  -36.376  -17.327 0.6999999881
46839  44.759  -34.584  -19.346 0.4000000060
40762  34.373  -40.497  -16.371 0.8999999762
44208  39.255  -36.317  -18.581 0.8999999762
40761  35.108  -40.292  -16.798 0.8999999762
40774  35.771  -40.043  -17.414 1.0000000000
43426  39.265  -37.079  -20.542 1.0000000000
41708  36.502  -39.621  -18.160 1.0000000000
130591  38.922  -36.819  -20.659 1.0000000000
42597  36.289  -38.748  -18.162 1.0000000000
41709  35.718  -39.218  -17.470 1.0000000000
121758  38.282  -36.193  -20.201 1.0000000000
45027  36.552  -35.223  -19.473 0.8999999762
134845  37.233  -35.213  -19.864 1.0000000000
44214  37.312  -36.591  -19.783 1.0000000000
122075  36.359  -37.484  -18.909 1.0000000000
45019  36.478  -36.049  -19.243 1.0000000000
44209  35.764  -36.327  -18.740 0.8999999762
45020  35.635  -35.575  -18.851 0.8999999762
44150  42.921  -36.740  -11.238 0.6000000238
44151  41.995  -36.632  -11.389 0.6999999881
44956  41.713  -35.889  -11.936 0.6999999881
134377  41.602  -35.390  -12.517 0.6999999881
45836  42.640  -34.634  -12.558 0.6000000238
118479  41.220  -35.196  -13.145 0.6999999881
45837  41.862  -34.844  -12.848 0.6999999881
45846  41.587  -34.656  -13.611 0.6000000238
127717  43.231  -30.750  -19.767 0.3000000119
46788  42.648  -33.681  -13.679 0.6000000238
44987  41.378  -35.218  -15.090 0.6000000238
48838  43.137  -32.242  -18.507 0.4000000060
49757  42.977  -30.947  -18.733 0.4000000060
117882  41.923  -34.463  -14.976 0.6000000238
45867  42.597  -34.223  -15.610 0.5000000000
44998  40.888  -35.853  -15.475 0.6000000238
45874  43.146  -34.364  -16.394 0.4000000060
47847  43.107  -33.902  -18.424 0.5000000000
46831  43.584  -34.554  -17.617 0.4000000060
46824  44.018  -34.419  -17.291 0.4000000060
121365  40.736  -35.902  -16.185 0.6000000238
47846  43.808  -34.375  -18.967 0.5000000000
46852  44.290  -34.660  -19.168 0.4000000060
45006  40.123  -35.737  -16.879 0.6000000238
46840  43.758  -34.609  -18.434 0.4000000060
40746  33.810  -40.850  -15.836 0.8999999762
45011  39.508  -35.588  -17.818 0.8999999762
40763  33.641  -40.001  -16.093 0.8999999762
41699  34.368  -39.587  -16.630 0.8999999762
41710  34.882  -38.930  -17.109 0.8999999762
41698  35.196  -39.614  -16.997 0.8999999762
44213  39.016  -36.271  -20.288 1.0000000000
45026  37.924  -35.208  -20.099 1.0000000000
42606  35.919  -37.958  -18.291 1.0000000000
45897  35.664  -34.729  -19.133 1.0000000000
133553  35.173  -35.122  -18.833 1.0000000000
134253  35.149  -36.143  -18.441 0.8999999762
45898  35.093  -33.973  -19.252 1.0000000000
128155  34.788  -34.703  -18.870 0.8999999762
50607  42.348  -30.180  -18.229 0.3000000119
48829  42.586  -32.722  -17.963 0.5000000000
49740  42.315  -31.342  -17.925 0.4000000060
135169  43.532  -34.497  -16.997 0.5000000000
45875  42.536  -34.608  -16.368 0.5000000000
44997  41.414  -35.453  -15.932 0.5000000000
45878  43.036  -34.612  -16.965 0.5000000000
45876  41.806  -34.920  -16.411 0.5000000000
47837  42.251  -33.757  -17.771 0.5000000000
46832  42.649  -34.482  -17.455 0.5000000000
46841  43.124  -34.372  -17.939 0.5000000000
46833  41.579  -34.035  -17.472 0.5000000000
45010  39.998  -34.985  -17.425 0.6000000238
44212  39.202  -36.267  -19.877 0.8999999762
118036  39.384  -37.077  -19.565 0.8999999762
45024  39.083  -35.477  -19.985 0.8999999762
128842  37.139  -34.775  -19.836 0.8999999762
45025  38.753  -35.555  -20.168 1.0000000000
43419  35.083  -37.847  -17.894 0.8999999762
42598  35.424  -38.480  -17.660 0.8999999762
43425  35.275  -37.048  -18.329 0.8999999762
114237  36.020  -33.942  -19.269 0.8000000119
43420  34.441  -37.508  -17.760 0.8999999762
112785  34.674  -35.494  -18.529 0.8999999762
44210  34.378  -36.308  -18.177 0.8999999762
117558  42.775  -29.896  -19.246 0.3000000119
131196  42.284  -29.424  -18.480 0.4000000060
50608  41.791  -28.841  -18.351 0.3000000119
50586  41.699  -29.546  -17.914 0.4000000060
124474  41.325  -31.236  -17.561 0.4000000060
45868  42.016  -34.887  -15.769 0.6000000238
48830  41.807  -32.336  -17.604 0.5000000000
45879  42.197  -34.619  -16.944 0.5000000000
47838  41.411  -33.080  -17.527 0.5000000000
45005  40.845  -35.183  -16.690 0.5000000000
133800  40.828  -33.945  -17.495 0.5000000000
45881  40.480  -34.436  -17.450 0.5000000000
46834  40.807  -33.150  -17.515 0.5000000000
45882  39.812  -34.186  -17.917 0.6000000238
128473  39.518  -33.596  -18.287 0.6999999881
45887  39.302  -34.143  -18.741 0.6999999881
118680  39.172  -35.496  -19.039 0.6999999881
46842  38.972  -33.519  -18.818 0.6999999881
45888  38.839  -34.154  -19.458 0.8000000119
45018  39.119  -34.772  -19.412 0.8000000119
42599  34.477  -38.184  -17.461 0.8999999762
46853  38.247  -34.113  -19.716 0.8999999762
45894  38.675  -34.781  -19.999 0.8999999762
113323  36.895  -34.092  -19.612 0.6999999881
44203  34.213  -36.928  -17.911 0.8999999762
44211  33.682  -35.703  -18.258 0.8999999762
46845  34.486  -33.181  -19.393 1.0000000000
51400  41.145  -29.023  -17.871 0.3000000119
50587  40.857  -29.708  -17.590 0.4000000060
51414  41.005  -28.229  -18.208 0.3000000119
128881  40.918  -30.490  -17.509 0.4000000060
51401  40.413  -28.892  -17.716 0.3000000119
49742  40.272  -30.268  -17.479 0.4000000060
122255  40.509  -31.063  -17.521 0.4000000060
124676  39.722  -30.827  -17.584 0.4000000060
48831  40.849  -32.103  -17.481 0.4000000060
116963  40.123  -32.508  -17.696 0.4000000060
46835  40.146  -33.476  -17.780 0.5000000000
46843  38.285  -33.520  -19.291 0.8000000119
46854  37.453  -33.598  -19.519 0.6999999881
46855  36.459  -33.313  -19.346 0.6999999881
45021  33.956  -34.890  -18.593 0.8999999762
47861  34.314  -32.345  -19.732 0.8999999762
46857  33.766  -32.756  -19.411 0.8000000119
46846  33.594  -33.421  -19.018 0.8000000119
130705  34.170  -31.706  -20.046 0.6999999881
48851  33.460  -31.444  -19.895 0.8000000119
52197  40.424  -27.426  -18.411 0.3000000119
51415  39.985  -28.117  -17.964 0.3000000119
50588  39.988  -29.551  -17.523 0.3000000119
51402  39.560  -28.872  -17.769 0.4000000060
49743  39.594  -30.142  -17.551 0.4000000060
50589  39.164  -29.620  -17.723 0.4000000060
49744  38.825  -30.530  -17.820 0.5000000000
48832  39.984  -31.641  -17.617 0.5000000000
47840  38.825  -32.113  -18.339 0.5000000000
48839  38.327  -31.366  -18.281 0.5000000000
121153  39.501  -32.090  -17.877 0.5000000000
47848  38.491  -32.845  -18.761 0.6000000238
46844  37.685  -32.844  -19.158 0.6999999881
47857  36.849  -32.753  -19.295 0.6999999881
121638  36.346  -32.026  -19.447 0.6999999881
47858  36.032  -32.570  -19.447 0.6999999881
48849  35.873  -31.348  -19.737 0.6999999881
47860  34.943  -32.583  -19.728 0.8000000119
115446  34.923  -31.852  -20.092 0.6999999881
52196  41.223  -27.461  -18.824 0.3000000119
52958  39.981  -26.713  -18.592 0.3000000119
52198  39.541  -27.396  -18.302 0.4000000060
51416  38.925  -28.185  -18.162 0.4000000060
51403  38.802  -29.022  -18.038 0.4000000060
50609  38.192  -29.714  -18.231 0.3000000119
49758  37.818  -30.627  -18.407 0.5000000000
113225  37.983  -32.118  -18.778 0.6000000238
125244  37.375  -30.045  -18.710 0.3000000119
48840  37.441  -31.396  -18.776 0.5000000000
49759  36.986  -30.663  -18.987 0.4000000060
48848  37.136  -32.116  -19.121 0.6999999881
48841  36.635  -31.388  -19.280 0.6999999881
49760  36.180  -30.622  -19.572 0.6000000238
52199  38.664  -27.343  -18.505 0.3000000119
51417  38.080  -28.798  -18.488 0.3000000119
52200  37.934  -27.934  -18.728 0.3000000119
51418  37.288  -28.589  -19.156 0.3000000119
52212  37.051  -27.769  -19.650 0.3000000119
50610  37.391  -29.356  -18.866 0.3000000119
135384  36.842  -29.104  -19.456 0.4000000060
50611  36.649  -29.829  -19.317 0.5000000000
50626  36.264  -29.166  -19.996 0.5000000000
50627  35.827  -29.832  -19.987 0.6000000238
52973  39.439  -26.158  -18.923 0.4000000060
52974  38.574  -26.454  -18.970 0.3000000119
120852  38.577  -26.885  -18.695 0.3000000119
52975  37.760  -26.357  -19.548 0.3000000119
52211  37.892  -27.053  -19.012 0.3000000119
116671  37.171  -26.947  -19.833 0.3000000119
52213  36.439  -28.047  -20.489 0.3000000119
51432  36.623  -28.541  -19.903 0.4000000060
51433  36.077  -28.550  -20.616 0.4000000060
51445  35.506  -28.418  -21.107 0.4000000060
50641  35.658  -29.114  -20.566 0.5000000000
49767  35.419  -30.628  -20.214 0.6000000238
131916  33.961  -30.336  -20.282 0.6999999881
53757  38.599  -25.725  -19.402 0.4000000060
53758  37.689  -25.784  -19.918 0.3000000119
52987  36.998  -26.343  -20.480 0.3000000119
52224  36.567  -27.344  -20.776 0.3000000119
52225  36.068  -27.955  -21.161 0.4000000060
52226  35.497  -27.718  -21.484 0.4000000060
50628  35.267  -29.713  -20.521 0.5000000000
134022  35.212  -28.122  -21.357 0.4000000060
49768  34.961  -30.239  -20.539 0.6000000238
122874  34.957  -28.566  -21.186 0.4000000060
49778  34.526  -30.275  -20.464 0.6999999881
49777  34.789  -29.440  -20.733 0.4000000060
51446  34.322  -28.750  -20.867 0.4000000060
50643  34.145  -29.631  -20.488 0.6000000238
120146  33.547  -29.107  -20.461 0.5000000000
49779  33.399  -29.952  -20.186 0.6000000238
49770  33.401  -30.743  -20.045 0.6999999881
54569  38.940  -24.912  -19.713 0.3000000119
53770  37.323  -25.422  -20.608 0.3000000119
52988  36.377  -26.702  -21.472 0.3000000119
114711  36.041  -27.323  -21.563 0.4000000060
52236  35.594  -27.182  -21.760 0.3000000119
52237  35.078  -27.242  -21.755 0.3000000119
133917  34.625  -28.288  -21.215 0.4000000060
51453  34.895  -27.915  -21.443 0.3000000119
52238  34.526  -27.493  -21.545 0.3000000119
51454  34.164  -28.000  -21.228 0.3000000119
52239  33.745  -27.258  -21.388 0.3000000119
51447  33.635  -28.432  -20.798 0.3000000119
52227  32.984  -27.737  -20.864 0.4000000060
50644  32.584  -29.402  -20.072 0.5000000000
54585  37.405  -24.737  -20.895 0.3000000119
53771  36.673  -25.982  -21.280 0.3000000119
53006  34.924  -26.498  -22.192 0.3000000119
52999  34.363  -26.870  -21.759 0.3000000119
116327  32.775  -28.554  -20.431 0.5000000000
51448  31.765  -27.872  -20.283 0.5000000000
50645  31.596  -28.650  -19.930 0.5000000000
53780  36.734  -25.246  -21.513 0.3000000119
53781  36.171  -26.074  -21.964 0.3000000119
53782  35.569  -26.346  -22.226 0.3000000119
53783  33.914  -25.968  -21.958 0.3000000119
52240  32.505  -26.664  -20.976 0.4000000060
52228  31.516  -27.007  -20.498 0.4000000060
52229  29.885  -26.422  -20.186 0.4000000060
132181  30.632  -27.233  -20.096 0.4000000060
55403  38.058  -24.033  -20.792 0.3000000119
129443  36.224  -25.347  -22.197 0.3000000119
53792  35.715  -25.639  -22.472 0.3000000119
53000  33.267  -26.287  -21.470 0.3000000119
53784  32.556  -25.209  -21.709 0.3000000119
52989  30.972  -25.967  -20.548 0.3000000119
54597  37.125  -24.377  -21.387 0.3000000119
55418  36.890  -23.894  -21.859 0.3000000119
55419  36.394  -24.121  -22.421 0.3000000119
54598  36.532  -24.657  -22.031 0.3000000119
54609  35.945  -24.769  -22.648 0.3000000119
54610  35.251  -25.035  -22.880 0.3000000119
53793  35.094  -25.787  -22.585 0.3000000119
53794  34.402  -25.688  -22.382 0.3000000119
54611  34.224  -24.763  -22.661 0.3000000119
55431  35.977  -23.767  -23.031 0.3000000119
115248  35.381  -24.312  -23.034 0.3000000119
53795  33.253  -24.946  -22.253 0.3000000119
55430  36.701  -23.365  -22.396 0.3000000119
56295  35.726  -23.010  -23.428 0.3000000119
122018  34.752  -24.267  -23.046 0.3000000119
55432  34.725  -23.331  -23.340 0.4000000060
56303  35.039  -22.486  -23.769 0.4000000060
56304  33.881  -22.341  -23.571 0.4000000060
34683  39.600  -47.775  -18.053 1.0000000000
35428  40.468  -47.186  -18.799 1.0000000000
34688  38.488  -48.306  -17.728 0.8999999762
46856  35.496  -33.140  -19.462 0.6999999881
134341  34.570  -31.398  -20.264 0.8000000119
48859  34.172  -31.003  -20.241 0.8000000119
49769  34.869  -31.022  -20.464 0.6999999881
27907  40.016  -55.463  -10.490 0.6000000238
29647  38.606  -53.669  -9.454 0.6000000238
27122  41.291  -56.712  -14.738 0.5000000000
29657  41.142  -53.018  -11.189 0.6000000238
31535  41.562  -51.625  -11.447 0.5000000000
29709  42.688  -53.685  -14.599 0.4000000060
29701  42.151  -52.856  -13.254 0.5000000000
31519  37.642  -51.160  -9.039 0.6999999881
131559  36.749  -49.649  -12.705 0.8999999762
30655  42.131  -52.153  -13.008 0.5000000000
31568  42.998  -51.712  -14.008 0.5000000000
33915  37.980  -48.102  -9.077 0.8000000119
122490  42.356  -55.132  -15.600 0.4000000060
118077  39.222  -48.782  -8.502 0.6999999881
32351  43.266  -50.445  -12.537 0.4000000060
118704  37.682  -47.223  -13.352 0.8000000119
35421  35.429  -46.994  -16.308 0.8000000119
33904  41.973  -48.206  -8.604 0.6000000238
112411  43.914  -49.673  -10.920 0.4000000060
33175  43.945  -50.142  -12.427 0.4000000060
35351  38.177  -46.668  -9.470 0.8000000119
123726  39.412  -48.094  -17.334 1.0000000000
33929  44.274  -48.962  -10.510 0.5000000000
33912  43.973  -48.450  -9.851 0.5000000000
36336  38.809  -46.307  -18.627 1.0000000000
35350  43.409  -46.227  -9.216 0.6999999881
36329  40.787  -46.882  -18.457 1.0000000000
38880  39.954  -42.960  -20.215 1.0000000000
128126  37.574  -42.892  -13.200 0.8000000119
41668  38.438  -39.553  -14.446 0.8000000119
39779  38.965  -41.527  -17.208 1.0000000000
40688  38.586  -40.520  -11.566 0.6999999881
41696  39.341  -39.303  -17.269 0.8000000119
41721  40.213  -39.165  -20.635 1.0000000000
40678  39.093  -40.734  -10.722 0.6999999881
47799  45.204  -32.073  -14.126 0.4000000060
39781  35.027  -41.113  -16.634 1.0000000000
48791  44.098  -31.846  -14.981 0.4000000060
43428  38.231  -37.068  -20.450 1.0000000000
47790  44.696  -32.560  -13.605 0.4000000060
46786  44.198  -33.080  -13.087 0.5000000000
47856  44.131  -34.186  -19.856 0.4000000060
43424  36.383  -36.846  -19.129 1.0000000000
45889  34.227  -34.041  -18.896 0.8000000119
45880  41.282  -34.555  -17.054 0.5000000000
114461  39.443  -34.812  -18.328 0.6999999881
47839  39.372  -32.861  -18.229 0.5000000000
48833  39.190  -31.417  -17.846 0.5000000000
47859  35.406  -32.400  -19.696 0.6999999881
48850  35.322  -31.385  -20.147 0.6999999881
52997  35.888  -26.784  -21.894 0.3000000119
27939  36.135  -54.766  -14.495 0.5000000000
28803  36.803  -53.978  -15.022 0.5000000000
27118  35.366  -56.640  -14.560 0.5000000000
28809  36.030  -54.540  -15.337 0.5000000000
27922  35.945  -56.086  -12.687 0.5000000000
27934  36.003  -55.401  -13.615 0.5000000000
27102  35.933  -56.727  -11.948 0.5000000000
27101  36.464  -56.660  -11.094 0.4000000060
117798  36.206  -55.959  -11.572 0.5000000000
27090  37.075  -56.615  -10.491 0.4000000060
27911  36.604  -55.810  -10.557 0.5000000000
125019  31.897  -46.068  -14.457 0.6999999881
35394  30.787  -46.779  -13.925 0.6999999881
36325  33.332  -45.848  -15.771 0.8000000119
35412  33.887  -46.505  -15.852 0.8000000119
35413  32.790  -46.664  -15.558 0.8000000119
35422  34.837  -46.329  -16.232 0.8999999762
36317  31.796  -45.355  -13.979 0.6999999881
37203  33.721  -45.040  -15.880 0.8999999762
35423  34.133  -45.673  -16.160 0.8999999762
36332  35.056  -45.585  -16.541 0.8999999762
37186  32.186  -44.646  -14.224 0.6000000238
36316  32.428  -45.499  -14.662 0.8000000119
37202  34.444  -44.899  -16.316 0.8999999762
37201  35.316  -44.644  -16.791 0.8999999762
36338  36.111  -44.805  -17.375 0.8999999762
37212  36.766  -44.469  -17.925 0.8999999762
123176  43.516  -41.699  -11.236 0.5000000000
122351  42.636  -42.676  -10.211 0.5000000000
113931  42.523  -41.961  -10.381 0.5000000000
37959  43.095  -43.421  -10.253 0.6000000238
37942  42.426  -43.410  -9.764 0.5000000000
37123  43.086  -44.648  -9.694 0.6000000238
114667  31.774  -43.759  -14.053 0.6000000238
37195  33.496  -44.220  -15.384 0.8999999762
37194  34.134  -44.333  -15.873 0.8999999762
116104  33.054  -45.083  -15.236 0.8999999762
116675  34.668  -44.133  -16.278 0.8999999762
37213  35.909  -44.001  -17.327 0.8999999762
38032  36.541  -43.512  -17.988 0.8999999762
40674  42.794  -40.187  -10.609 0.5000000000
116359  42.283  -40.797  -10.366 0.5000000000
40686  43.530  -40.732  -11.081 0.5000000000
39686  42.888  -41.289  -10.585 0.5000000000
39687  42.125  -41.439  -10.205 0.5000000000
38806  43.086  -42.194  -10.743 0.5000000000
38013  33.337  -43.203  -15.179 0.8999999762
38001  32.680  -43.945  -14.660 0.6999999881
38012  34.014  -43.674  -15.594 0.8999999762
38022  34.601  -43.356  -15.961 0.8999999762
38021  35.214  -43.640  -16.676 0.8999999762
38033  35.759  -43.048  -17.246 0.8999999762
41634  43.574  -39.733  -11.040 0.5000000000
40675  41.886  -40.175  -10.401 0.5000000000
40685  44.182  -40.258  -11.549 0.5000000000
135010  34.074  -43.009  -15.504 0.8999999762
38868  35.096  -42.708  -16.464 0.8999999762
41624  42.945  -39.177  -10.702 0.5000000000
42516  43.673  -38.779  -10.965 0.5000000000
116892  43.756  -37.907  -11.037 0.5000000000
41633  44.299  -39.306  -11.401 0.5000000000
43348  44.389  -37.643  -11.333 0.4000000060
39774  31.575  -41.057  -15.077 0.6000000238
40748  31.691  -40.319  -15.393 0.6000000238
113780  32.338  -40.812  -15.299 0.8000000119
113427  32.377  -40.125  -15.558 0.6999999881
41683  31.924  -39.443  -15.732 0.6999999881
42579  31.017  -38.859  -15.749 0.6999999881
41682  32.878  -39.603  -15.814 0.8000000119
40747  33.041  -40.446  -15.611 0.8000000119
41701  32.614  -38.782  -16.128 0.6999999881
42578  31.819  -38.596  -16.099 0.6999999881
42591  31.292  -37.983  -16.283 0.6999999881
42590  32.243  -37.908  -16.591 0.6999999881
43413  31.476  -37.286  -16.863 0.6999999881
42589  33.191  -38.287  -16.640 0.8000000119
43412  33.016  -37.541  -17.049 0.8000000119
42588  34.006  -38.664  -16.889 0.8000000119
43422  32.289  -37.067  -17.111 0.6999999881
121282  32.967  -36.947  -17.409 0.8000000119
44205  32.460  -36.475  -17.653 0.6999999881
44204  33.425  -36.490  -17.837 0.8000000119
45023  32.239  -35.204  -18.207 0.6000000238
133235  34.068  -37.733  -17.479 0.8000000119
45891  32.572  -34.399  -18.414 0.6000000238
113371  32.168  -33.820  -18.480 0.6000000238
47849  32.153  -33.146  -18.789 0.6000000238
45022  33.081  -35.073  -18.359 0.8000000119
113212  32.804  -33.611  -18.705 0.6000000238
131784  32.157  -32.471  -19.152 0.6000000238
45890  33.375  -34.223  -18.603 0.6999999881
46858  32.922  -32.789  -19.266 0.6000000238
134459  32.818  -31.170  -19.801 0.6999999881
48852  32.066  -31.242  -19.604 0.6000000238
47862  32.651  -31.895  -19.571 0.6000000238
49771  32.476  -30.420  -19.860 0.6000000238
126084  33.527  -32.151  -19.690 0.6999999881
25449  37.726  -58.331  -10.607 0.4000000060
27089  37.744  -56.544  -10.203 0.5000000000
27910  37.237  -55.915  -10.057 0.5000000000
114699  36.119  -55.274  -12.394 0.5000000000
42515  44.400  -38.394  -11.307 0.3000000119
41700  33.483  -39.097  -16.263 0.8000000119
27935  35.734  -56.167  -13.781 0.5000000000
36326  32.745  -45.975  -15.387 0.8000000119
37958  43.292  -42.926  -10.803 0.5000000000
42600  33.726  -37.949  -17.181 0.8000000119
45013  31.936  -35.934  -17.903 0.6999999881
45012  32.758  -35.857  -18.091 0.6999999881
34636  45.302  -47.752  -10.620 0.4000000060
34644  45.826  -47.344  -11.149 0.4000000060
35362  45.359  -46.872  -10.525 0.4000000060
35374  45.793  -46.444  -11.185 0.4000000060
36284  46.308  -45.967  -11.744 0.4000000060
35373  46.387  -46.927  -11.679 0.4000000060
37140  44.220  -44.668  -10.725 0.5000000000
36286  44.895  -45.124  -11.068 0.5000000000
36285  45.566  -45.565  -11.424 0.4000000060
36272  45.185  -45.976  -10.724 0.4000000060
36292  46.644  -45.492  -12.462 0.4000000060
36293  45.869  -45.120  -12.151 0.4000000060
36301  46.958  -44.991  -13.174 0.4000000060
37141  43.505  -44.175  -10.368 0.5000000000
37163  45.421  -44.276  -12.547 0.4000000060
37162  46.194  -44.562  -12.829 0.4000000060
38007  46.854  -43.430  -16.215 0.4000000060
37184  46.583  -43.753  -14.463 0.4000000060
37170  46.446  -44.104  -13.591 0.4000000060
37191  47.592  -43.821  -15.504 0.4000000060
127959  47.328  -43.950  -14.753 0.4000000060
37156  43.983  -43.902  -11.085 0.5000000000
37155  44.599  -44.319  -11.432 0.5000000000
37164  44.839  -43.975  -12.174 0.4000000060
120190  49.775  -39.753  -17.805 0.3000000119
40768  49.438  -40.221  -18.629 0.3000000119
37986  45.673  -43.557  -14.219 0.4000000060
40779  48.653  -40.933  -19.147 0.3000000119
39784  47.916  -41.390  -18.568 0.3000000119
39785  47.276  -41.800  -18.001 0.3000000119
38028  46.739  -42.726  -17.330 0.3000000119
38018  46.407  -43.001  -16.662 0.4000000060
38008  46.089  -43.205  -15.950 0.4000000060
39793  47.660  -42.088  -18.660 0.3000000119
38871  47.171  -42.448  -17.983 0.3000000119
38017  47.036  -43.269  -17.063 0.4000000060
37974  43.736  -43.233  -11.389 0.4000000060
37973  44.306  -43.595  -11.785 0.4000000060
37981  44.796  -43.651  -13.055 0.4000000060
134562  44.460  -43.437  -12.471 0.4000000060
41694  49.745  -39.527  -16.872 0.3000000119
40757  48.405  -40.295  -16.674 0.3000000119
40756  49.043  -40.224  -17.395 0.3000000119
40770  47.709  -41.124  -17.760 0.3000000119
39777  47.047  -41.433  -17.240 0.3000000119
38859  45.771  -42.249  -16.167 0.4000000060
126916  45.966  -42.725  -16.269 0.4000000060
37998  45.830  -43.352  -15.127 0.4000000060
40769  48.456  -40.753  -18.165 0.3000000119
38865  46.258  -42.427  -16.781 0.3000000119
40724  47.004  -40.212  -15.119 0.3000000119
40725  46.315  -40.637  -14.767 0.3000000119
39756  45.102  -41.821  -14.795 0.4000000060
39739  45.065  -41.530  -13.892 0.4000000060
39757  44.734  -42.291  -14.248 0.4000000060
37982  44.360  -43.143  -13.020 0.4000000060
40741  47.789  -40.348  -16.167 0.3000000119
40742  47.251  -40.499  -15.742 0.3000000119
39755  45.747  -41.406  -15.191 0.3000000119
39768  45.354  -42.089  -15.511 0.4000000060
38843  44.740  -42.906  -14.403 0.4000000060
134623  44.577  -43.283  -13.472 0.4000000060
40759  47.096  -40.963  -16.393 0.3000000119
40743  46.515  -41.052  -15.666 0.3000000119
39767  45.815  -41.744  -15.909 0.4000000060
38853  44.996  -42.531  -14.951 0.4000000060
37987  44.851  -43.368  -13.943 0.4000000060
40758  47.698  -40.776  -16.941 0.3000000119
39778  46.304  -41.737  -16.608 0.3000000119
38009  45.522  -42.751  -15.568 0.4000000060
37999  45.130  -43.109  -14.772 0.4000000060
40703  44.635  -40.742  -12.224 0.4000000060
39709  44.096  -41.232  -11.710 0.4000000060
38824  43.582  -42.544  -11.416 0.4000000060
40713  45.552  -40.734  -13.460 0.3000000119
40714  44.944  -41.191  -13.010 0.4000000060
39727  44.385  -41.647  -12.539 0.4000000060
39728  43.938  -42.128  -12.015 0.4000000060
40712  46.167  -40.283  -13.914 0.4000000060
39740  44.535  -42.001  -13.426 0.4000000060
38834  44.257  -42.482  -12.844 0.4000000060
119722  31.566  -36.564  -17.374 0.6000000238
44198  30.869  -36.910  -17.058 0.6000000238
45892  31.800  -34.415  -18.223 0.5000000000
45014  31.382  -35.155  -17.820 0.5000000000
46847  31.505  -33.590  -18.435 0.5000000000
47850  31.368  -32.685  -18.829 0.5000000000
47863  31.713  -31.925  -19.302 0.5000000000
118413  31.544  -30.599  -19.567 0.5000000000
55421  31.435  -23.065  -21.960 0.3000000119
55406  31.328  -23.247  -21.399 0.3000000119
55433  33.567  -23.518  -22.879 0.3000000119
54612  32.555  -23.721  -22.438 0.3000000119
55420  31.734  -22.639  -21.955 0.3000000119
55405  31.736  -22.940  -21.254 0.3000000119
120460  32.321  -22.587  -21.465 0.3000000119
56305  32.981  -22.463  -23.218 0.3000000119
55434  32.137  -22.529  -22.535 0.3000000119
56287  32.292  -22.124  -22.522 0.3000000119
56277  32.476  -22.118  -21.885 0.3000000119
56276  33.634  -22.526  -21.074 0.3000000119
56275  35.028  -22.423  -20.231 0.3000000119
56296  32.324  -21.946  -22.940 0.3000000119
57256  32.741  -21.669  -22.391 0.3000000119
57247  33.667  -21.933  -21.674 0.3000000119
132817  34.599  -22.119  -20.956 0.3000000119
114678  32.728  -20.966  -23.336 0.3000000119
57269  32.589  -21.561  -22.933 0.3000000119
57255  33.787  -21.368  -22.232 0.3000000119
57254  34.899  -21.561  -21.373 0.3000000119
57278  32.809  -21.628  -23.399 0.3000000119
58283  32.875  -21.050  -22.860 0.3000000119
58291  33.876  -20.549  -22.692 0.3000000119
58292  32.866  -20.422  -23.316 0.3000000119
59207  34.625  -19.718  -22.813 0.3000000119
59202  35.280  -20.386  -22.228 0.3000000119
59208  33.285  -19.736  -23.311 0.3000000119
60096  33.944  -18.980  -23.375 0.3000000119
36313  47.354  -44.497  -13.983 0.4000000060
33935  45.724  -48.220  -11.261 0.4000000060
36291  47.293  -45.949  -12.849 0.4000000060
35381  46.911  -46.467  -12.236 0.4000000060
38006  47.757  -43.666  -16.457 0.4000000060
41714  50.489  -39.902  -19.515 0.3000000119
40778  49.613  -40.578  -19.721 0.3000000119
39792  48.248  -41.622  -19.306 0.3000000119
38876  48.203  -42.408  -19.290 0.3000000119
38877  47.687  -42.783  -18.535 0.3000000119
38027  47.295  -43.053  -17.834 0.3000000119
41705  50.440  -39.557  -18.558 0.3000000119
41695  49.010  -39.857  -16.503 0.3000000119
41679  47.698  -39.888  -15.459 0.3000000119
41677  49.323  -39.390  -15.925 0.3000000119
41649  44.833  -39.809  -11.981 0.4000000060
41648  45.490  -39.386  -12.430 0.4000000060
40702  45.265  -40.302  -12.675 0.4000000060
41667  46.789  -39.841  -14.355 0.3000000119
41632  45.006  -38.872  -11.781 0.4000000060
43414  30.644  -37.401  -16.587 0.6000000238
57277  34.025  -21.725  -24.002 0.3000000119
124369  32.906  -21.034  -23.825 0.3000000119
58299  32.710  -20.433  -23.742 0.3000000119
59215  32.741  -19.770  -23.755 0.3000000119
60097  32.890  -19.037  -23.731 0.3000000119
41693  50.812  -39.250  -16.992 0.3000000119
36256  44.050  -45.883  -9.672 0.5000000000
37171  45.545  -43.860  -13.341 0.4000000060
129864  48.249  -40.629  -17.380 0.3000000119
123517  34.788  -21.002  -22.018 0.3000000119
130939  45.553  -48.980  -11.511 0.3000000119
34643  46.310  -47.853  -11.695 0.3000000119
31553  33.962  -51.260  -12.468 0.6000000238
32355  33.380  -50.872  -12.246 0.6999999881
122421  33.083  -50.253  -12.427 0.6999999881
34651  46.945  -47.572  -12.275 0.3000000119
29716  42.985  -53.926  -15.516 0.3000000119
29708  43.146  -53.126  -15.052 0.3000000119
33179  31.648  -49.617  -12.881 0.6999999881
33174  44.764  -49.969  -12.329 0.3000000119
32356  32.143  -50.060  -12.166 0.6999999881
32342  32.642  -50.772  -11.908 0.6999999881
33173  46.609  -49.092  -12.419 0.3000000119
121132  46.656  -48.360  -12.150 0.3000000119
33942  47.183  -48.518  -12.631 0.3000000119
35391  48.370  -46.961  -13.646 0.3000000119
34650  47.663  -47.880  -12.888 0.3000000119
35380  47.445  -46.934  -12.740 0.3000000119
36311  48.567  -45.533  -14.528 0.3000000119
36299  48.240  -46.011  -13.842 0.3000000119
35392  47.831  -46.439  -13.271 0.3000000119
31567  43.582  -51.520  -14.699 0.3000000119
32369  44.088  -50.405  -13.736 0.4000000060
33966  32.038  -48.075  -14.789 0.6999999881
33194  45.301  -50.055  -13.118 0.3000000119
32349  44.399  -50.211  -13.126 0.3000000119
33199  32.106  -49.062  -13.438 0.6999999881
33178  32.623  -49.625  -12.843 0.6999999881
33193  46.434  -49.729  -13.172 0.3000000119
33172  47.158  -49.179  -12.961 0.3000000119
34657  48.265  -47.898  -13.521 0.3000000119
36310  49.218  -46.039  -15.042 0.3000000119
32381  43.809  -50.748  -14.232 0.4000000060
33955  31.611  -48.533  -14.076 0.6999999881
32367  45.740  -50.172  -14.089 0.3000000119
32368  44.805  -50.283  -13.937 0.3000000119
33954  32.594  -48.552  -14.046 0.6999999881
33941  47.812  -48.733  -13.352 0.3000000119
33965  33.106  -48.093  -14.725 0.6999999881
37183  48.153  -44.504  -14.747 0.3000000119
36300  47.640  -45.489  -13.493 0.3000000119
36323  48.886  -45.151  -15.365 0.3000000119
34669  32.551  -47.445  -15.300 0.6999999881
34679  33.370  -47.103  -15.558 0.6999999881
33206  47.631  -49.637  -14.585 0.3000000119
33192  47.377  -49.476  -13.636 0.3000000119
37199  48.631  -44.159  -16.838 0.3000000119
33207  46.745  -49.962  -14.286 0.3000000119
37190  48.423  -44.324  -15.818 0.3000000119
113164  34.316  -51.791  -12.977 0.5000000000
30641  32.733  -52.136  -11.351 0.6999999881
31537  33.870  -51.921  -12.116 0.6000000238
117178  33.469  -52.246  -11.677 0.6000000238
32357  31.235  -50.182  -12.347 0.6999999881
33200  31.155  -49.182  -13.592 0.6999999881
30679  43.598  -52.427  -15.453 0.3000000119
33956  30.790  -48.542  -13.977 0.6999999881
32390  44.307  -51.047  -15.142 0.4000000060
33967  31.249  -48.058  -14.537 0.6999999881
32380  44.522  -50.591  -14.552 0.4000000060
35404  32.201  -46.411  -15.175 0.6999999881
32379  45.222  -50.431  -14.900 0.3000000119
32378  46.085  -50.248  -15.193 0.3000000119
32387  46.413  -50.262  -16.394 0.3000000119
33164  46.165  -48.728  -11.792 0.3000000119
121464  31.999  -47.013  -15.435 0.6999999881
31538  33.231  -51.511  -11.813 0.6000000238
32377  47.039  -50.015  -15.436 0.3000000119
32389  44.884  -50.695  -15.586 0.3000000119
30682  36.571  -52.476  -16.343 0.5000000000
28810  34.822  -54.276  -15.623 0.5000000000
28808  36.786  -53.604  -15.955 0.4000000060
26270  30.567  -57.603  -10.032 0.4000000060
24594  28.827  -59.689  -10.460 0.5000000000
119576  36.652  -52.948  -16.432 0.4000000060
29717  36.975  -52.989  -16.426 0.5000000000
30683  35.416  -52.786  -15.601 0.5000000000
23654  27.649  -60.548  -11.259 0.4000000060
22726  26.534  -61.537  -11.675 0.4000000060
25454  29.403  -58.994  -10.284 0.5000000000
30658  34.518  -52.409  -13.571 0.4000000060
123212  26.160  -61.075  -11.797 0.4000000060
21774  26.127  -62.232  -11.781 0.4000000060
24606  27.502  -58.997  -11.381 0.4000000060
118323  29.208  -58.187  -10.487 0.5000000000
25455  28.403  -58.795  -10.791 0.4000000060
27095  30.313  -56.819  -10.191 0.5000000000
119514  32.046  -54.817  -10.401 0.4000000060
129978  33.986  -52.730  -12.232 0.5000000000
29660  32.944  -53.773  -10.891 0.4000000060
28769  32.350  -54.159  -10.548 0.4000000060
29675  33.678  -53.598  -11.606 0.4000000060
122328  25.526  -61.067  -11.869 0.4000000060
24612  22.079  -59.661  -11.481 0.4000000060
25468  23.398  -58.458  -11.630 0.4000000060
26272  28.470  -57.835  -10.867 0.5000000000
123505  27.755  -58.138  -11.317 0.4000000060
26284  24.442  -57.593  -11.823 0.4000000060
126518  29.400  -56.955  -10.532 0.5000000000
27927  26.296  -55.308  -12.388 0.4000000060
122369  25.395  -55.744  -12.184 0.4000000060
123295  30.449  -55.926  -10.389 0.5000000000
119059  30.539  -55.219  -10.527 0.5000000000
28786  25.938  -54.399  -12.298 0.4000000060
132644  25.731  -53.887  -12.137 0.4000000060
28770  31.096  -54.690  -10.448 0.6000000238
29661  32.125  -53.430  -10.639 0.6000000238
133935  32.648  -53.205  -10.915 0.5000000000
23667  23.157  -60.193  -11.707 0.4000000060
24611  23.209  -59.311  -11.648 0.4000000060
23664  25.985  -60.488  -11.709 0.4000000060
24610  24.196  -59.058  -11.600 0.4000000060
26280  28.027  -57.301  -11.411 0.5000000000
25464  27.089  -58.354  -11.717 0.4000000060
26283  25.122  -57.963  -11.911 0.4000000060
27096  29.009  -56.528  -10.869 0.5000000000
115733  26.183  -56.258  -12.334 0.4000000060
27107  25.442  -56.462  -12.133 0.4000000060
27915  29.669  -55.360  -10.734 0.5000000000
29662  30.647  -53.804  -10.520 0.5000000000
29680  26.422  -53.702  -12.299 0.4000000060
30632  31.548  -52.760  -10.766 0.6000000238
30631  32.346  -52.733  -10.970 0.6000000238
124583  24.116  -59.887  -11.730 0.4000000060
24609  24.863  -59.594  -11.674 0.4000000060
25465  25.895  -58.302  -11.835 0.4000000060
27106  26.808  -56.918  -12.225 0.4000000060
27916  28.999  -55.919  -11.044 0.5000000000
27926  27.340  -55.261  -12.209 0.4000000060
28785  26.886  -54.513  -12.414 0.4000000060
28771  30.148  -54.567  -10.642 0.5000000000
29679  27.451  -53.803  -12.417 0.4000000060
31539  32.272  -51.426  -11.507 0.6000000238
30642  31.867  -52.082  -11.116 0.6000000238
118225  30.996  -52.166  -11.060 0.6000000238
123536  24.808  -61.085  -11.931 0.4000000060
24608  25.650  -59.730  -11.636 0.4000000060
26282  26.499  -57.764  -11.965 0.4000000060
131940  25.719  -57.633  -12.007 0.4000000060
27104  28.390  -56.465  -11.404 0.5000000000
27105  27.600  -56.723  -11.954 0.5000000000
120354  27.858  -55.919  -11.921 0.5000000000
27925  28.149  -55.200  -11.801 0.5000000000
28784  27.776  -54.534  -12.168 0.5000000000
28772  29.312  -54.542  -11.061 0.5000000000
27924  28.857  -55.214  -11.297 0.5000000000
28783  28.548  -54.499  -11.643 0.5000000000
29676  29.886  -53.235  -11.021 0.6000000238
30645  27.982  -53.062  -12.474 0.5000000000
30660  27.528  -52.427  -12.528 0.4000000060
32343  31.729  -50.734  -11.812 0.6000000238
31540  31.353  -51.478  -11.487 0.6000000238
30643  30.131  -52.414  -11.325 0.6000000238
29677  29.036  -53.690  -11.434 0.5000000000
29678  28.222  -53.806  -12.117 0.5000000000
31541  30.446  -51.650  -11.662 0.6000000238
125257  29.528  -51.849  -11.897 0.6000000238
133877  28.548  -53.182  -11.980 0.5000000000
32344  30.812  -50.933  -12.046 0.6000000238
34659  30.168  -47.447  -13.744 0.5000000000
121102  30.078  -48.276  -13.691 0.6000000238
33201  29.253  -49.436  -13.365 0.5000000000
131879  30.182  -49.145  -13.513 0.6000000238
33181  29.749  -49.962  -13.263 0.6000000238
117733  28.836  -50.152  -13.288 0.5000000000
32360  28.305  -50.927  -13.126 0.5000000000
31542  28.733  -52.027  -12.213 0.5000000000
30644  28.493  -52.619  -12.197 0.5000000000
30659  28.088  -52.227  -12.553 0.5000000000
31555  27.453  -51.601  -12.835 0.5000000000
34671  31.013  -47.515  -14.441 0.6000000238
33968  30.624  -48.011  -14.199 0.6000000238
32359  29.315  -50.664  -12.969 0.6000000238
31554  28.316  -51.633  -12.716 0.5000000000
33180  30.696  -49.766  -13.114 0.6000000238
121545  34.166  -53.900  -14.233 0.4000000060
29693  34.175  -53.318  -13.249 0.4000000060
126911  35.171  -52.258  -14.699 0.4000000060
32358  30.261  -50.430  -12.698 0.6000000238
28816  35.751  -54.354  -15.773 0.5000000000
28811  34.125  -54.636  -15.316 0.5000000000
28817  35.319  -54.295  -15.759 0.5000000000
29712  34.657  -53.801  -15.309 0.5000000000
26271  29.796  -57.575  -10.321 0.5000000000
23663  26.827  -60.690  -11.674 0.4000000060
123415  26.507  -59.839  -11.657 0.4000000060
115748  23.991  -56.966  -11.814 0.4000000060
28787  25.217  -54.905  -12.143 0.4000000060
115767  26.159  -59.070  -11.680 0.4000000060
26281  27.313  -57.549  -11.833 0.4000000060
23666  24.087  -60.702  -11.872 0.4000000060
130043  29.879  -51.142  -12.310 0.6000000238
25469  22.442  -58.672  -11.478 0.3000000119
27928  24.592  -55.362  -11.923 0.3000000119
26286  22.701  -57.858  -11.495 0.3000000119
29681  24.973  -54.017  -11.875 0.3000000119
27109  23.328  -56.218  -11.593 0.3000000119
28788  24.045  -54.595  -11.712 0.3000000119
27929  23.676  -55.406  -11.648 0.3000000119
23665  25.041  -60.392  -11.780 0.4000000060
24607  27.225  -59.830  -11.548 0.4000000060
25453  30.172  -58.370  -10.086 0.4000000060
25466  25.196  -58.855  -11.691 0.4000000060
25467  24.342  -58.263  -11.707 0.4000000060
26285  23.633  -57.686  -11.683 0.4000000060
27108  24.515  -56.178  -11.893 0.3000000119
27112  40.709  -56.871  -12.311 0.6999999881
27113  35.636  -56.928  -13.157 0.5000000000
27900  38.377  -55.545  -9.800 0.6000000238
27919  41.170  -55.148  -12.167 0.6000000238
28754  38.902  -54.351  -9.575 0.6999999881
28755  38.188  -54.857  -9.609 0.6000000238
28764  40.895  -53.797  -11.104 0.6000000238
28802  41.697  -54.463  -13.200 0.5000000000
28815  36.235  -53.574  -16.226 0.5000000000
29645  40.027  -53.352  -9.917 0.6999999881
29663  29.780  -53.950  -10.818 0.5000000000
29694  27.104  -53.025  -12.352 0.4000000060
29704  34.624  -53.068  -14.405 0.4000000060
29710  37.490  -52.706  -16.204 0.5000000000
29711  35.688  -53.453  -16.047 0.4000000060
30616  38.193  -52.506  -9.352 0.8000000119
30630  33.165  -52.912  -11.319 0.6000000238
30633  30.737  -52.923  -10.728 0.6000000238
30639  41.455  -52.401  -11.794 0.4000000060
30657  37.479  -52.514  -14.467 0.6000000238
30680  43.122  -52.334  -14.526 0.3000000119
30693  37.276  -52.376  -16.476 0.6000000238
31536  36.756  -51.469  -12.971 0.6999999881
31551  37.595  -50.965  -14.750 0.6999999881
31561  42.616  -51.540  -13.365 0.5000000000
32309  40.414  -50.549  -8.915 0.6999999881
32311  38.816  -50.290  -8.564 0.6999999881
32312  38.097  -50.424  -8.744 0.6999999881
32321  41.653  -50.322  -9.806 0.6000000238
32370  43.487  -50.597  -13.404 0.5000000000
32373  37.215  -50.194  -15.454 0.8999999762
33134  38.599  -49.454  -8.565 0.6999999881
33158  44.482  -49.357  -11.112 0.4000000060
33160  42.744  -49.678  -10.330 0.4000000060
33906  37.817  -48.996  -8.845 0.8000000119
33914  42.554  -48.741  -9.164 0.6000000238
33916  37.290  -48.618  -9.513 0.8000000119
33953  33.645  -48.682  -14.080 0.8000000119
33957  29.405  -48.658  -13.432 0.5000000000
34613  41.646  -47.492  -8.416 0.6999999881
34615  39.996  -47.241  -8.384 0.6999999881
34670  31.663  -47.540  -15.043 0.6999999881
34684  38.680  -48.575  -17.216 1.0000000000
34687  36.363  -47.548  -16.627 0.8000000119
35375  37.587  -46.431  -11.648 0.8000000119
35382  37.724  -46.312  -12.319 0.8000000119
35405  31.538  -46.851  -14.784 0.6000000238
35411  34.794  -46.913  -15.952 0.8000000119
35418  40.039  -47.444  -17.899 1.0000000000
35427  40.511  -47.218  -18.592 1.0000000000
36246  42.856  -45.791  -9.060 0.6999999881
36247  42.242  -45.689  -8.823 0.6999999881
36248  41.471  -45.626  -8.656 0.6999999881
36260  38.578  -45.900  -9.488 0.8000000119
36273  44.507  -45.501  -10.348 0.5000000000
36312  48.071  -45.121  -14.045 0.3000000119
36335  40.962  -46.922  -18.912 1.0000000000
37126  40.418  -44.396  -8.933 0.6999999881
37154  45.209  -44.735  -11.815 0.4000000060
37943  41.582  -43.498  -9.403 0.6000000238
37946  38.889  -43.884  -9.792 0.6999999881
37997  46.682  -43.560  -15.353 0.4000000060
38003  31.202  -42.935  -13.970 0.6000000238
38029  41.276  -44.681  -19.370 1.0000000000
38835  44.029  -42.948  -12.187 0.4000000060
38844  44.469  -42.835  -13.695 0.4000000060
38861  34.478  -42.468  -15.765 0.8999999762
38878  42.044  -42.879  -20.738 1.0000000000
38885  41.095  -42.279  -20.936 1.0000000000
39676  41.371  -42.259  -9.690 0.6000000238
39689  40.411  -41.409  -9.940 0.6000000238
39786  46.670  -42.110  -17.409 0.3000000119
39794  42.072  -42.516  -20.865 1.0000000000
39803  41.712  -41.992  -21.015 1.0000000000
40704  37.994  -40.718  -12.763 0.6999999881
40716  37.844  -40.806  -13.413 0.8000000119
40726  45.661  -41.078  -14.335 0.3000000119
40727  38.241  -40.327  -14.768 0.8000000119
41626  41.321  -39.509  -10.550 0.6000000238
41628  39.603  -39.868  -10.814 0.6999999881
41637  38.720  -39.774  -11.885 0.6999999881
41661  45.899  -39.863  -13.126 0.4000000060
42509  42.354  -38.747  -10.672 0.6000000238
43347  45.093  -37.872  -11.703 0.3000000119
43350  42.421  -37.408  -10.951 0.6000000238
43351  41.403  -37.415  -11.111 0.6999999881
43353  39.994  -37.723  -11.616 0.6999999881
43376  39.931  -37.007  -12.859 0.6999999881
43421  33.685  -37.277  -17.493 0.8000000119
43427  39.019  -37.430  -20.830 1.0000000000
44159  45.827  -36.097  -12.412 0.3000000119
44160  41.040  -35.800  -12.500 0.6999999881
44185  40.339  -36.423  -14.186 0.6999999881
44954  43.929  -35.587  -11.785 0.5000000000
44966  42.262  -35.318  -12.238 0.6999999881
45835  44.117  -34.264  -12.374 0.5000000000
45845  42.222  -34.246  -13.238 0.6999999881
45895  37.756  -34.429  -19.887 0.8999999762
45896  36.458  -34.549  -19.463 0.8000000119
46778  45.238  -34.072  -12.674 0.3000000119
46787  43.399  -33.248  -13.294 0.5000000000
46801  42.417  -33.773  -14.602 0.5000000000
46850  45.274  -34.417  -20.954 0.4000000060
46859  45.833  -33.885  -22.110 0.3000000119
46861  45.019  -34.493  -21.511 0.4000000060
46862  45.434  -34.075  -22.273 0.3000000119
46864  45.049  -33.935  -22.521 0.3000000119
47855  45.718  -33.951  -20.509 0.4000000060
47865  45.927  -33.864  -21.279 0.3000000119
47866  44.640  -34.205  -21.788 0.4000000060
48846  46.797  -32.318  -20.696 0.3000000119
48860  46.000  -32.757  -22.266 0.3000000119
48861  45.098  -32.927  -22.727 0.3000000119
49741  41.591  -30.367  -17.699 0.4000000060
49754  46.016  -31.324  -18.969 0.3000000119
50642  35.203  -29.030  -20.899 0.4000000060
51449  30.555  -27.812  -19.758 0.4000000060
52998  35.436  -26.841  -21.961 0.3000000119
113455  36.918  -48.738  -15.654 1.0000000000
113487  26.883  -59.112  -11.687 0.4000000060
114062  41.042  -50.656  -9.385 0.6999999881
114488  36.444  -49.702  -14.902 0.8999999762
116363  25.970  -57.025  -12.138 0.4000000060
116396  25.046  -57.116  -11.977 0.4000000060
116448  35.640  -31.929  -19.788 0.6999999881
117158  39.305  -38.132  -12.958 0.6999999881
118224  38.814  -48.025  -8.656 0.8000000119
118246  37.308  -35.745  -19.770 1.0000000000
118403  43.142  -32.949  -14.962 0.4000000060
119511  25.824  -61.606  -11.884 0.4000000060
120470  37.711  -42.816  -12.453 0.6999999881
120655  45.735  -49.551  -12.201 0.3000000119
121548  27.036  -56.073  -12.310 0.4000000060
122474  29.615  -56.237  -10.566 0.5000000000
122823  41.204  -47.868  -8.409 0.6000000238
123602  31.641  -54.054  -10.408 0.6000000238
124324  31.330  -53.383  -10.516 0.6000000238
124431  28.992  -51.364  -12.544 0.5000000000
124737  43.526  -43.525  -10.787 0.5000000000
125527  43.459  -34.427  -12.388 0.6000000238
126353  33.989  -50.489  -12.829 0.6000000238
126691  42.735  -54.572  -15.844 0.4000000060
127735  37.614  -46.742  -10.025 0.8000000119
127785  37.423  -53.223  -15.600 0.4000000060
128612  37.092  -51.646  -9.615 0.8000000119
130015  28.704  -57.099  -10.928 0.5000000000
131516  47.952  -47.257  -13.171 0.3000000119
131981  29.160  -52.688  -11.656 0.6000000238
133148  34.378  -43.890  -15.889 0.8999999762
133684  29.099  -57.530  -10.613 0.5000000000
133976  26.545  -58.521  -11.773 0.4000000060
134261  32.648  -44.788  -14.660 0.8000000119
134916  40.777  -57.409  -14.675 0.5000000000
134940  28.461  -55.745  -11.501 0.5000000000
