#!ascii label  , from subject bert vox2ras=TkReg
737
114888  24.450  -68.788  -11.001 0.6000000238
15237  22.439  -70.216  -4.007 0.6999999881
16042  22.423  -69.799  -4.972 0.6999999881
16810  25.015  -68.552  -6.212 0.8999999762
120388  24.681  -68.821  -8.150 0.8000000119
16834  24.498  -68.937  -9.220 0.8000000119
16880  23.695  -68.603  -11.102 0.6000000238
17602  24.248  -68.108  -11.718 0.6999999881
18388  24.517  -67.395  -11.957 0.6999999881
16011  22.278  -69.661  -3.789 0.6999999881
15996  22.826  -70.125  -2.995 0.6999999881
16043  22.083  -69.440  -4.911 0.6999999881
16813  21.965  -68.669  -6.067 0.6000000238
16058  22.139  -69.267  -5.485 0.6999999881
16805  22.744  -69.355  -5.719 0.6999999881
16811  23.121  -69.005  -6.524 0.8000000119
134118  23.034  -68.649  -7.909 0.8000000119
16835  23.552  -68.751  -8.608 0.8000000119
16847  23.565  -68.908  -9.712 0.8000000119
16863  23.674  -68.868  -10.469 0.6000000238
117940  23.807  -67.702  -11.731 0.6000000238
18387  25.418  -66.899  -11.923 0.6999999881
16792  22.911  -68.830  -3.311 0.5000000000
16010  22.927  -69.556  -3.059 0.6000000238
17553  22.357  -67.637  -4.916 0.4000000060
16798  22.001  -69.185  -4.518 0.6000000238
17554  21.905  -68.027  -5.532 0.5000000000
16814  21.774  -68.354  -6.988 0.6000000238
16812  22.343  -68.981  -6.249 0.8000000119
133676  22.278  -68.579  -7.465 0.6999999881
16837  22.249  -68.599  -9.374 0.6999999881
16849  22.216  -68.634  -10.332 0.6999999881
18389  23.018  -67.559  -11.428 0.5000000000
113375  23.801  -66.803  -11.788 0.6000000238
19205  24.286  -65.811  -11.878 0.6000000238
121910  24.672  -66.554  -11.928 0.6000000238
19203  26.065  -65.903  -11.791 0.5000000000
17540  24.042  -67.463  -3.394 0.5000000000
16782  23.591  -68.954  -2.640 0.6000000238
15983  23.608  -69.862  -1.607 0.6000000238
17541  23.151  -67.894  -3.667 0.5000000000
17557  21.712  -67.969  -6.406 0.5000000000
17562  21.638  -67.849  -7.138 0.6000000238
18337  21.523  -67.584  -8.454 0.6000000238
17589  21.628  -67.879  -10.412 0.6000000238
17605  21.867  -67.772  -10.939 0.5000000000
112718  22.211  -67.494  -11.234 0.5000000000
18390  22.711  -66.536  -11.424 0.6000000238
121967  23.708  -65.072  -11.836 0.6000000238
20050  24.658  -64.792  -11.968 0.5000000000
20049  25.603  -64.887  -11.829 0.5000000000
125320  26.824  -63.902  -11.397 0.5000000000
20048  26.471  -64.827  -11.562 0.5000000000
16781  24.398  -68.256  -2.305 0.5000000000
15964  24.006  -69.129  -1.212 0.5000000000
17547  22.640  -67.702  -4.281 0.5000000000
18323  22.615  -67.008  -5.547 0.4000000060
18329  23.474  -66.290  -6.144 0.3000000119
18330  22.549  -66.765  -6.491 0.4000000060
18335  22.472  -66.686  -7.434 0.3000000119
19154  23.366  -66.134  -8.234 0.3000000119
18336  21.783  -67.324  -7.786 0.5000000000
18346  21.655  -66.964  -8.699 0.5000000000
18361  21.617  -66.652  -9.573 0.5000000000
18375  21.530  -66.993  -10.655 0.5000000000
18391  21.832  -66.668  -11.083 0.5000000000
18398  22.123  -65.774  -11.285 0.6000000238
20058  22.924  -64.496  -11.806 0.6000000238
122557  24.565  -63.846  -12.050 0.5000000000
119515  25.256  -63.999  -11.890 0.5000000000
20896  26.340  -63.085  -11.572 0.5000000000
17531  24.569  -67.546  -2.827 0.5000000000
17539  24.702  -66.834  -3.297 0.5000000000
18315  24.153  -66.439  -4.450 0.5000000000
19127  24.450  -65.889  -5.865 0.4000000060
19141  24.340  -65.891  -6.744 0.4000000060
19153  24.323  -65.813  -7.666 0.3000000119
19167  23.626  -65.488  -9.147 0.3000000119
19182  22.050  -65.673  -10.073 0.4000000060
19183  21.659  -66.188  -10.420 0.5000000000
19194  21.542  -65.338  -10.867 0.4000000060
20051  23.828  -64.172  -12.043 0.5000000000
20899  23.954  -63.212  -12.116 0.5000000000
20895  27.172  -63.095  -11.194 0.5000000000
20897  25.675  -63.384  -11.775 0.5000000000
17530  25.123  -66.995  -2.555 0.5000000000
19096  25.319  -66.213  -3.426 0.5000000000
18314  24.550  -66.382  -3.874 0.5000000000
19111  24.738  -65.977  -5.040 0.4000000060
19140  25.239  -65.557  -6.471 0.4000000060
19165  24.993  -65.381  -8.009 0.3000000119
19166  24.389  -65.429  -8.493 0.3000000119
19181  22.990  -65.480  -9.820 0.4000000060
20027  22.577  -64.649  -10.315 0.4000000060
20028  21.725  -64.489  -10.593 0.4000000060
20039  21.402  -64.433  -10.935 0.4000000060
20052  21.431  -64.534  -11.158 0.5000000000
113716  21.494  -63.688  -11.608 0.5000000000
126509  22.204  -63.986  -11.878 0.6000000238
21776  24.554  -62.349  -12.063 0.4000000060
21775  25.418  -62.255  -11.939 0.5000000000
135682  25.356  -66.511  -2.860 0.4000000060
19139  26.028  -65.190  -6.194 0.4000000060
19110  25.180  -65.895  -4.180 0.4000000060
19994  25.912  -65.159  -7.050 0.4000000060
20002  25.668  -65.011  -7.874 0.4000000060
20012  24.439  -64.711  -9.193 0.4000000060
20864  24.151  -63.736  -9.703 0.4000000060
20013  23.600  -64.690  -9.831 0.4000000060
20875  23.111  -63.690  -10.255 0.4000000060
20876  21.931  -63.571  -10.471 0.4000000060
134125  21.050  -63.142  -11.093 0.5000000000
20900  21.009  -62.894  -11.331 0.5000000000
21790  21.372  -62.118  -11.760 0.6000000238
21777  23.491  -62.379  -12.094 0.5000000000
23666  24.087  -60.702  -11.872 0.4000000060
22727  24.061  -61.559  -12.017 0.4000000060
125959  26.010  -65.648  -3.469 0.4000000060
19125  26.151  -65.207  -5.343 0.4000000060
19109  26.280  -65.307  -4.386 0.4000000060
19993  26.424  -64.499  -6.678 0.4000000060
20863  25.130  -63.731  -9.105 0.4000000060
21756  22.314  -62.689  -10.287 0.4000000060
21757  21.389  -62.678  -10.644 0.4000000060
21765  20.748  -62.101  -11.138 0.5000000000
22728  20.919  -61.522  -11.351 0.4000000060
124998  22.989  -61.764  -11.982 0.6000000238
133875  27.052  -64.743  -4.277 0.4000000060
19973  26.835  -64.724  -5.029 0.4000000060
20834  26.898  -63.880  -6.321 0.4000000060
20001  26.236  -64.395  -7.541 0.4000000060
20862  25.839  -64.129  -8.360 0.4000000060
21741  25.255  -62.757  -9.167 0.4000000060
22699  24.073  -61.885  -9.527 0.5000000000
21755  23.536  -62.741  -9.931 0.4000000060
22700  22.781  -61.877  -9.962 0.3000000119
22711  22.014  -61.270  -10.447 0.3000000119
118170  21.626  -61.983  -10.456 0.4000000060
23668  20.823  -60.591  -11.042 0.4000000060
23677  21.359  -60.560  -11.372 0.4000000060
22741  21.977  -61.430  -11.722 0.5000000000
19964  26.806  -64.911  -3.428 0.4000000060
114928  26.668  -63.756  -7.148 0.4000000060
20861  25.870  -63.082  -8.678 0.4000000060
125284  25.538  -62.207  -8.995 0.3000000119
22698  25.008  -61.559  -9.210 0.3000000119
120452  23.482  -61.318  -9.782 0.3000000119
22701  22.823  -61.165  -10.089 0.3000000119
22712  21.006  -61.301  -10.725 0.3000000119
24613  21.198  -59.674  -11.116 0.4000000060
25477  21.646  -58.861  -11.218 0.4000000060
20833  27.483  -63.372  -5.989 0.3000000119
20842  27.186  -63.211  -6.815 0.3000000119
20851  26.809  -63.064  -7.604 0.3000000119
21740  26.243  -62.313  -8.601 0.3000000119
22697  25.851  -61.470  -8.883 0.3000000119
23635  25.301  -60.795  -9.164 0.3000000119
23636  24.312  -60.884  -9.504 0.4000000060
24579  23.996  -59.854  -9.655 0.4000000060
23637  23.356  -60.596  -9.910 0.3000000119
24580  22.899  -59.786  -10.063 0.3000000119
115008  21.166  -59.861  -10.872 0.3000000119
24596  21.191  -59.354  -11.004 0.4000000060
126387  21.383  -58.964  -11.080 0.4000000060
26294  21.997  -58.100  -11.240 0.4000000060
119749  24.837  -60.182  -9.388 0.4000000060
25436  23.777  -58.292  -9.526 0.4000000060
123663  23.334  -59.018  -9.731 0.4000000060
124683  22.393  -58.970  -10.225 0.3000000119
24589  21.598  -58.980  -10.733 0.4000000060
27085  22.045  -56.797  -10.787 0.4000000060
27098  21.981  -57.004  -10.967 0.4000000060
26273  21.787  -57.749  -10.968 0.4000000060
129957  22.208  -57.335  -11.224 0.4000000060
25437  22.913  -58.208  -9.961 0.4000000060
26259  22.541  -57.410  -10.092 0.5000000000
122926  22.298  -56.654  -10.259 0.4000000060
27917  22.302  -55.387  -10.689 0.4000000060
113829  22.980  -57.052  -11.512 0.3000000119
27931  22.275  -55.560  -10.896 0.3000000119
16846  25.143  -68.944  -9.889 0.6999999881
124515  24.150  -68.714  -6.566 0.8000000119
16881  22.783  -68.567  -10.828 0.6000000238
16836  22.866  -68.730  -9.312 0.6999999881
16848  22.713  -68.743  -10.164 0.6999999881
18324  22.020  -67.435  -6.129 0.4000000060
17563  21.592  -68.078  -7.915 0.6999999881
16838  21.895  -68.333  -8.676 0.6999999881
17604  22.356  -68.287  -11.033 0.6999999881
18316  23.152  -67.032  -4.704 0.5000000000
18362  21.419  -67.154  -9.969 0.5000000000
19168  22.533  -66.249  -9.174 0.4000000060
20059  21.967  -64.758  -11.486 0.6000000238
20907  22.991  -63.691  -12.069 0.5000000000
20908  22.092  -63.283  -12.090 0.6000000238
21742  24.571  -62.790  -9.524 0.3000000119
125309  20.844  -62.005  -10.823 0.4000000060
19972  27.514  -64.300  -3.831 0.4000000060
124333  21.866  -59.755  -10.457 0.3000000119
25444  22.148  -58.202  -10.433 0.3000000119
27110  22.364  -56.353  -11.172 0.3000000119
14421  29.248  -71.534  -4.264 0.6000000238
119569  29.673  -72.317  -4.191 0.6000000238
12339  30.876  -74.502  -5.373 0.6000000238
12363  30.948  -74.451  -6.585 0.6000000238
115070  27.595  -74.310  -3.919 0.5000000000
13673  28.003  -72.737  -3.879 0.6000000238
131380  27.899  -70.444  -4.560 0.6999999881
14422  28.481  -71.121  -4.308 0.6999999881
12997  28.173  -73.585  -3.739 0.6000000238
14420  29.945  -71.460  -4.629 0.6000000238
124059  30.511  -72.211  -4.732 0.6000000238
14451  30.645  -71.717  -6.217 0.6000000238
13721  30.994  -72.329  -6.457 0.6000000238
134144  31.231  -73.483  -6.031 0.6000000238
114674  31.144  -72.801  -7.106 0.6000000238
13073  31.390  -73.283  -8.889 0.6999999881
13013  26.945  -73.255  -4.981 0.6000000238
123537  26.872  -71.661  -4.547 0.6999999881
12318  27.195  -73.929  -4.577 0.5000000000
116960  27.318  -72.548  -4.431 0.6999999881
117171  27.845  -71.846  -4.175 0.6999999881
15232  28.611  -70.361  -4.769 0.6999999881
15231  29.358  -70.827  -4.600 0.6999999881
15245  30.208  -70.999  -5.943 0.5000000000
14458  30.937  -71.923  -7.327 0.6000000238
14468  31.236  -71.776  -8.586 0.6000000238
13738  31.360  -72.518  -9.021 0.6999999881
14478  30.924  -71.917  -9.401 0.6999999881
13081  31.059  -73.187  -9.692 0.6999999881
13745  30.232  -72.281  -10.525 0.6999999881
13773  34.067  -72.843  -13.741 0.4000000060
14507  31.777  -72.078  -13.502 0.5000000000
120423  29.354  -72.318  -14.325 0.6000000238
13755  29.670  -72.528  -12.253 0.6999999881
12341  24.745  -73.789  -6.154 0.5000000000
13034  25.226  -73.274  -5.419 0.5000000000
116866  25.391  -72.719  -4.868 0.6000000238
13033  26.042  -73.370  -5.858 0.5000000000
128389  26.015  -71.285  -4.447 0.6999999881
13014  26.138  -72.896  -5.290 0.5000000000
13689  26.665  -72.475  -4.845 0.6000000238
14424  26.559  -70.730  -4.389 0.6999999881
15233  27.089  -70.132  -4.491 0.6999999881
16023  27.722  -69.790  -4.963 0.6999999881
16055  29.195  -70.118  -6.015 0.6999999881
15252  30.342  -71.201  -6.931 0.6000000238
14459  30.673  -71.194  -7.967 0.6000000238
15271  29.919  -70.876  -9.362 0.6999999881
14491  29.541  -71.855  -11.481 0.6999999881
120139  29.078  -72.685  -13.936 0.6000000238
14500  28.920  -72.065  -13.370 0.6000000238
12299  23.400  -74.410  -3.716 0.5000000000
12342  23.833  -74.470  -5.576 0.4000000060
124380  24.452  -73.521  -4.708 0.5000000000
13016  23.989  -73.974  -4.252 0.5000000000
14426  24.185  -71.350  -4.140 0.6000000238
13691  24.739  -72.239  -4.364 0.6000000238
15235  25.073  -70.225  -4.560 0.6999999881
14425  25.157  -71.423  -4.402 0.6000000238
16024  25.540  -69.507  -4.764 0.6999999881
16040  26.589  -69.374  -4.862 0.6999999881
16056  28.508  -69.703  -6.267 0.6999999881
16072  29.142  -69.910  -6.992 0.6999999881
15253  29.805  -70.492  -6.673 0.6999999881
15263  30.215  -70.669  -8.372 0.6999999881
15285  29.198  -70.486  -9.923 0.6999999881
15297  28.683  -70.856  -11.385 0.8000000119
14492  28.769  -71.552  -12.401 0.6999999881
15313  30.009  -71.496  -14.237 0.5000000000
14509  29.108  -71.925  -14.376 0.6000000238
14501  28.624  -71.540  -13.908 0.6000000238
11657  22.975  -75.056  -4.099 0.4000000060
12999  23.687  -73.539  -3.547 0.6000000238
12998  24.173  -72.854  -3.918 0.6000000238
14407  23.800  -71.921  -3.793 0.6000000238
15236  23.800  -70.619  -4.420 0.6000000238
16041  23.561  -69.596  -5.256 0.6000000238
16797  24.874  -69.167  -5.203 0.6999999881
16796  25.810  -69.004  -5.092 0.6999999881
16808  26.828  -68.777  -6.159 0.6999999881
117062  27.952  -69.550  -5.645 0.6999999881
122820  27.045  -69.077  -6.955 0.8000000119
16074  27.550  -69.295  -7.541 0.8000000119
16087  28.102  -69.510  -8.486 0.6000000238
16086  28.774  -69.940  -9.221 0.6000000238
15298  27.976  -70.634  -12.008 0.8000000119
15304  31.186  -70.863  -12.649 0.5000000000
15305  30.074  -70.529  -13.647 0.6000000238
16133  28.796  -70.448  -14.085 0.6999999881
16123  31.060  -69.946  -12.203 0.6000000238
117662  22.554  -73.479  -2.450 0.5000000000
12984  22.201  -74.203  -2.450 0.4000000060
11635  21.418  -74.676  -2.457 0.4000000060
12983  23.075  -73.083  -2.827 0.5000000000
13000  22.991  -73.967  -2.963 0.5000000000
14408  23.234  -71.531  -3.296 0.6000000238
14427  23.222  -70.953  -3.851 0.6000000238
126602  23.201  -70.168  -4.758 0.6000000238
16804  24.122  -68.871  -5.800 0.6999999881
16809  25.987  -68.594  -6.144 0.8000000119
16822  25.656  -68.890  -7.601 0.8000000119
16832  26.658  -69.115  -8.964 0.6000000238
116606  27.374  -69.299  -9.304 0.6000000238
16102  27.600  -70.013  -11.194 0.6999999881
16114  27.463  -70.318  -12.406 0.6999999881
16134  27.894  -69.773  -13.456 0.6999999881
116956  30.048  -69.780  -12.879 0.6000000238
16876  28.884  -69.094  -13.027 0.6000000238
17598  28.922  -67.765  -11.824 0.6000000238
16113  30.925  -69.043  -11.475 0.6000000238
17597  29.652  -68.089  -11.471 0.6000000238
14393  23.090  -71.435  -2.453 0.5000000000
13663  22.575  -72.776  -2.223 0.5000000000
130371  21.580  -74.078  -1.929 0.5000000000
12265  20.863  -74.229  -1.835 0.5000000000
15203  22.950  -70.745  -3.073 0.5000000000
13675  23.050  -72.113  -2.701 0.5000000000
133643  22.721  -70.509  -4.026 0.6000000238
16833  25.656  -69.001  -8.774 0.6999999881
16845  26.088  -68.889  -9.825 0.6000000238
16104  26.515  -69.025  -10.706 0.6000000238
16116  26.442  -69.006  -11.500 0.6000000238
16135  27.325  -69.653  -12.952 0.6999999881
16889  26.903  -68.954  -12.505 0.6000000238
16888  27.513  -68.990  -12.978 0.6000000238
16877  28.519  -68.438  -12.626 0.6999999881
17588  29.553  -67.307  -10.972 0.4000000060
15202  23.281  -70.640  -2.192 0.5000000000
130835  22.571  -71.728  -1.175 0.5000000000
13640  22.003  -72.099  -0.824 0.5000000000
13641  21.253  -72.324  -0.698 0.5000000000
13643  19.368  -72.275  -0.711 0.5000000000
13655  18.655  -72.578  -1.246 0.5000000000
16879  24.983  -68.407  -11.578 0.6000000238
131202  26.386  -68.363  -12.207 0.6000000238
18397  26.734  -67.066  -12.056 0.4000000060
17600  27.362  -67.285  -12.108 0.5000000000
18384  27.835  -66.730  -11.515 0.4000000060
18373  29.151  -66.088  -10.421 0.4000000060
18383  28.739  -66.883  -11.178 0.5000000000
14359  23.262  -70.581  -1.222 0.6000000238
133146  22.927  -71.127  -0.976 0.5000000000
14361  21.581  -71.582  -0.432 0.5000000000
14362  20.711  -71.683  -0.352 0.5000000000
14363  19.932  -71.723  -0.396 0.5000000000
14364  19.321  -71.225  -0.491 0.5000000000
119911  18.408  -70.743  -1.494 0.4000000060
15204  18.216  -70.168  -2.212 0.5000000000
15998  17.667  -69.270  -2.876 0.4000000060
15999  16.962  -68.986  -2.735 0.4000000060
16013  16.737  -69.373  -3.518 0.4000000060
18386  26.191  -66.820  -11.886 0.6000000238
112279  26.621  -66.385  -11.777 0.4000000060
19201  27.574  -65.889  -11.244 0.4000000060
18374  28.291  -66.034  -10.819 0.4000000060
115606  22.839  -70.530  -0.603 0.5000000000
15172  22.228  -70.521  -0.150 0.4000000060
15156  20.789  -70.369  0.253 0.4000000060
15157  20.141  -70.243  0.152 0.5000000000
16735  19.744  -69.044  0.008 0.4000000060
15968  18.754  -69.406  -1.069 0.5000000000
16756  19.150  -68.731  -0.701 0.4000000060
16773  18.523  -68.516  -1.530 0.5000000000
15984  18.375  -69.367  -1.866 0.5000000000
16774  17.782  -68.119  -1.880 0.3000000119
16775  17.153  -68.461  -2.037 0.3000000119
118528  15.939  -68.851  -1.520 0.3000000119
16755  23.649  -68.881  -0.429 0.5000000000
15944  22.032  -70.033  0.319 0.5000000000
15945  21.398  -69.818  0.459 0.4000000060
16772  24.370  -68.541  -1.607 0.4000000060
131601  23.551  -68.338  0.038 0.4000000060
16731  23.034  -67.983  0.458 0.4000000060
17478  21.439  -67.591  0.458 0.4000000060
17513  24.787  -67.737  -1.485 0.4000000060
17498  23.754  -67.621  0.060 0.4000000060
18274  25.066  -66.845  -1.094 0.4000000060
17476  23.180  -67.115  0.412 0.4000000060
18244  21.677  -66.829  0.299 0.4000000060
133462  21.266  -66.471  0.012 0.4000000060
17475  23.926  -66.755  0.089 0.4000000060
18290  25.538  -66.459  -2.262 0.3000000119
19049  23.371  -65.594  0.206 0.4000000060
19050  22.659  -65.772  0.254 0.4000000060
18266  20.833  -66.094  -0.388 0.4000000060
19087  25.986  -65.850  -2.021 0.4000000060
19067  19.981  -65.942  -0.787 0.4000000060
19066  20.513  -65.158  -0.856 0.4000000060
19073  26.279  -65.079  -1.810 0.3000000119
19061  25.234  -65.263  -0.685 0.4000000060
19062  24.524  -65.135  -0.315 0.4000000060
19063  23.777  -65.047  -0.010 0.4000000060
123772  22.114  -65.225  -0.176 0.4000000060
130877  21.689  -64.762  -0.574 0.4000000060
19935  22.376  -64.413  -0.515 0.3000000119
16861  25.567  -68.765  -10.902 0.6000000238
15217  22.910  -70.656  -3.554 0.5000000000
17601  25.154  -67.864  -12.013 0.6000000238
19202  26.940  -65.630  -11.500 0.4000000060
13031  31.001  -73.830  -4.964 0.6000000238
13744  30.796  -72.608  -9.810 0.6999999881
14480  29.400  -71.186  -10.657 0.6999999881
13767  32.462  -72.465  -13.431 0.5000000000
15312  31.384  -71.573  -13.269 0.5000000000
13769  29.806  -72.934  -14.357 0.5000000000
14508  30.287  -72.068  -14.326 0.4000000060
133087  29.574  -71.930  -14.485 0.6000000238
12320  24.307  -73.931  -5.077 0.5000000000
16073  28.363  -69.573  -7.264 0.6999999881
16124  29.364  -70.329  -13.901 0.6000000238
122713  24.734  -70.854  -4.388 0.6000000238
114403  29.038  -69.782  -8.038 0.6999999881
15286  28.466  -70.132  -10.569 0.8000000119
15306  28.206  -71.205  -13.025 0.6999999881
12300  22.542  -74.758  -3.243 0.4000000060
16088  27.289  -69.278  -8.395 0.6000000238
118205  28.048  -69.541  -9.890 0.6000000238
16126  27.619  -70.270  -13.166 0.6999999881
15307  27.919  -70.743  -13.183 0.6999999881
16112  31.777  -69.346  -11.397 0.5000000000
16122  32.086  -70.023  -11.711 0.5000000000
16886  28.549  -69.826  -13.653 0.6999999881
16125  29.229  -69.729  -13.482 0.6000000238
134779  26.771  -69.098  -9.818 0.6999999881
16103  27.169  -69.427  -10.457 0.6999999881
16115  26.936  -69.687  -11.681 0.6999999881
17599  28.106  -67.647  -12.153 0.6000000238
16875  29.734  -68.934  -12.264 0.6000000238
118425  30.388  -67.618  -10.681 0.6000000238
13653  22.235  -72.497  -1.490 0.5000000000
13654  21.625  -72.847  -1.170 0.5000000000
12973  20.410  -73.658  -1.396 0.4000000060
17613  25.761  -68.200  -12.016 0.6000000238
17612  26.895  -68.345  -12.484 0.6000000238
16012  17.486  -69.576  -3.348 0.3000000119
18385  27.175  -66.495  -11.722 0.5000000000
19193  27.973  -65.151  -10.696 0.4000000060
15176  18.934  -70.153  -0.717 0.5000000000
16784  17.625  -68.818  -2.440 0.4000000060
16000  16.039  -69.363  -2.740 0.4000000060
18264  25.218  -66.041  -0.850 0.4000000060
126279  24.739  -65.738  -0.421 0.4000000060
8437  33.299  -80.639  -5.318 0.3000000119
8449  34.032  -80.257  -5.779 0.3000000119
132880  34.930  -78.030  -13.129 0.4000000060
9800  37.698  -78.012  -13.259 0.4000000060
9786  38.420  -78.550  -12.885 0.4000000060
9785  39.295  -78.123  -12.707 0.4000000060
11111  33.134  -76.456  -13.223 0.4000000060
125170  32.406  -77.649  -12.662 0.4000000060
10444  31.928  -77.511  -12.551 0.4000000060
10445  31.531  -77.067  -12.358 0.5000000000
10422  31.226  -77.837  -11.052 0.5000000000
11083  30.619  -76.561  -11.017 0.5000000000
11765  36.075  -76.094  -14.118 0.4000000060
114811  35.014  -77.306  -13.369 0.5000000000
10442  33.425  -78.570  -12.703 0.5000000000
10409  30.379  -77.449  -9.605 0.5000000000
11108  37.270  -76.470  -14.105 0.5000000000
10455  36.904  -77.438  -13.604 0.5000000000
11107  38.446  -76.215  -13.994 0.5000000000
9799  38.756  -77.801  -13.170 0.4000000060
10440  39.418  -77.439  -12.608 0.4000000060
9784  39.473  -78.073  -12.200 0.4000000060
9779  39.468  -78.067  -11.805 0.4000000060
9767  38.553  -78.427  -10.409 0.3000000119
134859  38.479  -79.178  -8.874 0.4000000060
12460  33.944  -74.588  -13.784 0.4000000060
122160  31.823  -75.387  -13.838 0.4000000060
11769  30.795  -75.798  -14.154 0.4000000060
12459  34.998  -74.873  -14.023 0.4000000060
11767  34.162  -76.050  -13.549 0.4000000060
11768  33.103  -75.503  -13.632 0.4000000060
11100  31.527  -76.456  -12.888 0.4000000060
122137  30.859  -76.178  -13.050 0.5000000000
11092  30.677  -76.202  -12.227 0.5000000000
11773  36.088  -75.198  -14.255 0.4000000060
123584  35.097  -76.471  -13.651 0.4000000060
11110  34.126  -76.949  -13.331 0.4000000060
11756  30.189  -75.866  -13.555 0.5000000000
122574  30.512  -75.910  -11.624 0.5000000000
11737  30.503  -76.012  -10.655 0.5000000000
11729  30.562  -75.539  -10.018 0.6000000238
12420  30.830  -74.723  -9.948 0.6000000238
11723  30.685  -76.135  -8.791 0.6000000238
13754  30.530  -73.053  -11.083 0.6000000238
118362  30.802  -73.874  -10.467 0.6000000238
12403  30.925  -75.283  -8.432 0.5000000000
11087  39.390  -77.002  -12.417 0.4000000060
13065  31.193  -73.486  -7.913 0.5000000000
10419  38.897  -77.973  -11.327 0.4000000060
10420  37.850  -77.693  -10.645 0.4000000060
9748  38.428  -78.676  -9.316 0.4000000060
12462  31.172  -75.011  -14.165 0.4000000060
13112  30.321  -74.487  -14.271 0.5000000000
12448  29.559  -75.230  -13.792 0.5000000000
13106  29.386  -74.423  -14.101 0.5000000000
11746  30.398  -75.355  -11.536 0.5000000000
13101  29.434  -74.313  -13.529 0.5000000000
12433  30.585  -74.632  -11.145 0.6000000238
13100  29.585  -73.365  -12.976 0.6000000238
13089  30.264  -73.971  -11.946 0.6000000238
7809  33.023  -81.527  -4.720 0.3000000119
9032  34.350  -79.420  -5.655 0.3000000119
10380  36.007  -77.256  -7.508 0.3000000119
13108  34.963  -74.067  -14.125 0.4000000060
13109  34.113  -73.717  -13.845 0.4000000060
13110  33.001  -73.610  -13.647 0.4000000060
12461  32.586  -74.617  -13.814 0.4000000060
13775  31.948  -73.170  -13.676 0.4000000060
13105  29.600  -73.977  -14.248 0.5000000000
13776  30.575  -73.517  -14.179 0.4000000060
13770  29.350  -73.490  -14.125 0.5000000000
113828  31.175  -73.929  -9.402 0.6000000238
12402  30.957  -74.433  -8.143 0.5000000000
13111  31.575  -74.057  -13.892 0.4000000060
10459  32.338  -76.880  -12.814 0.4000000060
11068  30.261  -77.012  -9.065 0.5000000000
10393  36.421  -77.346  -8.071 0.3000000119
133326  33.439  -74.113  -13.747 0.4000000060
11770  30.008  -75.778  -14.080 0.5000000000
118778  30.209  -75.560  -12.611 0.5000000000
12447  29.962  -74.876  -12.494 0.6000000238
23655  20.848  -60.588  -10.960 0.3000000119
7153  33.215  -82.333  -5.012 0.3000000119
7824  33.218  -81.464  -5.298 0.3000000119
9108  39.159  -79.100  -10.274 0.3000000119
9140  39.406  -78.728  -12.120 0.4000000060
9704  34.791  -78.580  -5.700 0.3000000119
9789  34.406  -78.647  -12.850 0.4000000060
10406  37.985  -78.045  -9.583 0.4000000060
10423  30.604  -77.279  -10.492 0.5000000000
10430  39.478  -77.532  -12.207 0.4000000060
10431  39.370  -77.368  -11.919 0.4000000060
10434  30.977  -77.015  -11.371 0.5000000000
10441  39.246  -77.273  -13.112 0.4000000060
10443  32.384  -78.409  -12.530 0.4000000060
10453  39.328  -76.874  -12.861 0.4000000060
10454  38.338  -77.097  -13.648 0.5000000000
10457  34.178  -77.845  -13.009 0.5000000000
10458  33.153  -77.532  -12.827 0.4000000060
11059  35.589  -76.610  -7.274 0.3000000119
11078  30.352  -76.867  -10.072 0.5000000000
11091  31.173  -76.758  -12.140 0.5000000000
11109  36.009  -76.914  -13.781 0.4000000060
11112  31.812  -76.005  -13.439 0.4000000060
11659  20.909  -75.158  -3.071 0.4000000060
11673  22.459  -75.275  -4.556 0.4000000060
11722  30.866  -75.442  -9.279 0.6000000238
11730  30.462  -76.232  -9.661 0.6000000238
11736  30.637  -75.230  -10.661 0.6000000238
11766  35.111  -75.654  -13.860 0.4000000060
12298  27.081  -74.561  -4.410 0.5000000000
12321  23.616  -74.542  -4.576 0.5000000000
12338  31.130  -73.989  -5.858 0.6000000238
12463  30.252  -75.269  -14.235 0.5000000000
12961  20.837  -73.011  -1.006 0.4000000060
12971  22.015  -73.409  -1.820 0.5000000000
12972  21.253  -73.582  -1.477 0.5000000000
13012  27.532  -73.383  -4.197 0.5000000000
13015  24.713  -73.014  -4.590 0.5000000000
13030  31.202  -73.268  -5.514 0.6000000238
13048  31.067  -73.634  -6.735 0.6000000238
13113  29.643  -74.946  -14.192 0.5000000000
13642  20.336  -72.380  -0.633 0.5000000000
13672  29.142  -72.865  -3.803 0.6000000238
13674  23.486  -72.520  -3.324 0.6000000238
13688  28.696  -72.181  -3.938 0.6000000238
13690  25.853  -72.074  -4.699 0.6000000238
13708  30.995  -72.390  -5.537 0.6000000238
13730  31.416  -72.515  -8.107 0.6000000238
13768  31.053  -72.652  -13.907 0.4000000060
14346  21.064  -71.030  0.004 0.5000000000
14360  22.344  -71.252  -0.599 0.5000000000
14378  23.071  -71.308  -1.614 0.5000000000
14379  22.772  -72.021  -1.925 0.5000000000
14409  23.078  -71.263  -3.020 0.5000000000
14423  27.485  -70.951  -4.359 0.6999999881
14438  30.455  -71.529  -5.301 0.6000000238
14469  30.780  -71.210  -9.005 0.6999999881
14479  30.059  -71.627  -9.898 0.6999999881
15155  21.553  -70.472  0.168 0.4000000060
15173  21.790  -70.985  -0.188 0.4000000060
15174  20.170  -70.991  -0.027 0.5000000000
15175  19.529  -70.398  -0.245 0.5000000000
15188  18.531  -70.093  -1.366 0.5000000000
15218  18.002  -69.876  -2.997 0.4000000060
15230  29.965  -70.818  -5.117 0.6000000238
15234  26.120  -70.027  -4.477 0.6999999881
15246  29.311  -70.364  -5.176 0.6999999881
15264  29.693  -70.243  -7.695 0.6999999881
15272  29.555  -70.232  -8.738 0.6999999881
15314  29.092  -71.051  -14.326 0.6000000238
15315  28.325  -71.042  -14.020 0.6999999881
15316  28.154  -70.450  -13.773 0.6999999881
15943  22.983  -68.956  0.219 0.4000000060
15965  23.358  -69.707  -0.662 0.5000000000
15966  22.603  -69.848  -0.038 0.5000000000
15967  19.285  -69.592  -0.416 0.4000000060
15982  24.002  -69.128  -2.008 0.6000000238
15985  16.207  -69.016  -2.163 0.4000000060
15995  23.353  -69.757  -2.380 0.6000000238
15997  18.071  -69.363  -2.495 0.4000000060
16014  15.911  -69.383  -3.666 0.4000000060
16025  24.376  -69.854  -4.799 0.6000000238
16026  22.643  -70.316  -4.286 0.6000000238
16027  22.175  -69.805  -4.452 0.6999999881
16038  28.576  -69.948  -5.407 0.6999999881
16039  27.227  -69.135  -5.496 0.6999999881
16057  27.669  -69.255  -6.432 0.6999999881
16127  27.295  -69.952  -12.575 0.6999999881
16128  26.879  -69.331  -12.243 0.6999999881
16754  24.165  -68.245  -0.703 0.4000000060
16783  18.086  -68.801  -2.145 0.4000000060
16791  23.863  -68.173  -3.047 0.5000000000
16802  26.362  -68.815  -5.474 0.6999999881
16803  25.403  -68.728  -5.609 0.6999999881
16806  21.957  -68.895  -5.175 0.5000000000
16821  26.622  -69.131  -7.860 0.8000000119
16823  24.817  -68.691  -7.117 0.8999999762
16824  23.675  -68.728  -7.472 0.8000000119
16825  22.591  -68.757  -7.226 0.8000000119
16826  22.014  -68.415  -7.756 0.6999999881
16850  21.854  -68.431  -9.610 0.6000000238
16862  24.589  -68.915  -10.489 0.6999999881
16864  22.811  -68.634  -10.577 0.6000000238
16865  22.024  -68.464  -10.703 0.6999999881
16866  21.831  -68.454  -10.250 0.6000000238
16874  32.609  -69.126  -11.294 0.5000000000
16878  26.159  -68.632  -11.882 0.6000000238
16882  22.362  -68.573  -10.614 0.6999999881
16887  28.220  -69.127  -13.235 0.6999999881
17477  22.355  -67.429  0.504 0.4000000060
17497  24.455  -67.293  -0.538 0.4000000060
17512  25.236  -67.024  -1.873 0.3000000119
17542  22.246  -68.564  -3.992 0.4000000060
17548  22.054  -68.349  -4.703 0.6000000238
17571  21.522  -68.022  -8.892 0.6999999881
17579  21.522  -67.948  -9.706 0.6000000238
17603  23.309  -68.222  -11.290 0.6000000238
17610  27.963  -68.483  -12.794 0.6000000238
17611  27.448  -68.082  -12.569 0.5000000000
18241  24.072  -65.845  0.042 0.4000000060
18242  23.315  -66.281  0.330 0.4000000060
18243  22.495  -66.573  0.396 0.4000000060
18245  20.849  -66.952  0.027 0.4000000060
18265  24.608  -66.422  -0.418 0.4000000060
18273  25.510  -66.316  -1.562 0.4000000060
18302  23.694  -67.004  -3.958 0.5000000000
18322  23.759  -66.431  -5.286 0.4000000060
18331  21.914  -67.322  -6.844 0.4000000060
18334  23.417  -66.258  -7.108 0.3000000119
18345  22.303  -66.660  -8.279 0.4000000060
18347  21.470  -67.393  -9.167 0.6000000238
19051  21.747  -66.024  0.074 0.4000000060
19064  22.928  -65.045  0.003 0.4000000060
19065  21.333  -65.339  -0.457 0.4000000060
19074  25.748  -65.549  -1.268 0.4000000060
19095  26.329  -65.367  -2.645 0.4000000060
19126  25.359  -65.564  -5.625 0.4000000060
19152  25.130  -65.523  -7.316 0.4000000060
19204  25.148  -65.807  -11.930 0.6000000238
19206  23.496  -65.915  -11.674 0.6000000238
19207  21.691  -65.502  -11.117 0.5000000000
19212  22.819  -65.406  -11.543 0.6000000238
19936  21.157  -64.731  -0.790 0.4000000060
19982  27.195  -64.072  -5.518 0.4000000060
19983  26.572  -64.563  -5.841 0.4000000060
20011  25.173  -64.807  -8.583 0.4000000060
20852  26.358  -63.555  -7.956 0.4000000060
20886  21.305  -63.447  -10.886 0.5000000000
20898  25.046  -63.104  -11.996 0.5000000000
20909  21.376  -62.795  -11.870 0.6000000238
21731  26.915  -62.422  -8.129 0.3000000119
21778  20.980  -62.287  -11.515 0.4000000060
21789  22.243  -62.409  -12.068 0.6000000238
22719  20.704  -61.371  -11.029 0.4000000060
23648  22.383  -60.532  -10.298 0.3000000119
23649  21.418  -60.536  -10.651 0.3000000119
25445  21.733  -58.211  -10.856 0.4000000060
25456  21.501  -58.604  -11.052 0.4000000060
25470  21.501  -58.306  -11.076 0.4000000060
26260  22.031  -57.484  -10.634 0.4000000060
26286  22.701  -57.858  -11.495 0.4000000060
26287  21.846  -57.699  -11.053 0.4000000060
27084  22.220  -55.951  -10.488 0.4000000060
27097  22.146  -56.116  -10.837 0.4000000060
27930  22.716  -55.464  -11.249 0.3000000119
28790  22.512  -54.879  -10.916 0.3000000119
112788  24.276  -69.057  -10.004 0.6999999881
112859  24.219  -73.430  -4.180 0.6000000238
113767  26.333  -68.877  -6.907 0.8000000119
116478  22.090  -69.361  0.503 0.5000000000
117390  31.180  -74.649  -8.968 0.6000000238
117718  19.233  -73.013  -1.104 0.5000000000
118662  22.540  -68.559  -8.279 0.8000000119
119229  25.535  -65.596  -4.890 0.4000000060
119573  26.014  -64.009  -11.608 0.5000000000
119593  25.594  -68.699  -6.785 0.8000000119
120529  34.280  -75.327  -13.733 0.4000000060
120561  20.999  -60.007  -11.011 0.3000000119
120790  25.079  -61.639  -11.974 0.4000000060
120792  24.127  -59.021  -9.453 0.4000000060
120871  21.183  -63.657  -11.166 0.5000000000
120961  23.115  -61.030  -11.874 0.4000000060
121394  25.630  -70.721  -4.407 0.6000000238
122361  24.893  -62.187  -9.255 0.4000000060
123428  25.723  -62.779  -11.821 0.5000000000
123527  22.624  -70.258  -3.579 0.5000000000
123529  21.666  -65.231  -10.647 0.4000000060
123693  31.244  -72.948  -6.201 0.6000000238
124456  22.125  -68.631  -6.877 0.8000000119
125415  24.909  -67.539  -2.225 0.5000000000
125731  22.964  -62.994  -12.128 0.5000000000
126193  21.608  -66.151  -10.805 0.4000000060
126783  26.168  -67.703  -12.119 0.6000000238
126929  29.718  -70.533  -5.750 0.6999999881
127876  30.651  -76.114  -13.780 0.5000000000
128751  22.304  -60.572  -11.627 0.5000000000
128932  18.749  -70.751  -0.888 0.4000000060
129968  31.233  -73.948  -8.658 0.6999999881
130651  20.952  -62.680  -10.989 0.5000000000
131183  25.812  -66.023  -2.773 0.3000000119
131259  27.417  -64.208  -4.686 0.4000000060
131399  26.905  -67.706  -12.362 0.6000000238
131801  28.593  -73.005  -3.743 0.6000000238
132240  16.584  -68.681  -2.006 0.3000000119
132594  31.448  -72.905  -8.510 0.6999999881
133250  22.014  -74.762  -2.760 0.4000000060
134244  22.445  -68.601  -10.503 0.6999999881
134247  22.133  -68.470  -8.538 0.6999999881
134571  26.437  -62.892  -8.220 0.3000000119
134833  30.158  -70.723  -7.505 0.6999999881
134987  30.258  -76.033  -13.816 0.5000000000
135185  19.125  -70.651  -0.564 0.5000000000
135253  29.122  -68.429  -12.303 0.6000000238
