#!ascii label  , from subject bert vox2ras=TkReg
881
11089  37.625  -77.006  -11.214 0.3000000119
16873  33.568  -68.838  -11.426 0.6000000238
20024  32.837  -64.313  -9.911 0.6999999881
20871  32.152  -63.073  -9.615 0.6999999881
10432  38.600  -77.204  -11.555 0.4000000060
128892  35.709  -74.450  -14.247 0.4000000060
11744  38.068  -75.554  -11.840 0.5000000000
11090  37.053  -76.259  -11.253 0.5000000000
16120  34.137  -69.380  -12.109 0.6999999881
17586  33.207  -67.441  -10.759 0.6999999881
17596  33.746  -67.925  -11.343 0.5000000000
20037  33.342  -64.135  -10.749 0.6000000238
20023  33.299  -64.910  -10.272 0.6000000238
20884  32.872  -63.374  -10.360 0.6999999881
11099  39.189  -76.244  -12.736 0.5000000000
12466  36.695  -74.378  -14.372 0.4000000060
11743  38.854  -75.871  -12.336 0.6000000238
13772  34.961  -72.401  -14.198 0.4000000060
119759  34.861  -71.227  -13.772 0.5000000000
11755  38.998  -75.473  -12.843 0.6000000238
14505  34.118  -71.531  -13.110 0.6000000238
16131  34.301  -70.067  -12.682 0.6000000238
12444  38.577  -74.966  -12.576 0.6000000238
16885  34.634  -68.701  -12.856 0.6000000238
124231  33.951  -66.164  -11.438 0.6000000238
121749  33.653  -64.779  -11.009 0.6000000238
21772  31.882  -62.468  -12.370 0.6999999881
21761  32.643  -62.818  -11.427 0.6999999881
121199  32.542  -62.153  -11.301 0.6999999881
115644  32.176  -61.534  -10.294 0.6999999881
22725  32.330  -61.515  -11.850 0.6999999881
23662  32.479  -60.691  -11.724 0.6999999881
22715  32.588  -61.012  -10.896 0.6999999881
119496  32.353  -59.990  -12.350 0.6999999881
11106  39.034  -76.358  -13.355 0.5000000000
11764  37.965  -75.693  -14.265 0.5000000000
133398  36.940  -75.734  -14.291 0.5000000000
13781  35.165  -73.144  -14.301 0.4000000060
11762  38.997  -75.502  -13.240 0.5000000000
14511  35.338  -71.735  -14.263 0.5000000000
15319  34.530  -70.669  -13.236 0.6000000238
13104  38.759  -73.915  -13.074 0.6000000238
120378  38.908  -74.788  -13.195 0.5000000000
13103  39.057  -73.056  -13.724 0.5000000000
121340  34.610  -67.984  -12.702 0.6999999881
16872  34.303  -68.396  -11.996 0.6999999881
20905  32.561  -63.821  -12.504 0.6000000238
19200  33.855  -65.205  -11.891 0.6000000238
20894  31.834  -63.222  -12.632 0.6000000238
20893  32.951  -63.531  -11.561 0.6000000238
22740  31.611  -61.828  -13.149 0.6000000238
23644  32.232  -60.619  -10.408 0.6999999881
23676  31.629  -60.113  -13.681 0.6000000238
24604  32.298  -59.120  -12.378 0.6999999881
128472  32.601  -59.442  -11.420 0.6999999881
116910  31.978  -60.858  -12.888 0.6999999881
115234  36.473  -72.984  -14.585 0.4000000060
11763  38.765  -75.434  -13.810 0.5000000000
12465  38.049  -74.205  -14.359 0.4000000060
14517  36.479  -71.490  -14.565 0.5000000000
15318  35.204  -70.482  -14.005 0.6000000238
12458  38.817  -74.493  -13.952 0.4000000060
115372  34.601  -69.372  -12.985 0.6000000238
12457  38.939  -73.965  -13.708 0.4000000060
13114  38.284  -73.229  -14.548 0.4000000060
13777  38.862  -72.761  -14.290 0.4000000060
14515  38.877  -71.598  -14.456 0.4000000060
18381  34.263  -66.648  -12.133 0.6000000238
134452  34.105  -65.999  -12.300 0.6000000238
123299  31.505  -63.258  -13.508 0.6000000238
113673  32.901  -64.474  -12.982 0.6000000238
21788  31.364  -62.733  -13.323 0.6000000238
24593  32.545  -59.208  -10.681 0.6999999881
25463  32.443  -58.286  -12.317 0.6999999881
24605  31.756  -59.472  -13.370 0.6000000238
118232  37.549  -72.898  -14.711 0.4000000060
13779  37.136  -72.302  -14.683 0.4000000060
16892  34.803  -68.890  -13.678 0.6999999881
14516  37.927  -71.630  -14.616 0.4000000060
117457  34.814  -68.094  -13.446 0.8000000119
14514  39.276  -71.494  -14.304 0.5000000000
18396  34.152  -66.411  -13.080 0.6999999881
19211  33.688  -65.458  -13.045 0.6000000238
20917  31.826  -63.530  -14.029 0.5000000000
20065  32.387  -64.042  -13.867 0.6000000238
25440  32.207  -58.594  -10.285 0.6999999881
24624  31.677  -59.483  -14.475 0.6000000238
115303  31.675  -60.911  -13.884 0.6000000238
25451  32.654  -58.763  -11.324 0.8000000119
26267  32.721  -57.929  -11.117 0.8000000119
23688  31.518  -60.045  -14.186 0.6000000238
24618  31.409  -59.417  -14.158 0.6000000238
15323  36.159  -70.543  -14.518 0.5000000000
15322  37.552  -70.789  -14.589 0.5000000000
16139  39.381  -69.226  -14.733 0.6999999881
123912  38.666  -71.063  -14.532 0.4000000060
17609  34.522  -67.276  -13.187 0.6999999881
19214  34.019  -65.634  -13.738 0.6999999881
20925  32.109  -63.330  -14.378 0.6000000238
20064  33.268  -64.713  -13.752 0.6000000238
21801  32.016  -62.232  -14.373 0.6000000238
119120  32.850  -57.088  -11.040 0.6000000238
23687  31.954  -60.452  -14.339 0.6000000238
26279  32.706  -57.282  -12.162 0.6999999881
26302  31.925  -57.881  -15.049 0.6999999881
26293  31.561  -57.857  -14.436 0.6999999881
25475  32.010  -57.846  -13.399 0.6999999881
16141  37.109  -69.766  -14.641 0.5000000000
16896  36.066  -68.971  -14.296 0.6000000238
16137  35.121  -69.115  -14.082 0.6000000238
16894  38.821  -68.444  -14.973 0.6999999881
16140  38.415  -69.294  -14.789 0.6000000238
16891  35.226  -68.320  -14.091 0.6999999881
16136  39.549  -70.087  -14.401 0.6999999881
18399  34.606  -66.546  -13.899 0.6999999881
19220  33.830  -64.923  -14.238 0.6999999881
20924  32.783  -63.608  -14.439 0.5000000000
20069  32.948  -64.211  -14.312 0.6000000238
27093  31.989  -56.423  -10.254 0.5000000000
22752  32.438  -61.418  -14.297 0.6000000238
21810  32.283  -62.963  -14.523 0.6000000238
27912  32.945  -55.659  -10.937 0.6000000238
27913  32.374  -55.617  -10.506 0.5000000000
24623  32.578  -59.723  -14.527 0.6000000238
135322  31.920  -61.375  -14.140 0.6000000238
27103  32.795  -56.397  -12.780 0.6000000238
27923  33.222  -55.691  -11.878 0.5000000000
28781  33.857  -54.172  -12.055 0.5000000000
25483  32.268  -58.812  -14.987 0.6999999881
26308  32.778  -57.057  -15.400 0.6999999881
27119  32.471  -56.052  -15.126 0.6999999881
27941  32.850  -55.494  -14.499 0.5000000000
26307  33.766  -57.332  -15.432 0.6999999881
27125  32.924  -56.265  -15.578 0.6000000238
17619  35.682  -67.508  -14.344 0.6000000238
123047  37.594  -68.077  -14.859 0.6999999881
119770  36.384  -68.185  -14.492 0.6000000238
17617  38.481  -67.478  -15.072 0.6999999881
18404  35.217  -66.920  -14.292 0.6999999881
118983  33.891  -64.331  -14.465 0.6999999881
19219  34.583  -65.690  -14.276 0.6999999881
21809  33.028  -63.185  -14.454 0.6000000238
21800  32.953  -62.427  -14.322 0.5000000000
28782  33.457  -54.387  -11.363 0.4000000060
119083  33.364  -59.251  -14.534 0.6000000238
27936  33.010  -55.606  -13.239 0.5000000000
28798  33.578  -54.909  -12.281 0.5000000000
28804  33.651  -54.711  -14.512 0.4000000060
25489  33.034  -57.942  -15.255 0.6000000238
27124  33.912  -56.514  -15.760 0.6999999881
27130  33.917  -55.756  -15.786 0.5000000000
18402  37.702  -66.554  -15.063 0.6000000238
18403  36.104  -66.778  -14.674 0.6999999881
19216  38.057  -64.920  -15.173 0.6999999881
115834  37.543  -65.699  -15.106 0.6999999881
114195  35.294  -66.266  -14.496 0.6000000238
118129  34.565  -65.081  -14.488 0.6000000238
22751  33.742  -61.528  -13.829 0.6000000238
119194  34.140  -62.375  -13.833 0.5000000000
23686  33.061  -60.604  -14.267 0.6000000238
130868  34.552  -59.120  -13.723 0.6000000238
24617  33.779  -59.885  -14.021 0.6000000238
124815  33.411  -55.007  -13.563 0.4000000060
28797  33.900  -54.246  -13.114 0.5000000000
29674  34.012  -53.631  -12.375 0.4000000060
26300  34.316  -57.864  -14.932 0.6000000238
29693  34.175  -53.318  -13.249 0.4000000060
27123  34.999  -56.261  -15.507 0.6000000238
27129  34.571  -55.858  -15.759 0.5000000000
114911  36.380  -66.015  -14.878 0.6999999881
19218  35.413  -65.532  -14.661 0.6000000238
20067  36.954  -64.294  -14.992 0.6999999881
129371  35.930  -63.973  -14.617 0.6000000238
20068  35.422  -64.677  -14.641 0.6000000238
133576  37.925  -64.204  -15.211 0.6999999881
20922  34.721  -63.923  -14.415 0.5000000000
24616  34.877  -59.924  -12.989 0.6000000238
22739  34.816  -61.250  -12.967 0.6000000238
23675  34.262  -60.685  -13.430 0.6000000238
25481  34.837  -58.279  -13.976 0.6000000238
26306  34.695  -57.075  -15.235 0.6000000238
27946  35.271  -55.307  -15.565 0.5000000000
21799  36.622  -62.839  -14.280 0.6999999881
20915  35.595  -63.420  -14.267 0.6999999881
125365  35.179  -62.752  -13.734 0.6000000238
22750  34.954  -61.899  -13.246 0.5000000000
115823  35.473  -59.131  -12.506 0.6000000238
23674  35.263  -60.654  -12.487 0.6000000238
128193  35.267  -58.532  -13.019 0.6000000238
27113  35.636  -56.928  -13.157 0.6000000238
27940  35.632  -55.618  -14.797 0.5000000000
14503  38.607  -71.352  -12.747 0.5000000000
15308  39.816  -70.960  -14.032 0.5000000000
15310  38.081  -70.459  -12.354 0.5000000000
16130  39.405  -69.785  -13.198 0.5000000000
16890  39.812  -69.012  -14.354 0.6999999881
130039  40.197  -67.408  -14.289 0.6999999881
16129  39.981  -69.225  -13.839 0.5000000000
16884  39.463  -68.804  -13.175 0.5000000000
16893  39.715  -68.442  -14.832 0.6999999881
17614  40.005  -67.968  -14.635 0.6999999881
18400  39.376  -66.763  -15.168 0.6999999881
10421  36.905  -77.070  -10.544 0.3000000119
21750  32.531  -62.404  -10.422 0.6999999881
18369  33.298  -66.520  -10.565 0.6000000238
122699  32.575  -61.708  -10.867 0.6999999881
24585  32.188  -59.817  -10.216 0.6999999881
15320  39.270  -70.920  -14.467 0.6000000238
22753  31.694  -62.062  -13.869 0.6000000238
27091  32.959  -56.420  -11.430 0.6000000238
27114  32.318  -56.239  -14.217 0.6999999881
26301  31.975  -56.870  -14.988 0.6999999881
121109  33.263  -55.082  -11.332 0.5000000000
28768  32.784  -54.775  -10.773 0.5000000000
27947  34.357  -54.990  -15.619 0.5000000000
20923  33.616  -63.675  -14.446 0.5000000000
26299  35.151  -57.486  -14.201 0.6000000238
18395  39.456  -66.647  -13.537 0.6000000238
20891  38.924  -63.483  -12.231 0.6000000238
22734  40.526  -61.804  -13.376 0.4000000060
20057  38.416  -64.648  -12.800 0.5000000000
18394  39.658  -65.854  -14.415 0.6000000238
14506  33.098  -71.872  -12.932 0.5000000000
21784  40.621  -62.120  -12.606 0.4000000060
15311  33.643  -70.992  -12.553 0.5000000000
16121  33.137  -69.761  -11.661 0.5000000000
20892  38.579  -64.063  -12.571 0.5000000000
22747  41.614  -61.178  -13.541 0.4000000060
16132  33.618  -70.203  -12.138 0.5000000000
16874  32.609  -69.126  -11.294 0.5000000000
21771  39.553  -62.761  -13.062 0.6000000238
16858  32.952  -68.310  -10.923 0.5000000000
20063  39.298  -64.895  -14.074 0.5000000000
17607  40.120  -66.635  -14.587 0.6000000238
23700  42.360  -59.843  -15.550 0.4000000060
23691  43.077  -60.587  -14.881 0.4000000060
22735  40.107  -62.200  -13.273 0.4000000060
16860  30.406  -68.360  -11.176 0.5000000000
20904  39.330  -63.462  -13.462 0.5000000000
16859  32.023  -68.620  -10.884 0.5000000000
18371  31.110  -66.984  -10.223 0.5000000000
19213  39.462  -65.321  -14.827 0.6000000238
117512  40.058  -67.076  -14.876 0.6000000238
18356  33.001  -65.732  -10.032 0.5000000000
18359  30.879  -66.190  -9.894 0.5000000000
18372  30.259  -66.795  -10.367 0.4000000060
20914  39.412  -63.559  -14.685 0.5000000000
20056  39.221  -64.145  -13.846 0.5000000000
20062  39.197  -64.388  -14.820 0.6000000238
20066  38.654  -64.075  -15.170 0.6000000238
19215  39.173  -65.123  -15.090 0.6000000238
18401  38.857  -65.822  -15.264 0.6000000238
22748  40.667  -61.303  -14.035 0.4000000060
23692  41.677  -60.282  -15.026 0.4000000060
20026  30.963  -64.563  -9.290 0.5000000000
19179  30.533  -65.438  -9.647 0.5000000000
18373  29.151  -66.088  -10.421 0.4000000060
20025  32.066  -64.596  -9.397 0.6000000238
18360  29.998  -66.120  -10.038 0.4000000060
20913  39.559  -63.027  -14.334 0.6000000238
21807  38.960  -62.742  -15.344 0.6000000238
20920  38.516  -63.158  -15.417 0.6000000238
133388  42.461  -59.233  -16.030 0.4000000060
20873  30.713  -63.632  -9.210 0.5000000000
116629  29.372  -64.737  -9.802 0.4000000060
121994  28.108  -64.087  -10.526 0.4000000060
22758  39.948  -61.389  -14.853 0.6000000238
23683  40.319  -60.924  -14.925 0.4000000060
22759  39.520  -61.480  -14.782 0.6000000238
21796  39.676  -62.359  -14.392 0.6000000238
20918  39.479  -62.935  -15.076 0.5000000000
21797  38.543  -62.075  -15.017 0.6000000238
22760  39.097  -61.566  -14.745 0.5000000000
21808  37.673  -62.929  -15.139 0.6000000238
24631  43.496  -59.728  -16.021 0.4000000060
23701  41.136  -59.806  -15.447 0.4000000060
21754  29.290  -62.849  -9.722 0.5000000000
133444  28.542  -63.313  -10.188 0.5000000000
126242  39.904  -60.061  -15.385 0.4000000060
23693  40.457  -60.305  -15.241 0.4000000060
23694  39.825  -60.746  -15.075 0.5000000000
23684  39.363  -60.500  -14.417 0.5000000000
23685  39.055  -60.989  -14.212 0.5000000000
21785  37.918  -61.915  -13.976 0.6000000238
24632  42.066  -58.534  -16.270 0.4000000060
24636  43.371  -58.882  -16.466 0.4000000060
124532  31.599  -60.952  -9.925 0.6000000238
25491  41.110  -58.329  -15.956 0.4000000060
24633  41.301  -59.177  -15.807 0.4000000060
21753  29.950  -62.012  -9.577 0.6000000238
21763  28.417  -62.565  -10.371 0.5000000000
20885  27.863  -63.194  -10.684 0.4000000060
23702  40.360  -59.631  -15.518 0.4000000060
24628  39.576  -60.129  -15.065 0.5000000000
22749  38.557  -61.473  -14.194 0.5000000000
23672  38.692  -60.978  -13.131 0.6000000238
21786  37.082  -62.223  -13.525 0.6000000238
25498  41.851  -57.666  -16.492 0.4000000060
23645  31.697  -60.254  -9.902 0.6000000238
22709  30.654  -61.235  -9.624 0.6000000238
22710  29.587  -61.184  -9.838 0.5000000000
22718  27.441  -61.473  -11.324 0.5000000000
25487  40.517  -58.180  -15.570 0.4000000060
24627  39.872  -59.483  -15.375 0.4000000060
24621  39.656  -59.303  -14.856 0.5000000000
24622  39.489  -59.855  -14.081 0.5000000000
22736  38.129  -61.481  -13.006 0.5000000000
26316  42.535  -57.344  -16.960 0.4000000060
23646  30.984  -60.360  -9.663 0.6000000238
24588  29.692  -59.737  -9.988 0.5000000000
23653  28.399  -60.436  -10.686 0.5000000000
23671  39.189  -60.368  -13.225 0.4000000060
23673  38.210  -60.814  -12.227 0.4000000060
22723  37.410  -61.204  -12.183 0.4000000060
22737  36.714  -61.731  -12.557 0.6000000238
22738  35.725  -61.396  -12.409 0.4000000060
27133  42.303  -56.471  -16.847 0.4000000060
27134  41.705  -56.996  -16.472 0.4000000060
24586  31.408  -59.558  -9.780 0.6000000238
26311  41.156  -57.590  -15.968 0.4000000060
26257  31.830  -57.983  -10.111 0.5000000000
24587  30.522  -59.702  -9.730 0.5000000000
24594  28.827  -59.689  -10.460 0.5000000000
24595  27.979  -59.725  -11.048 0.4000000060
25443  30.136  -59.153  -9.920 0.4000000060
25480  39.815  -59.079  -13.694 0.5000000000
25474  39.851  -58.823  -12.710 0.5000000000
25459  39.479  -58.897  -11.872 0.6000000238
23659  37.632  -60.489  -11.665 0.4000000060
23661  36.060  -60.580  -11.852 0.4000000060
25460  38.818  -59.202  -11.231 0.5000000000
26258  31.108  -58.122  -9.851 0.5000000000
26269  31.361  -57.219  -10.062 0.4000000060
24602  36.451  -59.800  -11.347 0.5000000000
25447  39.165  -58.501  -11.090 0.5000000000
24599  39.149  -59.840  -12.050 0.5000000000
24591  37.910  -59.190  -10.803 0.5000000000
24601  37.321  -59.856  -11.134 0.5000000000
27128  41.400  -56.857  -15.775 0.4000000060
26291  35.419  -57.820  -13.036 0.5000000000
24603  35.731  -59.850  -12.039 0.4000000060
25448  38.557  -58.488  -10.762 0.5000000000
27094  31.146  -56.379  -10.219 0.4000000060
26278  35.727  -57.414  -12.229 0.4000000060
26277  36.127  -57.425  -11.453 0.4000000060
25462  35.725  -58.218  -11.976 0.5000000000
25461  36.037  -59.043  -11.383 0.5000000000
24592  36.897  -58.979  -10.740 0.5000000000
26265  37.591  -57.407  -10.473 0.5000000000
26266  36.806  -57.419  -10.835 0.4000000060
19177  32.320  -65.720  -9.671 0.5000000000
20872  31.625  -63.772  -9.248 0.6000000238
18370  32.693  -67.044  -10.375 0.6000000238
21751  31.850  -62.279  -9.681 0.6000000238
14513  33.608  -72.269  -13.299 0.5000000000
27092  32.624  -56.424  -10.679 0.5000000000
21787  36.023  -62.223  -13.125 0.6000000238
120303  31.321  -67.989  -10.548 0.5000000000
17578  31.963  -67.096  -10.208 0.5000000000
18358  31.716  -66.348  -9.820 0.5000000000
129749  30.119  -64.867  -9.599 0.4000000060
19192  28.823  -65.353  -10.255 0.4000000060
21805  39.660  -61.842  -14.747 0.6000000238
124859  30.044  -64.183  -9.496 0.6000000238
133058  29.100  -63.897  -9.826 0.4000000060
21752  30.969  -62.155  -9.462 0.6000000238
115964  30.362  -62.841  -9.337 0.6000000238
20047  27.468  -63.775  -11.043 0.5000000000
128773  27.313  -64.665  -11.157 0.5000000000
21764  27.684  -62.397  -11.001 0.5000000000
23647  30.097  -60.442  -9.739 0.5000000000
116528  28.233  -61.763  -10.708 0.5000000000
22716  28.744  -61.130  -10.370 0.5000000000
23658  38.788  -60.447  -12.338 0.5000000000
22717  28.089  -61.078  -10.909 0.5000000000
25479  40.098  -58.574  -14.435 0.5000000000
25442  30.838  -58.934  -9.741 0.6000000238
23660  36.884  -60.509  -11.622 0.3000000119
132004  36.396  -58.213  -11.057 0.4000000060
5816  38.500  -84.634  -1.534 0.3000000119
6446  36.950  -82.935  -0.882 0.3000000119
6445  37.929  -83.644  -1.284 0.3000000119
7100  36.574  -82.121  -1.456 0.3000000119
7115  37.472  -82.218  -2.170 0.3000000119
7775  35.255  -81.064  -2.486 0.3000000119
111886  36.109  -81.080  -2.517 0.3000000119
8390  39.624  -80.661  -3.021 0.3000000119
7773  37.526  -81.557  -2.538 0.3000000119
8393  36.545  -80.532  -2.730 0.3000000119
8394  35.706  -80.482  -2.889 0.3000000119
8391  38.601  -80.685  -2.846 0.3000000119
9656  38.471  -78.654  -2.348 0.3000000119
122861  37.910  -80.018  -2.659 0.3000000119
8996  37.031  -79.755  -2.634 0.4000000060
9009  35.649  -78.787  -3.238 0.4000000060
9010  34.965  -78.847  -3.575 0.3000000119
125014  38.492  -76.173  -2.218 0.3000000119
11003  37.921  -76.831  -2.032 0.4000000060
115230  36.852  -78.175  -2.597 0.4000000060
8997  36.393  -78.987  -2.856 0.4000000060
126092  39.046  -75.581  -2.694 0.3000000119
9661  35.311  -77.952  -3.394 0.4000000060
12290  39.453  -74.539  -3.921 0.4000000060
9662  34.727  -78.428  -3.849 0.4000000060
123026  34.691  -76.762  -3.884 0.3000000119
12275  38.141  -75.414  -2.612 0.4000000060
11632  37.589  -76.016  -2.246 0.3000000119
11633  36.703  -75.881  -2.394 0.4000000060
11650  38.633  -74.838  -3.329 0.4000000060
12278  35.642  -74.992  -2.908 0.5000000000
10324  35.731  -77.183  -2.844 0.4000000060
113692  37.794  -74.831  -11.898 0.5000000000
12314  39.450  -74.045  -4.591 0.4000000060
10328  35.108  -76.989  -3.361 0.4000000060
11082  36.196  -76.396  -10.381 0.3000000119
12431  35.649  -74.806  -10.577 0.4000000060
11050  34.775  -75.767  -6.211 0.3000000119
13767  32.462  -72.465  -13.431 0.4000000060
13764  39.250  -72.195  -13.761 0.4000000060
121956  38.865  -71.994  -13.167 0.4000000060
13765  38.659  -72.805  -13.002 0.4000000060
12991  37.731  -74.229  -3.601 0.4000000060
12276  37.272  -75.316  -2.634 0.3000000119
12277  36.415  -75.169  -2.720 0.5000000000
13097  38.121  -73.423  -12.366 0.4000000060
13028  38.735  -73.464  -4.673 0.4000000060
11735  36.188  -75.560  -10.865 0.4000000060
11015  34.826  -76.212  -3.390 0.4000000060
13099  35.966  -73.983  -11.123 0.5000000000
129640  34.489  -76.092  -3.893 0.5000000000
12418  35.173  -74.823  -9.883 0.4000000060
11077  35.831  -76.480  -9.436 0.4000000060
113381  34.421  -75.486  -5.265 0.3000000119
11720  35.310  -75.920  -8.965 0.4000000060
116059  32.561  -71.512  -12.777 0.4000000060
15317  39.630  -70.872  -14.212 0.4000000060
13007  37.932  -73.542  -4.226 0.4000000060
12291  37.018  -74.671  -3.093 0.4000000060
13762  37.616  -72.751  -12.073 0.4000000060
13098  37.093  -73.472  -11.678 0.5000000000
12992  36.759  -74.032  -3.539 0.4000000060
12292  36.191  -74.498  -3.145 0.4000000060
13763  35.994  -73.003  -11.274 0.5000000000
13684  37.171  -73.021  -4.320 0.4000000060
13685  36.284  -72.649  -4.390 0.4000000060
12993  35.906  -73.865  -3.582 0.4000000060
12994  35.033  -74.110  -3.919 0.5000000000
12316  34.414  -74.180  -4.606 0.5000000000
130624  36.730  -72.694  -11.606 0.4000000060
13088  35.362  -73.277  -10.691 0.5000000000
13719  37.652  -71.951  -5.726 0.4000000060
12337  34.289  -74.448  -5.395 0.5000000000
12432  35.087  -74.011  -10.197 0.4000000060
124051  34.396  -75.076  -6.002 0.4000000060
12382  34.436  -74.605  -7.283 0.4000000060
12401  34.477  -74.779  -8.148 0.4000000060
114133  34.463  -74.151  -8.660 0.4000000060
14504  37.436  -71.354  -12.044 0.4000000060
16118  36.921  -69.944  -11.637 0.3000000119
13686  35.528  -72.491  -4.606 0.4000000060
13687  34.859  -72.767  -4.756 0.4000000060
118723  36.046  -72.204  -11.425 0.4000000060
133776  27.419  -65.323  -11.156 0.4000000060
14447  37.239  -71.303  -6.179 0.4000000060
14435  36.599  -71.615  -5.529 0.4000000060
128018  34.421  -73.393  -5.160 0.5000000000
13047  34.414  -73.816  -5.987 0.5000000000
15295  35.490  -70.859  -10.754 0.5000000000
13753  34.739  -73.012  -10.052 0.4000000060
15249  36.977  -70.620  -6.644 0.4000000060
117814  34.308  -73.713  -6.866 0.4000000060
13080  34.546  -73.601  -9.326 0.4000000060
120011  34.377  -73.956  -7.816 0.4000000060
13743  34.376  -72.713  -9.171 0.4000000060
16869  38.210  -68.252  -12.436 0.4000000060
15301  36.759  -70.735  -11.616 0.3000000119
14436  35.668  -71.572  -5.567 0.4000000060
13706  35.190  -72.053  -5.019 0.4000000060
15302  35.916  -70.254  -11.083 0.3000000119
14448  36.167  -70.949  -6.139 0.4000000060
14449  35.274  -71.194  -6.272 0.4000000060
13720  34.466  -72.256  -6.305 0.4000000060
113329  34.241  -72.774  -6.926 0.5000000000
130132  36.801  -70.093  -7.059 0.4000000060
15250  36.215  -70.277  -6.752 0.4000000060
122131  34.143  -71.957  -7.104 0.4000000060
13729  34.117  -72.533  -7.710 0.4000000060
130001  34.483  -71.400  -9.460 0.4000000060
17608  39.578  -67.795  -13.311 0.4000000060
14450  34.583  -71.510  -6.586 0.4000000060
7168  34.301  -83.064  -6.020 0.3000000119
8993  39.860  -79.875  -2.736 0.3000000119
114502  39.184  -78.026  -2.015 0.3000000119
11649  39.586  -75.148  -3.311 0.4000000060
13702  39.399  -73.147  -6.030 0.4000000060
129293  38.708  -72.969  -5.374 0.4000000060
13718  38.647  -72.401  -6.038 0.4000000060
14446  38.217  -71.682  -6.409 0.4000000060
125175  36.750  -69.278  -11.596 0.3000000119
15260  37.513  -70.291  -7.180 0.4000000060
16870  36.958  -68.596  -11.713 0.4000000060
16871  36.072  -68.918  -11.125 0.4000000060
15296  35.150  -70.261  -10.193 0.4000000060
117585  37.099  -69.455  -7.332 0.4000000060
15251  34.834  -70.785  -6.886 0.4000000060
15262  34.591  -70.534  -7.480 0.4000000060
120414  34.339  -70.749  -7.985 0.4000000060
15284  34.581  -70.641  -9.444 0.3000000119
14489  34.922  -71.302  -10.237 0.4000000060
131351  36.401  -68.986  -7.375 0.4000000060
12430  36.308  -74.795  -11.138 0.4000000060
17593  38.216  -67.266  -12.481 0.4000000060
6429  36.147  -83.367  -0.335 0.3000000119
7099  37.494  -82.733  -1.563 0.3000000119
7101  35.302  -81.931  -1.046 0.3000000119
6507  34.050  -83.870  -5.246 0.3000000119
7169  33.693  -82.206  -5.689 0.3000000119
7774  36.712  -81.562  -2.198 0.3000000119
8994  38.774  -79.719  -2.690 0.3000000119
8392  37.531  -80.740  -2.667 0.4000000060
128723  35.887  -79.346  -3.173 0.4000000060
114501  37.637  -78.352  -2.409 0.3000000119
118767  38.811  -77.039  -1.924 0.3000000119
118616  37.136  -78.892  -2.589 0.4000000060
9657  36.030  -78.056  -2.816 0.4000000060
11631  39.994  -75.771  -2.694 0.3000000119
12336  40.083  -74.234  -5.269 0.4000000060
126333  35.565  -74.446  -3.355 0.4000000060
120149  34.308  -74.867  -4.685 0.5000000000
11701  34.575  -75.220  -6.770 0.3000000119
12294  34.522  -74.811  -4.025 0.5000000000
13703  38.007  -72.500  -5.397 0.4000000060
13064  34.232  -73.243  -7.538 0.4000000060
14477  34.313  -71.074  -8.725 0.4000000060
20036  37.570  -64.606  -10.973 0.4000000060
19199  37.008  -65.434  -11.250 0.4000000060
20883  38.848  -63.653  -11.202 0.4000000060
21770  40.036  -62.512  -12.213 0.3000000119
117557  37.408  -65.633  -11.859 0.4000000060
19210  38.478  -65.473  -12.925 0.4000000060
19209  46.015  -65.962  -12.918 0.3000000119
19196  44.969  -66.033  -12.870 0.3000000119
21780  44.816  -63.521  -13.690 0.3000000119
22731  43.241  -62.161  -12.852 0.3000000119
23680  43.151  -61.072  -14.061 0.3000000119
23681  42.198  -60.751  -14.121 0.3000000119
20055  45.289  -65.177  -13.324 0.3000000119
20902  45.126  -64.339  -13.603 0.3000000119
21793  45.438  -63.051  -14.372 0.3000000119
19208  46.791  -66.152  -12.278 0.3000000119
20053  47.144  -64.666  -12.975 0.3000000119
22757  44.126  -61.284  -14.550 0.3000000119
23690  44.466  -60.879  -15.292 0.3000000119
131391  46.213  -64.203  -14.059 0.3000000119
22755  46.655  -61.978  -15.279 0.3000000119
22744  44.830  -62.214  -14.526 0.3000000119
21791  47.099  -63.145  -14.062 0.3000000119
22761  46.793  -61.394  -15.340 0.3000000119
23678  46.958  -61.497  -14.633 0.3000000119
23689  46.834  -60.874  -15.077 0.3000000119
21779  47.211  -63.242  -12.923 0.3000000119
22763  45.536  -61.271  -15.646 0.3000000119
23704  45.669  -59.907  -16.307 0.3000000119
25496  44.042  -58.172  -16.963 0.3000000119
22743  46.637  -61.546  -13.899 0.3000000119
22762  46.367  -61.416  -15.559 0.3000000119
115694  45.401  -59.135  -16.828 0.3000000119
23679  46.435  -60.851  -14.299 0.3000000119
113220  46.526  -60.062  -15.476 0.3000000119
23703  46.373  -59.723  -16.139 0.3000000119
25490  46.474  -58.537  -16.422 0.3000000119
26315  43.515  -57.397  -17.143 0.3000000119
112248  44.513  -58.871  -16.820 0.3000000119
27132  42.931  -56.714  -17.178 0.3000000119
27138  42.912  -56.057  -17.148 0.3000000119
27957  42.575  -55.669  -16.781 0.3000000119
27951  42.238  -55.607  -16.137 0.3000000119
21769  40.764  -62.525  -11.819 0.3000000119
20043  38.195  -64.073  -11.584 0.4000000060
22746  42.677  -61.352  -13.408 0.3000000119
24630  44.513  -59.560  -16.470 0.3000000119
20035  38.326  -64.321  -10.610 0.5000000000
20054  46.346  -65.114  -13.353 0.3000000119
116255  45.975  -61.946  -15.439 0.3000000119
21794  44.333  -62.603  -13.642 0.3000000119
21782  42.367  -62.442  -12.209 0.3000000119
22732  42.060  -61.729  -12.761 0.3000000119
21792  46.451  -63.199  -14.552 0.3000000119
20060  46.560  -64.390  -13.707 0.3000000119
23698  44.747  -60.429  -16.007 0.3000000119
21803  46.847  -62.497  -14.816 0.3000000119
24626  46.519  -59.991  -15.000 0.3000000119
131306  46.508  -58.268  -16.366 0.3000000119
133252  46.270  -60.271  -16.034 0.3000000119
24619  45.799  -59.929  -14.219 0.3000000119
24634  46.404  -58.880  -16.471 0.3000000119
16111  35.117  -69.630  -9.941 0.3000000119
16844  34.878  -68.899  -9.060 0.4000000060
17568  37.109  -67.200  -8.310 0.4000000060
17569  36.282  -67.145  -8.441 0.4000000060
16857  35.548  -68.582  -10.361 0.3000000119
19162  37.810  -66.208  -9.041 0.4000000060
18353  38.749  -66.322  -9.154 0.3000000119
16843  35.304  -68.341  -9.514 0.4000000060
18343  36.331  -66.572  -9.008 0.4000000060
19174  38.283  -65.543  -9.449 0.3000000119
17585  35.703  -67.740  -10.098 0.3000000119
18354  36.189  -66.410  -9.577 0.4000000060
124609  37.586  -65.613  -9.483 0.4000000060
121822  36.637  -65.748  -10.679 0.3000000119
19190  37.023  -65.249  -10.554 0.4000000060
20034  39.212  -64.159  -10.413 0.4000000060
17584  36.265  -67.064  -10.830 0.3000000119
18380  36.760  -66.134  -11.283 0.3000000119
120973  37.114  -66.879  -11.701 0.3000000119
17594  37.077  -67.697  -11.688 0.3000000119
19175  37.027  -65.531  -9.754 0.4000000060
16831  35.270  -68.250  -8.752 0.4000000060
11648  40.411  -75.306  -3.401 0.3000000119
119074  34.628  -70.021  -7.969 0.3000000119
11646  42.679  -75.715  -3.332 0.3000000119
11647  41.841  -75.531  -3.425 0.3000000119
113960  41.079  -75.363  -3.663 0.3000000119
12313  40.087  -74.580  -4.565 0.3000000119
16820  35.064  -68.846  -8.456 0.3000000119
16070  35.655  -69.165  -7.450 0.3000000119
12332  43.149  -75.217  -6.356 0.3000000119
131231  41.278  -74.863  -5.037 0.3000000119
11683  41.941  -75.018  -5.243 0.3000000119
12335  40.719  -74.431  -5.914 0.3000000119
13027  39.427  -73.594  -5.304 0.3000000119
16819  35.470  -68.380  -8.000 0.3000000119
13044  44.007  -74.522  -7.382 0.3000000119
12359  42.750  -75.209  -7.033 0.3000000119
12358  43.581  -75.093  -6.982 0.3000000119
12334  41.433  -74.865  -5.888 0.3000000119
12360  41.911  -74.919  -6.802 0.3000000119
13045  40.724  -74.116  -6.607 0.3000000119
12379  43.216  -74.779  -7.595 0.3000000119
12380  42.394  -74.695  -7.581 0.3000000119
12381  41.467  -74.354  -7.322 0.3000000119
13717  39.477  -72.694  -6.732 0.3000000119
13728  38.925  -72.077  -6.734 0.3000000119
15259  38.359  -70.599  -7.443 0.3000000119
13059  43.562  -74.167  -7.957 0.3000000119
13063  40.446  -72.906  -7.483 0.3000000119
117706  40.794  -73.716  -7.222 0.3000000119
13727  39.540  -72.157  -7.333 0.3000000119
16818  36.074  -68.318  -7.597 0.3000000119
13725  43.097  -73.727  -8.556 0.3000000119
13733  43.136  -73.141  -8.853 0.3000000119
13070  42.699  -73.687  -8.716 0.3000000119
13071  42.069  -73.522  -8.755 0.3000000119
13726  40.283  -72.125  -8.069 0.3000000119
15258  39.215  -70.922  -7.865 0.3000000119
16069  38.008  -69.772  -7.551 0.3000000119
16817  36.905  -68.477  -7.520 0.3000000119
123202  37.796  -67.298  -8.393 0.3000000119
15270  34.432  -70.231  -8.641 0.3000000119
13735  42.449  -73.076  -9.499 0.3000000119
13736  41.306  -72.877  -8.679 0.3000000119
14466  40.024  -71.372  -8.363 0.3000000119
16068  38.845  -70.063  -7.928 0.3000000119
11669  40.739  -74.942  -4.330 0.3000000119
11667  42.491  -75.295  -4.297 0.3000000119
11668  41.527  -75.118  -4.368 0.3000000119
6428  37.135  -83.753  -0.603 0.3000000119
7082  36.073  -82.539  -0.756 0.3000000119
7083  35.360  -82.677  -0.378 0.3000000119
7762  35.754  -81.499  -1.924 0.3000000119
8995  37.799  -79.220  -2.540 0.4000000060
9655  40.262  -79.078  -2.294 0.3000000119
10321  38.225  -77.725  -2.125 0.3000000119
10322  37.367  -77.499  -2.286 0.4000000060
10323  36.523  -77.334  -2.512 0.4000000060
10329  34.805  -77.601  -3.840 0.3000000119
11002  39.418  -76.366  -2.216 0.3000000119
11004  37.043  -76.658  -2.255 0.3000000119
11005  36.188  -76.501  -2.507 0.4000000060
11006  35.410  -76.353  -2.859 0.4000000060
11088  39.151  -76.640  -12.104 0.6000000238
11634  35.872  -75.714  -2.610 0.5000000000
11651  35.177  -75.584  -3.024 0.5000000000
11652  34.645  -75.502  -3.608 0.4000000060
11670  34.389  -75.521  -4.322 0.5000000000
11682  42.784  -75.172  -5.434 0.3000000119
11721  34.782  -75.414  -8.499 0.4000000060
11727  35.557  -75.619  -9.936 0.4000000060
11728  34.951  -75.211  -9.268 0.4000000060
11745  37.031  -75.233  -11.446 0.5000000000
11771  38.342  -74.990  -14.150 0.5000000000
11772  37.341  -75.035  -14.227 0.5000000000
12289  40.053  -74.882  -3.914 0.3000000119
12293  35.024  -74.872  -3.390 0.4000000060
12312  40.742  -74.651  -5.186 0.3000000119
12315  38.718  -74.011  -3.979 0.4000000060
12333  42.298  -75.119  -6.199 0.3000000119
12361  41.233  -74.636  -6.531 0.3000000119
12362  34.394  -74.481  -6.392 0.4000000060
12419  34.729  -74.460  -9.390 0.4000000060
12445  37.992  -74.149  -12.165 0.4000000060
12446  37.020  -74.395  -11.546 0.5000000000
12464  38.840  -73.601  -14.139 0.4000000060
13008  36.461  -73.343  -3.911 0.4000000060
13009  35.502  -73.204  -4.176 0.4000000060
13026  40.091  -73.823  -5.955 0.3000000119
13029  37.944  -72.939  -4.810 0.4000000060
13046  40.153  -73.394  -6.660 0.3000000119
13060  42.907  -74.295  -8.207 0.3000000119
13061  42.167  -74.137  -8.196 0.3000000119
13062  41.375  -73.635  -7.980 0.3000000119
13072  34.258  -73.235  -8.384 0.4000000060
13107  39.024  -73.114  -14.014 0.4000000060
13115  37.191  -73.571  -14.573 0.4000000060
13116  35.999  -73.745  -14.362 0.4000000060
13704  37.078  -72.259  -4.897 0.4000000060
13705  36.014  -71.971  -4.876 0.4000000060
13707  34.657  -72.498  -5.446 0.5000000000
13737  34.161  -72.400  -8.427 0.4000000060
13742  43.016  -72.962  -10.064 0.3000000119
13752  35.261  -72.341  -10.670 0.5000000000
13766  38.001  -72.057  -12.456 0.5000000000
13771  39.151  -72.258  -14.095 0.5000000000
13774  33.053  -72.855  -13.485 0.4000000060
13778  38.345  -72.380  -14.581 0.4000000060
13780  35.901  -72.338  -14.481 0.4000000060
14437  34.947  -71.838  -5.832 0.4000000060
14455  39.564  -71.584  -7.739 0.3000000119
14456  38.789  -71.445  -7.200 0.4000000060
14457  37.883  -70.974  -6.807 0.4000000060
14467  34.131  -71.652  -7.986 0.4000000060
14490  34.543  -72.110  -9.835 0.4000000060
14498  36.416  -71.469  -11.524 0.3000000119
14499  35.619  -71.516  -11.010 0.4000000060
14502  39.402  -71.468  -13.623 0.4000000060
14510  39.477  -71.490  -14.086 0.4000000060
14512  34.486  -71.980  -13.733 0.5000000000
15261  35.111  -70.025  -7.355 0.3000000119
15303  32.583  -70.743  -12.230 0.5000000000
15309  39.397  -70.715  -13.361 0.5000000000
15321  38.773  -70.191  -14.650 0.4000000060
16054  36.304  -69.629  -7.138 0.4000000060
16071  35.056  -69.285  -7.934 0.3000000119
16085  34.708  -69.464  -8.550 0.3000000119
16100  35.085  -69.071  -9.781 0.3000000119
16101  34.727  -69.695  -9.351 0.3000000119
16117  37.948  -69.310  -12.293 0.4000000060
16119  36.167  -69.576  -11.217 0.3000000119
16138  34.844  -69.766  -13.580 0.6999999881
16142  35.625  -69.758  -14.284 0.6000000238
16856  36.154  -68.079  -10.996 0.3000000119
16883  40.189  -68.379  -13.995 0.6999999881
16895  37.380  -68.803  -14.752 0.6999999881
17559  37.575  -67.899  -7.926 0.3000000119
17560  36.577  -67.714  -7.838 0.3000000119
17561  35.908  -67.729  -7.932 0.3000000119
17570  35.672  -67.626  -8.489 0.4000000060
17577  35.565  -67.604  -9.239 0.4000000060
17587  32.380  -67.771  -10.522 0.6000000238
17595  34.363  -67.457  -12.139 0.6999999881
17615  34.906  -67.463  -13.958 0.6999999881
17616  39.664  -67.701  -15.033 0.6999999881
17618  36.929  -67.429  -14.782 0.6999999881
18341  38.282  -66.903  -8.724 0.3000000119
18342  36.953  -66.505  -8.818 0.4000000060
18344  35.862  -66.966  -9.045 0.4000000060
18355  35.884  -66.964  -9.818 0.4000000060
18357  32.498  -66.440  -9.988 0.5000000000
18368  36.299  -66.308  -10.344 0.4000000060
18379  37.822  -66.303  -12.282 0.3000000119
18382  33.820  -67.029  -11.358 0.5000000000
18392  46.207  -66.696  -12.335 0.3000000119
18393  45.433  -66.646  -12.750 0.3000000119
19163  37.193  -65.962  -9.272 0.4000000060
19164  36.660  -66.095  -9.391 0.4000000060
19176  36.547  -65.820  -10.023 0.4000000060
19178  31.535  -65.442  -9.520 0.6000000238
19180  29.643  -65.449  -9.884 0.4000000060
19191  33.641  -65.551  -10.768 0.6000000238
19198  37.587  -65.084  -11.925 0.4000000060
19217  36.613  -65.208  -14.927 0.6999999881
20021  38.726  -64.815  -9.850 0.4000000060
20022  37.692  -64.959  -10.002 0.4000000060
20038  28.662  -64.644  -10.197 0.4000000060
20044  37.807  -64.592  -11.823 0.4000000060
20045  37.295  -64.977  -11.295 0.4000000060
20046  33.337  -64.317  -11.753 0.6000000238
20061  45.886  -64.543  -13.796 0.3000000119
20070  32.323  -63.720  -14.298 0.6000000238
20874  29.905  -63.466  -9.470 0.6000000238
20890  39.457  -63.047  -11.750 0.3000000119
20906  31.968  -63.676  -13.306 0.6000000238
20910  47.161  -63.900  -13.450 0.3000000119
20911  46.592  -63.811  -14.072 0.3000000119
20912  45.816  -63.924  -14.211 0.3000000119
20916  34.085  -63.161  -14.207 0.5000000000
20919  39.176  -63.439  -15.240 0.6000000238
20921  36.817  -63.488  -14.783 0.6999999881
21760  40.120  -62.857  -11.335 0.3000000119
21762  28.995  -61.904  -10.012 0.5000000000
21773  26.891  -62.292  -11.455 0.5000000000
21781  43.956  -63.031  -12.824 0.3000000119
21795  40.102  -61.795  -14.192 0.4000000060
21798  37.735  -62.433  -14.748 0.6000000238
21802  31.698  -62.917  -14.121 0.5000000000
21804  46.050  -62.517  -15.112 0.3000000119
21806  39.252  -62.167  -14.991 0.5000000000
22708  31.513  -61.607  -9.739 0.6000000238
22724  36.533  -61.130  -11.990 0.3000000119
22733  41.113  -61.676  -13.028 0.4000000060
22742  47.009  -62.218  -14.252 0.3000000119
22745  43.740  -61.718  -13.755 0.3000000119
22754  47.005  -61.772  -15.009 0.3000000119
22756  45.251  -61.759  -15.212 0.3000000119
23651  32.645  -60.123  -10.972 0.6999999881
23652  29.223  -60.435  -10.152 0.5000000000
23682  41.122  -60.718  -14.460 0.4000000060
23695  39.466  -60.916  -14.786 0.5000000000
23696  46.534  -60.563  -15.665 0.3000000119
23697  45.863  -60.760  -15.914 0.3000000119
23699  43.625  -60.284  -15.578 0.4000000060
24600  38.329  -60.035  -11.504 0.5000000000
24615  39.531  -59.534  -12.855 0.5000000000
24625  46.464  -59.076  -15.761 0.3000000119
24629  46.471  -59.463  -16.011 0.3000000119
24635  46.084  -59.214  -16.532 0.3000000119
25441  31.592  -58.708  -9.913 0.6000000238
25450  37.071  -58.104  -10.688 0.5000000000
25452  32.597  -58.535  -10.750 0.6999999881
25476  31.579  -58.689  -13.720 0.6000000238
25482  33.747  -58.596  -14.691 0.6000000238
25484  31.485  -58.710  -14.602 0.6999999881
25492  40.379  -58.924  -15.606 0.4000000060
25493  46.588  -58.254  -16.805 0.3000000119
25494  46.197  -58.546  -17.036 0.3000000119
25497  42.792  -58.005  -16.803 0.4000000060
26268  32.335  -57.309  -10.438 0.5000000000
26292  31.993  -57.058  -13.819 0.6999999881
27127  41.961  -56.279  -16.298 0.3000000119
27914  31.436  -55.591  -10.346 0.4000000060
27948  33.319  -55.438  -15.407 0.5000000000
27953  34.849  -55.143  -15.724 0.5000000000
29675  33.678  -53.598  -11.606 0.4000000060
114412  47.000  -65.516  -12.587 0.3000000119
114568  32.375  -63.821  -9.586 0.6999999881
115843  36.848  -81.113  -2.573 0.3000000119
116610  34.434  -73.068  -6.107 0.5000000000
117002  35.546  -70.517  -6.710 0.4000000060
117037  36.173  -79.838  -3.048 0.4000000060
118592  39.343  -78.972  -2.361 0.3000000119
118792  38.857  -74.804  -13.571 0.5000000000
119976  31.312  -62.949  -9.282 0.6000000238
120381  37.810  -63.634  -15.240 0.6999999881
120787  35.994  -70.962  -11.206 0.3000000119
121002  32.669  -65.096  -9.707 0.5000000000
121706  39.893  -70.127  -14.057 0.5000000000
121984  38.362  -76.369  -11.712 0.5000000000
122212  34.301  -71.889  -8.934 0.4000000060
123399  32.387  -58.074  -10.485 0.6999999881
124054  32.033  -59.146  -10.094 0.6000000238
124129  42.154  -57.036  -16.874 0.4000000060
124541  37.494  -61.783  -12.952 0.4000000060
124576  38.965  -72.069  -14.333 0.4000000060
125039  38.468  -69.286  -7.882 0.3000000119
125787  36.988  -72.081  -11.827 0.4000000060
126618  35.518  -69.469  -10.550 0.4000000060
127589  39.710  -66.112  -14.963 0.6000000238
127987  38.313  -62.608  -15.308 0.6000000238
129478  34.579  -74.851  -8.827 0.4000000060
130091  35.563  -71.083  -14.304 0.5000000000
130287  42.606  -73.351  -9.120 0.3000000119
130355  34.317  -71.155  -7.282 0.4000000060
130593  37.598  -66.803  -8.636 0.4000000060
131058  35.748  -69.907  -7.048 0.4000000060
131092  37.764  -74.865  -3.023 0.4000000060
131475  37.224  -73.625  -3.908 0.4000000060
132328  32.153  -65.173  -9.488 0.6000000238
133639  34.716  -73.509  -4.504 0.4000000060
134202  34.339  -66.958  -12.703 0.6999999881
134616  34.137  -54.289  -14.868 0.4000000060
134861  29.536  -66.638  -10.577 0.4000000060
