#!ascii label  , from subject bert vox2ras=TkReg
1599
27028  30.598  -56.807  -4.242 0.8999999762
26191  29.998  -57.507  -3.790 0.8000000119
26216  30.392  -57.621  -4.711 0.8000000119
25387  30.119  -59.009  -4.851 0.6999999881
25399  30.046  -58.914  -5.722 0.8000000119
130830  29.638  -56.867  -3.413 0.8999999762
27027  31.250  -56.106  -4.887 1.0000000000
27040  31.186  -56.297  -5.737 1.0000000000
27057  30.709  -57.062  -6.100 0.8999999762
26232  30.219  -57.745  -6.393 0.8000000119
26240  29.767  -57.764  -7.105 0.8000000119
27058  30.325  -57.073  -6.919 0.8999999762
25422  29.250  -58.389  -7.334 0.8000000119
25423  28.678  -58.326  -7.982 0.6999999881
24574  28.288  -58.990  -8.109 0.6999999881
27012  28.711  -56.178  -2.892 0.8000000119
124411  29.342  -56.175  -3.212 0.8999999762
28675  29.890  -54.706  -3.639 0.8999999762
117932  29.105  -54.698  -3.252 0.8999999762
130842  27.481  -55.200  -3.008 0.8999999762
27849  31.444  -55.459  -5.598 1.0000000000
125556  30.802  -56.323  -6.565 0.8999999762
27865  30.799  -55.529  -6.974 1.0000000000
27069  30.238  -56.217  -7.440 0.8999999762
27070  29.668  -57.014  -7.586 0.8999999762
26241  29.108  -57.653  -7.753 0.8000000119
25431  27.981  -58.368  -8.467 0.6999999881
29580  30.814  -53.848  -4.101 0.8999999762
120274  30.169  -54.085  -3.722 0.8999999762
29566  29.474  -53.985  -3.480 0.8999999762
29567  28.614  -53.952  -3.328 0.8999999762
28676  27.194  -54.440  -3.301 0.8999999762
27816  30.389  -55.416  -3.931 0.8999999762
27835  31.014  -55.350  -4.534 0.8999999762
27864  31.256  -55.596  -6.263 1.0000000000
122193  29.503  -56.340  -7.982 0.8000000119
27071  28.800  -56.813  -8.188 0.8000000119
119057  27.844  -56.966  -8.588 0.8000000119
120186  27.166  -56.413  -9.073 0.8000000119
122278  26.473  -57.014  -9.108 0.8000000119
126236  26.301  -56.318  -9.326 0.8000000119
120870  29.036  -53.204  -3.421 0.8999999762
29568  27.222  -53.438  -3.576 0.8999999762
133961  26.063  -53.696  -3.982 0.8999999762
123750  30.922  -53.009  -4.028 0.8999999762
30549  27.642  -52.740  -3.690 0.8999999762
30560  26.093  -52.577  -4.254 0.8000000119
29581  24.998  -54.047  -4.356 0.8000000119
28691  31.397  -54.479  -4.753 0.8999999762
31466  26.628  -51.758  -4.323 0.6999999881
116143  24.819  -53.246  -4.415 0.6999999881
131450  24.084  -53.034  -4.449 0.6999999881
29595  32.098  -53.897  -5.260 0.8999999762
31468  24.855  -51.930  -4.533 0.6999999881
30562  23.285  -52.821  -4.387 0.6999999881
28705  32.149  -53.987  -5.936 1.0000000000
31469  23.441  -51.287  -4.596 0.6000000238
28719  31.621  -54.714  -6.174 1.0000000000
29622  31.535  -53.679  -7.115 1.0000000000
28720  31.233  -55.003  -6.691 1.0000000000
27876  30.264  -55.220  -7.642 1.0000000000
27877  29.708  -55.631  -8.083 0.8999999762
29623  30.757  -53.764  -7.606 1.0000000000
28733  30.139  -54.361  -7.912 0.8999999762
28743  29.395  -54.306  -8.391 0.8000000119
27878  28.960  -55.883  -8.389 0.8000000119
27889  27.555  -55.507  -9.168 0.8000000119
121940  26.973  -54.774  -9.365 0.8000000119
27890  26.598  -55.605  -9.376 0.8000000119
118795  25.970  -54.821  -9.526 0.8000000119
118647  26.440  -54.033  -9.593 0.8000000119
119559  25.427  -53.971  -9.699 0.8000000119
123507  30.070  -53.268  -3.550 0.8999999762
124215  28.119  -53.257  -3.469 0.8999999762
30546  30.363  -52.370  -3.678 0.8999999762
30547  29.481  -52.398  -3.505 0.8999999762
30548  28.416  -52.376  -3.602 0.8999999762
31454  27.530  -52.025  -3.979 0.8999999762
29579  31.560  -53.520  -4.622 0.8999999762
31467  25.687  -51.874  -4.455 0.6999999881
29578  32.203  -53.061  -5.038 0.8999999762
118836  25.235  -51.172  -4.545 0.6000000238
118835  24.350  -51.255  -4.593 0.6000000238
29594  32.434  -53.252  -5.745 1.0000000000
32282  22.388  -50.707  -4.631 0.5000000000
29621  32.069  -53.199  -7.051 1.0000000000
33101  22.742  -49.897  -4.747 0.5000000000
131622  31.986  -52.451  -7.592 1.0000000000
30588  31.325  -53.046  -7.577 1.0000000000
30599  30.545  -52.876  -8.171 1.0000000000
27888  28.410  -55.296  -8.801 0.8000000119
120869  28.993  -52.961  -9.040 0.8999999762
115338  28.231  -53.233  -9.133 0.8000000119
28745  27.876  -54.663  -9.153 0.8000000119
30601  28.202  -52.534  -9.331 0.8999999762
30602  27.487  -52.852  -9.417 0.8000000119
31523  27.395  -51.306  -9.618 0.8999999762
30603  26.503  -52.504  -9.617 0.8000000119
30604  25.506  -52.458  -9.583 0.8000000119
31510  25.226  -51.852  -9.539 0.8000000119
130846  24.916  -52.329  -9.553 0.8000000119
31453  28.174  -51.476  -3.856 0.8999999762
30559  30.978  -52.320  -4.089 0.8999999762
31450  30.710  -51.659  -3.912 0.8999999762
31465  27.404  -51.205  -4.183 0.6999999881
129659  26.002  -51.198  -4.466 0.8000000119
30557  32.061  -52.188  -4.871 0.8999999762
121848  31.401  -51.903  -4.376 0.8999999762
32280  25.787  -50.419  -4.462 0.6999999881
32281  23.886  -50.666  -4.645 0.6000000238
127780  22.935  -50.989  -4.681 0.6000000238
33098  25.369  -49.745  -4.505 0.6999999881
33100  23.750  -49.829  -4.710 0.6000000238
30587  32.443  -52.535  -6.919 1.0000000000
33875  23.078  -49.070  -4.882 0.5000000000
33109  22.177  -49.217  -4.961 0.5000000000
31495  32.478  -51.751  -7.450 1.0000000000
128684  31.277  -52.320  -8.190 1.0000000000
31505  31.095  -51.542  -8.651 1.0000000000
125065  30.620  -52.182  -8.653 1.0000000000
30600  29.818  -52.454  -8.929 0.8999999762
32314  31.713  -50.647  -8.605 1.0000000000
32315  30.683  -50.743  -9.008 0.8999999762
31508  28.924  -52.177  -9.329 0.8999999762
31507  29.457  -51.605  -9.321 0.8999999762
31522  28.244  -51.038  -9.522 0.8999999762
117109  26.543  -51.654  -9.635 0.8999999762
31521  29.027  -50.896  -9.416 0.8999999762
32326  27.606  -50.478  -9.764 0.8999999762
31524  25.740  -51.330  -9.627 0.8999999762
33153  26.994  -49.855  -10.092 0.8999999762
31451  29.924  -51.596  -3.637 0.8999999762
31452  29.012  -51.604  -3.648 0.8999999762
32266  28.052  -50.728  -4.118 0.8999999762
32265  28.678  -50.970  -3.864 0.8999999762
113042  27.901  -50.006  -4.346 1.0000000000
32278  27.404  -50.516  -4.337 0.8000000119
129587  31.066  -50.461  -4.212 0.8999999762
133641  26.397  -50.157  -4.437 0.6999999881
31479  32.787  -51.692  -5.917 0.8999999762
31462  32.429  -51.549  -5.218 0.8999999762
114510  26.149  -49.573  -4.447 0.6999999881
33099  24.695  -49.375  -4.627 0.6999999881
33874  23.973  -48.824  -4.814 0.5000000000
31488  32.725  -51.748  -6.693 1.0000000000
33883  23.332  -48.227  -5.063 0.5000000000
33884  22.509  -48.450  -5.204 0.5000000000
31494  32.857  -51.015  -7.248 1.0000000000
32302  32.546  -50.986  -8.037 1.0000000000
32313  32.491  -50.123  -8.202 1.0000000000
33139  31.042  -49.885  -9.077 1.0000000000
33138  31.862  -49.510  -8.677 1.0000000000
32324  29.334  -50.136  -9.462 0.8999999762
33151  28.796  -49.470  -9.669 0.8999999762
33946  24.870  -48.196  -12.494 0.6999999881
123698  24.002  -47.743  -12.365 0.8000000119
33948  23.454  -48.081  -12.027 0.8000000119
35387  23.635  -47.146  -12.315 0.8000000119
32275  31.700  -50.602  -4.513 0.8999999762
32276  30.611  -49.948  -4.131 1.0000000000
122511  29.776  -50.086  -3.923 1.0000000000
33097  28.471  -49.399  -4.294 1.0000000000
114032  27.008  -49.896  -4.458 0.6999999881
120375  32.751  -50.871  -5.557 0.8999999762
32274  32.336  -50.740  -4.912 0.8999999762
126568  26.179  -48.786  -4.518 0.6999999881
33882  24.184  -47.954  -5.049 0.6000000238
32300  33.169  -50.233  -7.107 1.0000000000
31487  32.999  -50.842  -6.411 0.8999999762
32290  32.671  -50.102  -5.268 0.8999999762
119216  22.082  -47.780  -5.514 0.4000000060
32301  32.854  -50.434  -7.680 1.0000000000
33909  31.620  -48.677  -8.946 1.0000000000
33149  30.464  -49.207  -9.299 1.0000000000
33917  30.869  -48.518  -9.276 1.0000000000
132829  24.092  -47.147  -10.522 0.8999999762
34653  26.951  -47.833  -12.636 0.6000000238
34654  25.779  -47.536  -12.635 0.6000000238
125499  25.467  -46.657  -12.777 0.8000000119
116586  23.309  -48.274  -11.832 0.8999999762
34634  23.906  -48.077  -10.541 0.8999999762
33093  32.168  -49.967  -4.709 0.8999999762
126539  31.407  -49.892  -4.385 0.8999999762
33870  28.257  -48.639  -4.375 0.8000000119
116395  26.843  -49.019  -4.434 0.6999999881
33872  25.760  -48.120  -4.711 0.6999999881
34584  25.011  -47.683  -5.037 0.6000000238
35319  23.124  -46.475  -5.671 0.4000000060
33123  33.358  -49.347  -7.042 1.0000000000
31478  33.007  -50.278  -5.862 0.8999999762
33136  33.038  -49.071  -7.661 1.0000000000
33137  32.574  -49.287  -8.143 1.0000000000
34619  32.140  -48.156  -8.768 1.0000000000
34627  31.382  -47.942  -9.147 1.0000000000
115513  31.143  -47.191  -9.340 1.0000000000
34632  25.386  -47.774  -10.477 0.8999999762
35368  25.175  -46.193  -10.951 0.8999999762
35359  24.602  -46.955  -10.607 0.8999999762
35376  23.664  -46.038  -11.465 0.8999999762
35369  23.829  -46.700  -10.762 0.8999999762
34661  28.573  -47.484  -12.935 0.6000000238
34652  27.920  -48.063  -12.823 0.6000000238
35384  26.568  -46.980  -12.840 0.6000000238
35397  26.202  -46.275  -12.952 0.8000000119
35385  24.491  -46.295  -12.782 0.8000000119
35377  23.406  -46.568  -12.059 0.8999999762
33095  30.126  -49.285  -3.983 0.8999999762
33096  29.288  -49.419  -4.091 0.8999999762
127425  28.925  -48.843  -4.246 0.6999999881
122322  30.456  -48.410  -4.109 0.8999999762
33869  29.608  -48.673  -4.093 0.8999999762
122318  26.650  -48.221  -4.533 0.6000000238
33108  32.610  -49.183  -5.114 1.0000000000
33881  32.819  -48.211  -5.294 1.0000000000
33867  32.181  -48.425  -4.783 1.0000000000
128758  26.445  -47.341  -4.660 0.6000000238
34583  25.644  -47.236  -4.902 0.6000000238
35317  24.767  -46.417  -5.312 0.5000000000
33116  33.365  -49.236  -6.301 1.0000000000
33107  33.075  -49.590  -5.757 1.0000000000
34600  33.626  -47.640  -6.468 1.0000000000
33897  33.355  -48.489  -7.369 1.0000000000
33907  32.814  -48.462  -8.138 1.0000000000
34618  32.753  -47.606  -8.570 1.0000000000
34626  32.001  -47.390  -9.141 1.0000000000
35353  31.750  -46.574  -9.442 1.0000000000
35354  30.829  -46.494  -9.563 1.0000000000
35355  29.971  -46.555  -9.896 1.0000000000
35356  28.730  -46.920  -10.148 1.0000000000
36278  28.476  -45.892  -10.565 1.0000000000
115807  28.251  -46.569  -10.429 0.8999999762
34631  28.132  -47.367  -10.268 0.8999999762
35358  26.079  -47.161  -10.870 0.8999999762
112206  24.101  -46.041  -10.864 0.8999999762
113524  23.471  -45.840  -12.131 0.8999999762
35395  29.909  -46.472  -13.466 0.6000000238
111775  29.279  -46.989  -13.148 0.6000000238
130808  28.285  -46.491  -13.038 0.6000000238
35383  27.608  -47.211  -12.868 0.6000000238
35398  25.204  -45.817  -12.929 0.8000000119
36295  24.152  -45.753  -12.827 0.8000000119
33868  31.373  -48.449  -4.415 0.8999999762
34580  29.528  -47.354  -4.219 0.6999999881
122319  28.066  -47.839  -4.415 0.6000000238
126815  27.829  -47.029  -4.463 0.6000000238
34576  32.433  -47.718  -4.927 0.8999999762
35309  26.647  -46.478  -4.662 0.6000000238
35310  25.495  -46.514  -5.117 0.5000000000
115723  33.214  -48.775  -5.745 1.0000000000
34606  33.634  -47.768  -7.120 1.0000000000
124630  33.548  -47.063  -6.019 0.8999999762
131652  33.645  -47.221  -7.575 1.0000000000
113250  33.348  -47.040  -8.261 1.0000000000
35346  32.729  -46.696  -9.061 1.0000000000
36262  32.394  -45.850  -9.457 1.0000000000
112857  32.077  -45.003  -9.569 1.0000000000
36263  31.323  -45.689  -9.649 1.0000000000
113137  30.497  -45.934  -9.874 1.0000000000
36277  29.071  -45.371  -10.421 1.0000000000
37145  28.227  -45.147  -10.768 1.0000000000
134461  26.859  -45.705  -11.245 0.8999999762
36279  25.887  -45.371  -11.249 0.8999999762
36280  24.463  -45.306  -11.047 0.8999999762
124039  23.904  -43.971  -11.815 0.8999999762
112208  30.316  -45.109  -13.478 0.6000000238
130763  29.133  -46.188  -13.162 0.6000000238
36306  27.587  -45.640  -13.198 0.6000000238
37177  27.904  -44.815  -13.223 0.6999999881
37178  26.101  -44.677  -13.290 0.6999999881
119293  25.395  -45.111  -13.115 0.6999999881
36296  23.852  -45.241  -12.488 0.8000000119
37166  23.667  -44.135  -12.450 0.8999999762
113812  31.342  -46.061  -13.916 0.6000000238
126173  25.724  -43.829  -13.396 0.6999999881
37179  24.780  -44.366  -13.164 0.8000000119
37180  23.938  -43.937  -12.990 0.8999999762
34581  28.692  -47.211  -4.378 0.6999999881
35308  27.490  -46.163  -4.479 0.6000000238
35303  32.191  -46.958  -4.733 0.8999999762
35304  31.370  -47.084  -4.451 0.8000000119
35305  30.132  -46.716  -4.143 0.6999999881
35316  32.760  -46.453  -5.003 0.8000000119
120232  33.791  -46.931  -6.905 1.0000000000
35325  33.740  -46.225  -6.283 0.8000000119
36238  34.011  -45.947  -7.220 0.8999999762
35333  33.830  -46.572  -7.783 1.0000000000
35345  33.491  -46.269  -8.563 1.0000000000
35352  33.124  -45.901  -9.157 1.0000000000
36261  33.134  -45.116  -9.412 1.0000000000
37130  32.561  -44.398  -9.527 1.0000000000
37131  31.214  -44.751  -9.730 1.0000000000
37132  30.496  -44.388  -9.894 1.0000000000
37133  29.790  -44.826  -10.202 1.0000000000
37146  27.153  -45.034  -11.270 0.8999999762
37147  26.101  -44.394  -11.293 0.8999999762
37148  24.892  -44.494  -11.165 0.8999999762
124574  24.372  -43.810  -11.359 0.8999999762
36305  28.571  -45.546  -13.197 0.6000000238
119739  27.025  -44.153  -13.415 0.6999999881
37977  23.792  -43.254  -12.147 0.8999999762
37186  32.186  -44.646  -14.224 0.6000000238
36318  31.032  -45.236  -13.654 0.6000000238
130222  26.492  -43.385  -13.463 0.6999999881
37994  24.444  -43.376  -13.181 0.6999999881
35306  29.287  -46.565  -4.261 0.6999999881
35307  28.443  -46.374  -4.379 0.6000000238
113834  31.620  -46.478  -4.404 0.8000000119
116080  30.931  -46.525  -4.243 0.8000000119
133047  29.776  -46.060  -4.137 0.6999999881
36207  29.137  -45.771  -4.240 0.6999999881
36218  32.955  -45.696  -5.077 0.6999999881
36204  32.224  -45.951  -4.509 0.8000000119
36228  33.882  -45.507  -6.506 0.6999999881
36227  34.145  -45.105  -7.114 0.6999999881
36237  34.311  -45.361  -7.818 0.8000000119
36252  34.309  -45.092  -8.451 0.8000000119
36253  33.776  -45.520  -8.898 0.8000000119
37947  34.100  -43.814  -9.127 0.8000000119
37129  33.316  -44.151  -9.399 0.8999999762
118590  31.795  -44.193  -9.632 1.0000000000
134536  31.096  -44.063  -9.718 1.0000000000
37144  28.941  -44.327  -10.560 1.0000000000
37951  30.613  -43.587  -9.810 1.0000000000
37952  29.853  -43.905  -10.139 1.0000000000
118016  27.903  -44.284  -11.030 1.0000000000
37964  27.392  -43.526  -11.216 1.0000000000
129263  27.044  -44.177  -11.366 0.8999999762
37965  26.375  -43.600  -11.307 0.8999999762
121377  25.267  -43.697  -11.240 0.8999999762
37966  24.676  -43.024  -11.432 0.8999999762
37174  30.611  -44.456  -13.610 0.6000000238
37175  29.785  -44.509  -13.436 0.6000000238
118802  28.180  -43.960  -13.286 0.6999999881
38827  23.919  -42.492  -11.899 0.8999999762
37984  23.790  -43.352  -12.737 0.8999999762
120615  26.548  -42.660  -13.482 0.6999999881
38850  24.424  -42.454  -13.098 0.8999999762
39747  23.969  -42.131  -12.678 0.8999999762
36205  31.294  -45.856  -4.197 0.6999999881
36206  30.451  -45.937  -4.106 0.6000000238
114508  29.881  -45.372  -4.101 0.6000000238
36208  28.320  -45.487  -4.356 0.6000000238
37075  33.135  -44.870  -5.224 0.6999999881
118705  31.676  -45.080  -4.221 0.6000000238
37074  33.576  -44.641  -5.691 0.6999999881
37084  33.906  -44.839  -6.327 0.6999999881
37083  34.400  -44.315  -6.907 0.6999999881
37934  34.631  -43.201  -8.574 0.8000000119
37948  33.404  -43.262  -9.400 0.8000000119
37949  32.414  -43.524  -9.542 0.8000000119
37950  31.410  -43.456  -9.636 1.0000000000
38798  31.759  -42.711  -9.632 0.8000000119
37961  30.072  -43.058  -10.106 1.0000000000
37962  29.227  -43.297  -10.433 1.0000000000
37963  28.327  -43.463  -10.820 1.0000000000
38812  29.493  -42.472  -10.462 1.0000000000
38813  28.594  -42.629  -10.723 1.0000000000
118410  27.677  -42.773  -11.058 1.0000000000
38814  26.911  -42.165  -11.276 1.0000000000
38815  25.885  -42.267  -11.423 1.0000000000
124830  25.598  -42.970  -11.320 0.8999999762
37176  28.873  -44.652  -13.262 0.6000000238
38817  24.237  -42.353  -11.583 0.8999999762
37187  31.435  -44.509  -13.805 0.6000000238
113962  30.115  -43.711  -13.630 0.6000000238
37990  29.194  -43.720  -13.436 0.6999999881
39718  24.090  -41.837  -11.813 0.8999999762
37991  28.433  -43.198  -13.523 0.6999999881
38848  26.530  -41.804  -13.543 0.6999999881
118804  29.519  -44.075  -3.914 0.5000000000
37059  32.096  -44.287  -4.369 0.6000000238
37060  31.124  -44.199  -3.822 0.5000000000
115656  33.314  -43.969  -5.268 0.6999999881
134208  32.764  -44.367  -4.865 0.6999999881
37906  33.929  -44.064  -6.036 0.6999999881
114375  35.039  -42.820  -7.948 0.6999999881
121086  34.136  -43.024  -9.172 0.8000000119
38796  33.647  -42.475  -9.498 0.8000000119
39682  33.034  -41.956  -9.857 0.8000000119
38797  32.701  -42.617  -9.605 0.8000000119
39694  32.523  -41.553  -10.332 0.8000000119
38809  32.097  -42.019  -9.822 0.8000000119
38810  31.230  -42.164  -9.978 0.8999999762
38811  30.370  -42.317  -10.232 1.0000000000
39695  31.630  -41.629  -10.406 0.8000000119
39696  30.731  -41.735  -10.565 0.8999999762
39697  29.804  -41.777  -10.693 1.0000000000
39698  28.833  -41.865  -10.842 1.0000000000
112773  27.869  -41.999  -11.027 1.0000000000
40682  26.108  -40.886  -11.697 1.0000000000
40683  25.203  -41.029  -11.667 0.8999999762
38816  24.869  -42.317  -11.482 0.8999999762
39717  24.466  -41.107  -11.847 0.8999999762
40698  25.175  -40.350  -12.108 0.8999999762
39731  24.227  -41.387  -12.433 0.8999999762
37173  30.939  -43.686  -13.764 0.6000000238
128113  29.714  -43.118  -13.704 0.6000000238
38847  27.747  -42.488  -13.608 0.6999999881
38849  25.328  -42.024  -13.282 0.8000000119
39746  24.324  -41.512  -12.993 0.8999999762
38002  31.966  -42.979  -14.343 0.6000000238
128151  28.751  -42.607  -13.735 0.6999999881
112226  27.607  -41.701  -13.757 0.6999999881
39745  25.179  -40.932  -13.377 0.8000000119
40718  24.423  -40.577  -13.017 0.8999999762
39744  26.730  -40.976  -13.726 0.6999999881
127875  24.825  -40.077  -13.354 0.8999999762
37874  31.821  -43.405  -4.188 0.5000000000
126174  30.953  -43.163  -3.836 0.5000000000
37894  33.232  -43.032  -4.885 0.6999999881
37893  33.835  -43.273  -5.594 0.6999999881
37905  34.426  -43.335  -6.512 0.6999999881
37892  34.117  -42.657  -5.896 0.6999999881
111868  34.876  -42.705  -7.208 0.6999999881
38773  35.256  -41.927  -7.781 0.6999999881
39672  35.182  -41.769  -8.661 0.6999999881
38795  34.567  -42.329  -9.110 0.6999999881
39681  33.942  -41.772  -9.695 0.8000000119
39693  33.394  -41.370  -10.277 0.8000000119
39712  31.147  -41.287  -11.169 0.8000000119
39713  30.173  -41.306  -11.190 0.8999999762
39714  29.176  -41.267  -11.264 1.0000000000
39715  28.010  -41.221  -11.388 1.0000000000
39711  32.158  -41.136  -11.146 0.8000000119
40693  30.616  -40.910  -11.919 0.8000000119
40696  27.437  -40.367  -11.818 1.0000000000
39716  26.971  -40.784  -11.521 1.0000000000
40695  28.579  -40.591  -11.781 0.8999999762
40697  26.281  -40.237  -11.948 1.0000000000
41644  24.986  -39.654  -12.601 1.0000000000
41657  24.871  -39.311  -12.953 0.8999999762
120579  29.166  -42.990  -13.680 0.6999999881
37989  30.390  -42.968  -13.820 0.6000000238
38857  30.593  -42.302  -14.164 0.6000000238
117487  24.731  -39.749  -13.148 0.8999999762
39761  30.111  -41.569  -14.455 0.6999999881
39743  28.571  -42.004  -13.927 0.6999999881
39762  28.178  -41.125  -14.113 0.6999999881
40717  25.728  -40.067  -13.847 0.6999999881
40733  27.200  -40.319  -14.172 0.6999999881
41671  25.618  -39.248  -14.200 0.8000000119
42566  25.458  -38.270  -14.139 0.8999999762
112310  26.490  -39.669  -14.304 0.6999999881
128512  32.640  -43.640  -4.645 0.6000000238
38730  32.439  -42.788  -4.520 0.5000000000
38750  33.661  -42.536  -5.331 0.5000000000
39644  34.827  -41.826  -6.764 0.6999999881
39671  35.382  -41.274  -8.270 0.6999999881
39658  35.164  -41.285  -7.184 0.6999999881
39679  35.268  -40.986  -8.866 0.6999999881
39680  34.718  -41.417  -9.331 0.6999999881
40672  34.936  -40.585  -9.587 0.6999999881
39692  34.198  -41.010  -10.033 0.6999999881
40681  32.933  -41.112  -10.814 0.8000000119
40680  33.637  -40.636  -10.800 0.8000000119
40691  32.936  -40.703  -11.451 0.8000000119
40706  31.994  -40.277  -12.389 0.8000000119
135695  33.119  -39.403  -12.503 0.8000000119
135595  32.383  -39.577  -12.698 0.8000000119
41640  29.099  -40.117  -12.340 0.8999999762
41641  28.011  -39.896  -12.298 0.8999999762
42531  31.877  -39.087  -13.225 0.8000000119
42532  31.021  -39.176  -13.370 0.8000000119
42521  25.837  -38.992  -12.669 1.0000000000
41642  26.727  -39.509  -12.291 1.0000000000
131281  30.877  -41.826  -14.505 0.6000000238
42537  25.759  -38.347  -12.815 1.0000000000
39742  29.190  -41.610  -14.238 0.6999999881
40731  29.266  -40.819  -14.577 0.6999999881
42551  25.403  -38.426  -13.712 0.8999999762
43368  25.701  -37.998  -13.398 1.0000000000
40732  28.283  -40.385  -14.475 0.6999999881
129076  27.647  -39.536  -14.634 0.8000000119
41670  26.437  -39.037  -14.629 0.8000000119
39657  35.395  -40.993  -7.696 0.6999999881
111972  35.487  -40.183  -7.571 0.6999999881
40669  35.504  -40.575  -8.297 0.6999999881
40671  35.454  -40.158  -9.003 0.6999999881
41621  35.246  -39.651  -9.859 0.6999999881
40689  34.091  -39.895  -11.157 0.6999999881
117620  34.767  -39.443  -10.747 0.6999999881
41638  34.413  -39.284  -11.448 0.8000000119
40690  33.468  -40.200  -11.537 0.8000000119
120551  33.619  -38.827  -12.550 0.8000000119
42530  32.778  -38.817  -13.019 0.8000000119
41654  29.595  -39.601  -12.884 0.8999999762
41655  28.552  -39.383  -12.777 0.8999999762
42548  30.645  -38.556  -13.842 0.8000000119
42534  29.075  -38.846  -13.290 0.8999999762
41656  27.546  -39.153  -12.616 0.8999999762
42550  28.566  -38.061  -13.686 0.8999999762
42535  27.805  -38.485  -13.145 0.8999999762
42536  26.545  -38.532  -12.832 1.0000000000
39760  30.868  -41.273  -14.839 0.6000000238
43367  25.980  -37.817  -13.353 0.8999999762
41669  28.824  -40.013  -15.070 0.6999999881
43385  25.848  -37.485  -13.768 0.8999999762
41688  27.194  -38.710  -15.026 0.8000000119
42565  25.675  -38.575  -14.424 0.8999999762
42583  25.779  -37.855  -14.490 0.8000000119
41618  35.642  -39.732  -8.266 0.6999999881
112551  35.654  -39.273  -9.025 0.6999999881
42504  35.521  -38.713  -9.728 0.6999999881
127449  35.028  -38.683  -11.264 0.6999999881
42529  34.327  -38.774  -12.004 0.6999999881
42547  31.425  -38.726  -13.708 0.8000000119
42533  30.095  -39.092  -13.423 0.8000000119
43382  30.188  -37.701  -14.312 0.8000000119
43366  26.761  -37.850  -13.322 0.8999999762
40730  30.230  -40.766  -14.851 0.6000000238
42549  29.639  -38.353  -13.806 0.8000000119
43383  29.113  -37.719  -14.175 0.8999999762
43365  27.435  -37.566  -13.610 0.8999999762
40729  30.943  -40.592  -15.220 0.6000000238
40750  29.656  -40.280  -15.123 0.6999999881
114902  26.379  -37.178  -13.841 0.8999999762
41687  28.436  -39.025  -15.258 0.6999999881
43404  25.988  -37.293  -14.079 0.8000000119
118354  27.710  -38.258  -15.304 0.6999999881
43409  26.764  -37.032  -14.966 0.8000000119
118739  35.801  -38.390  -8.957 0.6999999881
125317  35.488  -38.242  -10.493 0.6999999881
42520  35.364  -37.781  -11.281 0.6999999881
42546  32.137  -38.558  -13.720 0.8000000119
43381  31.403  -38.140  -14.249 0.8000000119
43402  31.062  -37.399  -14.616 0.8000000119
44191  30.317  -36.626  -14.712 0.8000000119
123253  28.121  -37.276  -14.061 0.8999999762
40749  30.302  -40.119  -15.345 0.6000000238
118152  27.086  -36.901  -13.958 0.8999999762
41686  29.563  -39.555  -15.420 0.6999999881
42580  29.270  -38.738  -15.529 0.6999999881
44174  26.616  -36.605  -14.274 0.8999999762
42581  28.589  -38.052  -15.562 0.6999999881
43417  27.209  -36.806  -15.459 0.8000000119
44193  26.776  -36.471  -14.520 0.8000000119
43416  28.144  -37.163  -15.762 0.6999999881
43403  26.489  -36.829  -14.309 0.8000000119
44201  27.423  -36.300  -16.054 0.8000000119
43338  35.767  -37.754  -9.663 0.6999999881
43342  35.868  -37.019  -9.950 0.6000000238
41684  31.045  -39.815  -15.494 0.6000000238
116737  30.045  -35.536  -14.856 0.8000000119
44979  28.006  -35.813  -14.602 0.8999999762
44173  27.480  -36.512  -14.368 0.8999999762
41685  30.403  -39.444  -15.533 0.6000000238
44995  27.368  -35.092  -14.949 0.8999999762
44980  26.885  -35.906  -14.630 0.8999999762
127811  26.643  -36.145  -15.087 0.8000000119
129418  28.726  -36.870  -16.400 0.6999999881
118454  26.957  -35.524  -15.847 0.8000000119
45004  27.029  -34.859  -15.794 0.8000000119
116771  30.073  -38.783  -15.603 0.6999999881
44192  29.244  -35.971  -14.656 0.8000000119
42592  30.441  -38.043  -15.922 0.5000000000
42593  29.577  -38.090  -15.741 0.6000000238
43415  29.746  -37.477  -16.265 0.6000000238
129279  29.014  -37.558  -15.970 0.6999999881
45866  27.214  -34.532  -15.501 0.8000000119
44200  28.822  -36.278  -16.851 0.6000000238
45007  28.256  -35.834  -17.008 0.6000000238
45008  27.454  -35.745  -16.616 0.6999999881
45009  27.119  -35.068  -16.323 0.8000000119
44996  26.953  -35.555  -15.225 0.8000000119
45017  27.733  -35.248  -16.953 0.6000000238
44994  28.721  -35.009  -14.744 0.8000000119
45864  28.848  -34.026  -14.911 0.8000000119
45865  27.832  -34.275  -14.980 0.8999999762
43414  30.644  -37.401  -16.587 0.6000000238
46829  27.053  -33.640  -15.951 0.8000000119
46807  27.447  -33.751  -15.408 0.8000000119
45886  27.442  -34.467  -16.710 0.6000000238
46804  29.820  -33.671  -15.200 0.8000000119
46806  28.069  -33.632  -15.120 0.8000000119
44199  29.897  -36.682  -16.731 0.6000000238
44207  29.504  -35.848  -17.167 0.6000000238
47821  27.237  -33.203  -15.820 0.8000000119
45016  28.692  -35.230  -17.286 0.6000000238
47835  27.231  -32.889  -16.073 0.6999999881
47804  27.771  -33.044  -15.487 0.8000000119
113471  28.093  -32.797  -17.275 0.6000000238
47843  27.612  -32.817  -16.694 0.6000000238
47834  27.794  -32.303  -16.391 0.6999999881
130594  29.593  -35.162  -17.515 0.6000000238
45884  29.058  -34.392  -17.544 0.6000000238
46821  30.554  -33.205  -15.561 0.8000000119
46805  28.806  -33.197  -15.396 0.8000000119
44206  30.640  -36.225  -17.219 0.6000000238
46822  29.761  -32.967  -15.488 0.8000000119
112679  31.255  -35.885  -17.552 0.5000000000
118172  28.619  -31.870  -16.031 0.8000000119
127678  28.266  -32.497  -15.699 0.8000000119
133807  30.763  -34.879  -17.710 0.6000000238
129585  28.154  -31.925  -16.323 0.6000000238
45014  31.382  -35.155  -17.820 0.5000000000
45883  30.123  -34.700  -17.777 0.6000000238
46836  29.888  -33.866  -18.031 0.6000000238
47842  28.064  -32.025  -17.049 0.6000000238
46848  30.625  -33.315  -18.411 0.6000000238
46837  28.908  -33.367  -17.638 0.6000000238
47841  28.767  -32.425  -17.617 0.6000000238
48834  28.563  -31.335  -17.158 0.6000000238
47818  30.191  -32.361  -15.659 0.8000000119
47819  29.200  -32.396  -15.702 0.8000000119
47833  31.702  -31.970  -16.227 0.8000000119
48805  30.701  -31.661  -16.048 0.6999999881
116450  29.642  -31.686  -15.899 0.6999999881
45893  30.913  -34.247  -17.959 0.6000000238
49731  28.724  -31.002  -16.942 0.6000000238
134547  29.043  -30.736  -16.795 0.6000000238
48807  29.262  -31.291  -16.169 0.6999999881
49747  29.085  -30.742  -17.361 0.6000000238
47851  30.402  -32.445  -18.636 0.5000000000
47852  29.480  -31.948  -18.216 0.6000000238
48845  29.144  -31.208  -17.732 0.6000000238
48842  30.954  -31.948  -19.045 0.5000000000
115088  32.011  -30.804  -16.605 0.6999999881
48823  30.823  -30.950  -16.338 0.6000000238
49712  30.015  -30.339  -16.601 0.6000000238
48806  30.027  -30.978  -16.179 0.6000000238
120108  29.498  -30.280  -16.908 0.6000000238
50574  30.693  -29.940  -16.758 0.6000000238
134143  30.725  -31.523  -19.072 0.5000000000
48844  29.727  -31.126  -18.422 0.6000000238
49762  29.412  -30.490  -17.966 0.6000000238
49730  29.249  -30.462  -17.153 0.6000000238
51392  30.657  -29.317  -17.220 0.6000000238
48854  30.396  -31.064  -18.960 0.6000000238
50612  29.914  -29.628  -18.659 0.6000000238
48853  31.140  -31.268  -19.349 0.5000000000
49772  30.617  -30.262  -19.167 0.5000000000
50629  31.334  -29.597  -19.601 0.4000000060
51434  30.316  -28.494  -19.421 0.5000000000
49728  31.358  -30.425  -16.588 0.6000000238
50573  31.580  -29.626  -17.025 0.6000000238
49746  29.478  -30.072  -17.625 0.6000000238
51394  29.699  -29.231  -17.569 0.6000000238
50594  31.319  -29.004  -17.356 0.6000000238
50631  29.613  -28.877  -18.536 0.6000000238
51419  29.685  -28.085  -18.751 0.6000000238
50630  30.121  -29.155  -19.072 0.5000000000
51435  29.573  -28.156  -19.063 0.6000000238
51408  29.706  -28.679  -17.987 0.6000000238
122841  32.111  -28.942  -17.242 0.5000000000
50593  32.554  -29.515  -17.198 0.5000000000
51409  29.529  -29.135  -17.966 0.6000000238
51407  30.456  -28.628  -17.770 0.5000000000
51450  29.610  -27.658  -19.447 0.4000000060
112702  32.868  -28.884  -17.296 0.4000000060
52188  29.879  -27.897  -18.565 0.6000000238
52214  29.298  -27.061  -19.310 0.4000000060
52201  29.366  -26.905  -18.911 0.6000000238
52948  29.727  -26.914  -18.739 0.6000000238
52187  30.812  -27.824  -18.364 0.4000000060
52977  29.266  -26.238  -19.739 0.4000000060
52964  29.289  -26.311  -19.187 0.4000000060
52186  32.038  -27.665  -17.907 0.4000000060
130276  29.349  -26.399  -18.864 0.4000000060
52947  31.050  -26.882  -18.684 0.4000000060
52230  29.602  -27.084  -19.823 0.4000000060
52963  29.645  -26.025  -18.911 0.4000000060
52184  34.181  -27.744  -17.594 0.4000000060
52185  33.135  -27.673  -17.659 0.4000000060
52976  29.552  -25.588  -19.659 0.4000000060
117061  30.333  -25.396  -19.320 0.4000000060
132996  30.500  -26.007  -18.899 0.4000000060
129092  33.666  -27.105  -17.762 0.4000000060
52946  32.705  -26.924  -18.204 0.4000000060
52962  31.677  -26.162  -18.876 0.4000000060
52945  34.376  -26.832  -17.660 0.4000000060
52960  33.752  -26.486  -18.040 0.4000000060
33938  23.037  -48.979  -11.975 0.8000000119
34640  23.559  -48.136  -11.068 0.8999999762
33924  24.330  -48.602  -10.388 0.8999999762
33155  24.110  -49.401  -10.371 0.8999999762
120864  24.675  -49.934  -10.222 0.8999999762
32323  30.160  -50.010  -9.265 0.8999999762
33918  29.956  -48.403  -9.528 1.0000000000
34628  30.593  -47.751  -9.433 1.0000000000
32327  26.530  -50.742  -9.801 0.8999999762
32325  28.497  -50.268  -9.620 0.8999999762
122887  28.270  -48.838  -9.951 0.8999999762
34629  29.779  -47.436  -9.725 1.0000000000
116240  26.078  -49.975  -10.185 0.8999999762
33152  27.936  -49.651  -9.890 0.8999999762
122325  27.379  -49.024  -10.190 0.8999999762
34630  28.956  -47.424  -9.948 1.0000000000
122609  25.663  -49.263  -10.293 0.8999999762
35357  27.372  -46.889  -10.790 0.8999999762
113838  31.589  -28.387  -17.608 0.4000000060
51406  32.566  -28.317  -17.481 0.4000000060
51405  33.467  -28.448  -17.455 0.4000000060
114708  30.819  -56.050  -4.220 0.8999999762
26248  28.355  -57.643  -8.325 0.8000000119
28662  28.169  -54.754  -2.987 0.8999999762
28706  31.750  -54.660  -5.494 1.0000000000
122658  28.134  -56.161  -8.717 0.8000000119
30558  31.560  -52.688  -4.507 0.8999999762
29624  29.771  -53.475  -8.376 0.8999999762
29633  28.865  -53.711  -8.768 0.8000000119
122517  27.342  -54.021  -9.381 0.8000000119
117234  25.925  -53.209  -9.693 0.8000000119
31496  31.905  -51.650  -8.152 1.0000000000
30620  27.376  -52.115  -9.553 0.8999999762
31509  25.861  -51.945  -9.574 0.8000000119
32328  25.561  -50.644  -9.877 0.8999999762
32317  25.040  -51.253  -9.678 0.8000000119
32316  29.828  -50.832  -9.284 0.8999999762
122324  26.484  -49.176  -10.275 0.8999999762
32264  29.431  -50.875  -3.806 0.8999999762
32277  28.794  -50.216  -4.070 1.0000000000
33873  24.861  -48.505  -4.793 0.6000000238
130948  22.805  -47.782  -5.345 0.4000000060
34593  24.424  -47.150  -5.253 0.4000000060
33148  31.192  -49.171  -9.118 1.0000000000
33150  29.626  -49.306  -9.457 0.8999999762
33187  23.253  -49.579  -11.918 0.6999999881
35386  23.787  -46.254  -12.529 0.8000000119
33094  30.971  -49.195  -4.238 0.8999999762
33923  25.128  -48.515  -10.350 0.8999999762
121603  26.216  -48.491  -12.545 0.6000000238
35370  23.489  -46.913  -11.378 0.8999999762
35318  23.955  -46.478  -5.487 0.4000000060
134036  26.295  -47.918  -10.544 0.8999999762
36281  23.856  -45.339  -11.213 0.8999999762
36288  23.723  -45.020  -11.821 0.8999999762
35396  27.141  -46.371  -13.056 0.6999999881
36307  26.424  -45.559  -13.135 0.6999999881
34579  30.277  -47.553  -4.132 0.8000000119
34577  31.761  -47.735  -4.623 0.8999999762
36264  30.521  -45.223  -9.933 1.0000000000
33920  27.750  -48.221  -10.277 0.8999999762
35366  27.627  -45.969  -10.899 0.8999999762
35367  26.543  -46.280  -11.169 0.8999999762
126412  27.118  -47.678  -10.588 0.8999999762
37149  24.031  -44.629  -11.321 0.8999999762
35315  33.276  -46.360  -5.562 0.8000000119
36209  27.490  -45.180  -4.482 0.5000000000
36217  33.551  -45.457  -5.752 0.6999999881
37099  34.560  -44.685  -7.807 0.8000000119
35332  34.061  -45.826  -8.139 0.8999999762
37992  27.456  -43.311  -13.462 0.6999999881
38837  23.763  -42.664  -12.414 0.8999999762
37062  29.136  -44.829  -4.155 0.6000000238
128494  32.512  -45.046  -4.652 0.8000000119
115112  30.752  -45.158  -4.007 0.6000000238
122492  34.499  -44.237  -8.527 0.6999999881
38799  30.874  -42.840  -9.768 1.0000000000
119405  26.682  -42.891  -11.276 1.0000000000
37061  30.098  -44.546  -3.920 0.6000000238
37063  28.211  -44.626  -4.329 0.5000000000
129637  34.784  -43.664  -7.667 0.6999999881
37875  30.214  -43.663  -3.759 0.5000000000
38784  35.020  -42.429  -8.418 0.6999999881
40709  24.690  -40.286  -12.665 0.8999999762
39619  32.127  -42.046  -4.564 0.5000000000
38762  34.518  -42.506  -6.469 0.6999999881
40694  29.621  -40.782  -11.829 0.8999999762
40705  32.907  -40.137  -12.156 0.8000000119
41652  31.491  -39.683  -12.831 0.8000000119
43405  25.592  -37.808  -13.966 0.8999999762
38751  32.952  -42.089  -4.903 0.5000000000
112037  34.446  -41.290  -6.178 0.6999999881
40679  34.496  -40.214  -10.376 0.6999999881
41639  33.732  -39.533  -11.946 0.8000000119
40708  30.107  -40.304  -12.434 0.8999999762
42582  26.675  -37.848  -15.065 0.8000000119
41629  35.263  -38.968  -10.432 0.6999999881
42545  32.827  -38.272  -13.586 0.8000000119
43384  26.349  -36.984  -14.131 0.8999999762
44172  28.957  -36.829  -14.438 0.8999999762
135089  28.029  -36.192  -16.716 0.6999999881
126224  27.275  -33.622  -16.394 0.6999999881
129798  28.096  -34.635  -17.234 0.6000000238
45885  27.908  -33.711  -17.231 0.6000000238
47820  27.657  -32.441  -15.950 0.8000000119
46849  29.670  -32.931  -18.197 0.6000000238
48843  30.288  -31.694  -18.750 0.6000000238
51393  29.960  -29.056  -17.455 0.6000000238
53746  32.194  -25.411  -19.241 0.4000000060
33154  24.912  -49.293  -10.299 0.8999999762
19942  26.458  -64.204  -1.665 0.4000000060
120486  26.053  -63.798  -1.182 0.4000000060
20779  24.621  -63.684  -0.576 0.4000000060
20814  27.877  -63.619  -3.419 0.4000000060
20788  25.835  -63.051  -1.131 0.4000000060
21666  25.019  -62.948  -0.809 0.4000000060
20813  28.219  -62.951  -3.868 0.3000000119
20786  27.187  -62.980  -1.884 0.4000000060
21708  28.435  -62.215  -5.164 0.4000000060
21719  28.276  -62.079  -6.003 0.4000000060
22681  27.870  -61.876  -6.870 0.4000000060
123487  27.529  -60.913  -8.116 0.4000000060
21671  26.474  -62.287  -1.469 0.5000000000
21672  25.387  -62.195  -1.152 0.4000000060
21681  28.185  -62.085  -2.804 0.4000000060
21670  27.279  -62.229  -1.829 0.4000000060
22655  28.769  -61.727  -4.734 0.5000000000
22680  28.505  -61.328  -6.393 0.4000000060
22688  28.131  -61.017  -7.304 0.4000000060
23625  28.014  -60.282  -7.795 0.5000000000
23632  27.331  -60.231  -8.395 0.5000000000
24576  26.765  -59.142  -8.774 0.6000000238
119180  26.484  -59.965  -8.749 0.5000000000
118796  25.357  -59.141  -9.254 0.6000000238
25435  24.712  -58.546  -9.327 0.4000000060
22602  26.551  -61.345  -1.513 0.5000000000
22603  25.747  -61.421  -1.361 0.5000000000
22604  24.705  -61.357  -1.376 0.5000000000
22620  23.213  -61.458  -2.115 0.5000000000
22617  28.224  -61.298  -2.637 0.6000000238
22601  27.128  -61.554  -1.704 0.6000000238
22637  28.891  -61.555  -3.935 0.5000000000
23583  28.853  -60.821  -3.226 0.6000000238
22654  29.136  -61.109  -4.675 0.5000000000
23606  28.955  -60.857  -5.997 0.5000000000
23618  28.734  -60.590  -6.616 0.4000000060
24566  28.537  -59.578  -7.530 0.6000000238
24567  27.852  -59.639  -8.184 0.6000000238
25432  27.152  -58.428  -8.748 0.6000000238
26250  26.750  -57.734  -8.951 0.6000000238
26251  25.824  -57.661  -9.208 0.6000000238
27078  25.643  -56.723  -9.301 0.6000000238
25433  26.335  -58.472  -9.032 0.6000000238
25434  25.552  -58.504  -9.213 0.6000000238
122327  25.048  -57.890  -9.243 0.6000000238
122326  24.285  -56.790  -9.202 0.6000000238
23553  26.989  -60.779  -1.668 0.5000000000
124891  25.286  -60.761  -1.506 0.5000000000
23556  24.619  -60.515  -1.785 0.5000000000
23568  24.025  -60.380  -2.279 0.5000000000
23566  28.270  -60.449  -2.498 0.6000000238
118760  27.637  -60.984  -2.064 0.6000000238
23596  29.522  -60.371  -4.545 0.6000000238
23582  29.424  -60.130  -3.671 0.6000000238
23605  29.267  -60.635  -5.359 0.5000000000
24530  29.785  -59.596  -4.325 0.6000000238
23617  29.278  -60.217  -6.077 0.6000000238
118283  28.800  -58.882  -7.585 0.6000000238
124271  27.142  -57.153  -8.819 0.6000000238
117999  24.783  -56.354  -9.270 0.6000000238
27891  24.444  -55.521  -9.468 0.6999999881
23555  25.369  -60.082  -1.810 0.6000000238
23567  24.592  -59.735  -2.376 0.5000000000
24497  23.734  -59.915  -2.729 0.5000000000
24518  28.899  -59.745  -2.863 0.6000000238
24494  27.474  -60.055  -2.040 0.6000000238
24480  26.685  -60.114  -1.784 0.6000000238
24519  24.066  -59.231  -3.048 0.5000000000
24521  22.989  -59.585  -3.529 0.5000000000
24492  29.058  -58.908  -2.938 0.6000000238
24557  29.561  -59.423  -6.262 0.6000000238
28746  24.974  -54.788  -9.615 0.6999999881
24495  26.692  -59.325  -2.069 0.6000000238
24496  25.583  -59.270  -2.264 0.6000000238
25355  24.792  -58.894  -2.787 0.6000000238
113695  27.676  -59.118  -2.276 0.6000000238
25354  26.154  -58.527  -2.405 0.6000000238
25373  24.890  -58.087  -3.039 0.6000000238
25374  24.229  -58.461  -3.331 0.6000000238
25376  22.881  -59.122  -3.933 0.6000000238
25352  28.005  -58.171  -2.403 0.6000000238
25389  22.419  -59.001  -4.355 0.5000000000
24517  29.436  -59.263  -3.519 0.6000000238
26207  22.370  -58.181  -4.590 0.6000000238
122680  24.522  -53.945  -9.709 0.6999999881
25353  27.085  -58.443  -2.297 0.6000000238
26192  25.140  -57.298  -3.232 0.6000000238
26171  27.789  -57.255  -2.470 0.6000000238
123673  26.508  -57.759  -2.533 0.6000000238
26173  25.652  -57.840  -2.748 0.6000000238
118098  24.394  -57.622  -3.555 0.6000000238
25388  23.059  -58.388  -4.183 0.6000000238
25351  28.835  -58.219  -2.739 0.6000000238
26205  23.898  -57.135  -4.185 0.6000000238
25372  29.503  -58.372  -3.471 0.6000000238
25398  30.264  -58.301  -5.213 0.6000000238
30605  24.522  -52.547  -9.661 0.6999999881
31512  24.263  -51.996  -9.853 0.6999999881
26170  28.536  -57.432  -2.643 0.6000000238
26995  25.996  -56.956  -2.846 0.6999999881
27014  25.312  -56.490  -3.440 0.6999999881
26169  29.259  -57.525  -3.098 0.6000000238
32330  24.004  -50.372  -10.326 0.6999999881
26993  27.495  -56.482  -2.642 0.6999999881
27011  28.988  -56.802  -2.921 0.6999999881
26992  28.289  -56.653  -2.647 0.6999999881
27013  26.001  -56.097  -3.229 0.6999999881
27820  25.371  -55.631  -3.733 0.6999999881
26193  24.604  -56.826  -3.767 0.6000000238
27029  24.248  -56.272  -4.243 0.6999999881
27837  24.625  -55.531  -4.188 0.6000000238
27030  23.528  -56.349  -4.565 0.5000000000
33932  23.334  -48.878  -11.408 0.8000000119
27802  28.029  -55.782  -2.790 0.6999999881
27803  27.173  -55.795  -2.897 0.6999999881
121675  26.132  -55.398  -3.466 0.6999999881
28678  25.724  -54.957  -3.802 0.6999999881
27840  22.263  -55.615  -4.939 0.5000000000
27836  25.134  -54.849  -4.150 0.6999999881
120728  24.300  -54.712  -4.414 0.6000000238
122241  23.445  -54.872  -4.623 0.6000000238
118567  34.139  -38.159  -12.625 0.6999999881
43364  33.449  -38.244  -13.130 0.6999999881
43400  32.716  -37.377  -14.590 0.6999999881
43355  34.785  -37.993  -11.998 0.6000000238
43363  34.553  -37.330  -12.746 0.6000000238
125495  32.201  -36.988  -15.033 0.6999999881
44190  31.438  -36.821  -14.993 0.6999999881
43362  35.159  -37.154  -11.928 0.6000000238
43379  33.303  -37.711  -13.833 0.6999999881
44189  32.906  -36.740  -15.055 0.6999999881
43354  35.567  -36.904  -11.174 0.6000000238
44993  31.045  -36.007  -15.256 0.6999999881
45862  30.813  -35.056  -15.309 0.6999999881
44162  35.161  -36.573  -12.583 0.6000000238
44978  34.996  -35.965  -14.029 0.6000000238
44188  33.725  -36.425  -14.911 0.6999999881
44992  32.086  -36.250  -15.448 0.6999999881
45871  31.578  -34.617  -15.716 0.6999999881
45872  30.721  -34.097  -15.381 0.6999999881
44154  35.557  -36.383  -11.809 0.6000000238
44968  35.707  -35.796  -12.490 0.6000000238
112992  35.407  -35.261  -14.128 0.5000000000
44990  34.401  -35.985  -14.822 0.6000000238
45869  33.922  -34.653  -15.786 0.5000000000
45870  32.398  -34.285  -16.078 0.6999999881
46828  32.943  -33.001  -16.499 0.6999999881
52989  30.972  -25.967  -20.548 0.3000000119
19943  25.876  -64.612  -1.003 0.4000000060
19932  25.036  -64.484  -0.570 0.3000000119
19934  23.316  -64.360  -0.317 0.4000000060
19956  27.395  -64.209  -2.963 0.3000000119
20780  23.732  -63.642  -0.528 0.4000000060
20832  27.965  -62.786  -5.578 0.4000000060
21667  24.129  -62.903  -0.704 0.4000000060
21720  27.678  -62.630  -6.417 0.4000000060
21730  27.353  -62.515  -7.331 0.4000000060
22690  26.702  -61.647  -8.518 0.4000000060
23633  26.786  -60.860  -8.590 0.5000000000
24578  24.807  -59.447  -9.377 0.4000000060
128986  23.214  -61.946  -1.704 0.4000000060
26253  24.231  -57.541  -9.279 0.5000000000
22621  22.627  -61.381  -2.729 0.5000000000
124605  23.560  -56.746  -9.329 0.6000000238
23570  22.633  -60.773  -3.156 0.5000000000
23584  23.103  -60.101  -3.092 0.5000000000
23585  22.192  -60.714  -3.719 0.5000000000
27892  23.498  -55.377  -9.524 0.6000000238
24531  22.380  -59.833  -3.985 0.5000000000
25390  21.784  -58.782  -4.738 0.4000000060
122587  23.825  -54.110  -9.840 0.6999999881
124666  22.306  -57.252  -4.793 0.5000000000
113394  23.863  -51.443  -10.415 0.6999999881
27031  22.722  -56.378  -4.798 0.5000000000
32335  23.481  -50.394  -10.952 0.8000000119
33169  23.320  -49.585  -11.544 0.6999999881
27850  21.458  -55.656  -5.144 0.5000000000
28692  22.608  -54.878  -4.822 0.6000000238
40648  34.811  -40.976  -6.611 0.6000000238
40660  35.217  -40.618  -7.048 0.6000000238
43343  35.651  -37.392  -10.505 0.6000000238
45848  35.844  -34.776  -13.699 0.5000000000
45861  35.504  -34.571  -14.634 0.5000000000
44999  34.797  -34.668  -15.378 0.5000000000
46827  33.895  -33.127  -16.399 0.5000000000
47831  33.479  -32.357  -16.607 0.5000000000
48820  33.092  -31.616  -16.813 0.5000000000
53785  31.246  -24.471  -21.265 0.3000000119
53786  30.480  -24.912  -20.663 0.3000000119
53772  30.006  -24.906  -20.206 0.3000000119
25386  30.086  -58.310  -4.333 0.6000000238
111715  29.835  -58.910  -4.090 0.6000000238
24541  29.744  -59.770  -5.330 0.6000000238
28677  26.344  -54.698  -3.593 0.8000000119
118880  25.523  -55.733  -9.442 0.6999999881
29636  24.943  -53.052  -9.616 0.6999999881
31525  24.460  -51.283  -9.958 0.6999999881
130245  33.926  -37.727  -13.198 0.6999999881
45863  29.878  -34.542  -14.927 0.6999999881
48821  32.267  -31.443  -16.553 0.6000000238
52990  29.684  -25.536  -20.147 0.3000000119
33161  23.532  -49.543  -10.867 0.8000000119
32345  23.444  -50.361  -11.517 0.6999999881
43399  33.523  -37.032  -14.398 0.6999999881
20787  26.999  -63.803  -2.178 0.4000000060
20802  28.120  -62.856  -3.049 0.4000000060
20824  27.857  -63.618  -4.272 0.3000000119
21686  28.453  -62.238  -3.521 0.5000000000
21673  24.452  -62.198  -1.057 0.5000000000
135174  26.268  -61.149  -8.721 0.3000000119
21683  22.589  -61.951  -2.215 0.5000000000
27838  23.881  -55.566  -4.482 0.6000000238
45002  32.470  -35.255  -15.759 0.6999999881
43378  34.058  -37.166  -13.618 0.6999999881
44163  34.724  -36.628  -13.390 0.6000000238
44187  34.281  -36.578  -14.228 0.6999999881
44991  33.100  -36.006  -15.378 0.6999999881
44171  35.262  -36.119  -13.191 0.6000000238
44989  34.944  -35.342  -14.760 0.5000000000
45000  34.269  -35.346  -15.311 0.6000000238
135149  33.110  -34.706  -15.977 0.6999999881
46819  32.425  -33.522  -16.288 0.6999999881
47816  32.035  -32.809  -16.278 0.6999999881
44967  36.092  -35.004  -12.833 0.5000000000
46818  33.308  -33.906  -16.256 0.5000000000
47832  32.587  -32.197  -16.506 0.6999999881
112492  36.248  -35.187  -11.962 0.5000000000
112416  35.346  -33.969  -15.417 0.5000000000
46816  35.305  -33.300  -15.894 0.5000000000
117840  34.001  -31.728  -16.798 0.5000000000
113703  23.591  -52.313  -10.678 0.6000000238
31531  23.518  -51.342  -11.018 0.6000000238
133637  25.266  -50.437  -12.137 0.5000000000
31546  23.689  -51.355  -11.315 0.6000000238
115315  23.519  -50.142  -11.949 0.6000000238
32362  26.779  -50.407  -12.883 0.5000000000
120775  25.991  -49.989  -12.292 0.5000000000
121852  24.773  -49.826  -12.315 0.6000000238
30563  22.509  -52.680  -4.444 0.5000000000
33947  23.913  -48.378  -12.252 0.6000000238
33183  27.643  -49.497  -13.083 0.5000000000
33184  26.718  -49.505  -12.704 0.5000000000
33944  28.149  -48.851  -13.104 0.5000000000
31470  22.649  -51.407  -4.543 0.4000000060
31471  21.759  -51.483  -4.521 0.4000000060
32283  21.537  -50.671  -4.614 0.4000000060
33945  27.303  -48.713  -12.745 0.5000000000
128712  28.790  -48.957  -13.321 0.5000000000
32291  20.962  -50.169  -4.809 0.4000000060
34660  29.388  -47.855  -13.289 0.5000000000
33958  28.728  -48.308  -13.091 0.5000000000
33110  21.289  -49.399  -5.081 0.4000000060
36211  26.073  -46.034  -5.058 0.4000000060
125611  25.273  -45.652  -5.335 0.4000000060
36220  24.340  -45.705  -5.554 0.3000000119
38732  30.756  -42.222  -4.210 0.4000000060
119742  30.112  -42.780  -3.825 0.4000000060
37065  26.754  -44.694  -4.667 0.4000000060
39621  30.632  -41.414  -4.428 0.4000000060
37064  27.508  -44.449  -4.447 0.4000000060
36210  26.058  -45.210  -5.124 0.4000000060
37878  27.656  -43.282  -4.242 0.4000000060
135664  26.522  -44.125  -4.679 0.4000000060
36219  25.409  -44.834  -5.368 0.4000000060
111697  24.643  -44.909  -5.601 0.4000000060
37876  29.426  -43.337  -3.837 0.4000000060
38733  29.394  -42.594  -3.842 0.4000000060
118615  27.983  -43.862  -4.282 0.4000000060
39620  31.408  -41.702  -4.486 0.4000000060
117134  29.917  -41.894  -4.138 0.4000000060
113729  29.061  -42.002  -3.934 0.4000000060
37877  28.523  -42.958  -3.957 0.4000000060
38735  27.641  -42.575  -4.152 0.4000000060
38736  26.883  -42.357  -4.339 0.4000000060
37076  25.943  -44.322  -5.005 0.4000000060
39625  26.642  -41.584  -4.318 0.4000000060
37896  25.810  -42.965  -4.813 0.4000000060
124622  33.681  -41.878  -5.417 0.4000000060
40620  30.525  -40.728  -4.526 0.4000000060
118504  29.961  -41.096  -4.440 0.4000000060
39622  29.419  -41.409  -4.272 0.4000000060
39638  33.942  -41.207  -5.659 0.5000000000
115548  33.156  -41.205  -5.254 0.4000000060
39639  32.197  -41.190  -4.770 0.4000000060
40639  31.756  -40.210  -4.848 0.4000000060
120753  29.964  -40.331  -4.542 0.4000000060
40622  28.396  -40.511  -4.395 0.4000000060
39623  28.756  -41.319  -4.229 0.4000000060
39624  27.480  -41.760  -4.165 0.4000000060
40623  27.355  -40.838  -4.246 0.4000000060
38737  26.108  -42.269  -4.532 0.4000000060
128722  34.882  -40.335  -6.500 0.5000000000
40636  34.375  -40.492  -5.945 0.5000000000
40637  33.535  -40.440  -5.526 0.5000000000
40638  32.638  -40.380  -5.191 0.4000000060
131674  30.794  -40.017  -4.706 0.4000000060
41576  33.925  -39.648  -5.732 0.5000000000
41578  32.198  -39.588  -5.275 0.4000000060
41580  30.598  -39.185  -5.236 0.4000000060
40640  29.938  -39.532  -4.785 0.4000000060
42448  32.589  -39.058  -5.545 0.4000000060
42449  31.826  -38.795  -5.542 0.4000000060
41579  31.371  -39.463  -5.197 0.4000000060
42450  30.541  -38.300  -5.706 0.4000000060
43311  33.436  -37.413  -6.519 0.4000000060
44102  32.946  -36.642  -6.799 0.4000000060
127930  32.521  -37.504  -6.314 0.4000000060
43312  31.615  -37.366  -6.347 0.4000000060
44104  30.888  -36.960  -6.649 0.4000000060
41610  35.426  -39.227  -7.394 0.5000000000
43326  34.954  -37.568  -7.010 0.5000000000
43310  34.208  -37.867  -6.529 0.4000000060
44124  32.145  -36.111  -7.205 0.4000000060
44103  31.897  -36.751  -6.683 0.4000000060
44125  31.259  -36.286  -7.267 0.3000000119
42447  33.333  -38.915  -5.724 0.4000000060
42475  32.582  -38.348  -5.804 0.4000000060
42476  31.803  -37.959  -5.929 0.4000000060
42477  31.038  -37.744  -6.151 0.4000000060
111949  35.487  -37.293  -7.821 0.5000000000
43327  35.000  -36.784  -7.205 0.5000000000
131744  32.858  -35.970  -7.290 0.4000000060
43332  35.824  -37.533  -8.751 0.5000000000
44101  34.142  -36.888  -6.821 0.4000000060
44123  33.634  -36.094  -7.145 0.4000000060
44919  32.385  -35.527  -7.648 0.4000000060
44921  30.731  -35.728  -7.833 0.3000000119
44136  35.718  -36.651  -8.518 0.5000000000
43331  35.891  -36.921  -9.304 0.4000000060
44917  34.799  -35.670  -7.614 0.3000000119
44918  34.067  -35.552  -7.496 0.4000000060
126349  33.205  -35.484  -7.563 0.4000000060
44933  31.932  -35.164  -8.084 0.3000000119
44920  31.595  -35.645  -7.741 0.3000000119
44935  30.177  -35.192  -8.356 0.3000000119
44932  35.622  -35.812  -8.480 0.3000000119
44135  35.885  -36.134  -9.176 0.4000000060
44945  36.134  -35.639  -9.775 0.4000000060
44948  36.098  -35.886  -10.424 0.4000000060
44153  35.875  -36.140  -11.091 0.4000000060
44957  35.988  -35.779  -11.683 0.4000000060
45783  34.530  -35.105  -7.868 0.3000000119
45784  33.666  -34.919  -7.833 0.3000000119
45785  32.688  -34.870  -8.038 0.3000000119
45799  31.883  -34.608  -8.455 0.3000000119
44934  31.158  -35.069  -8.347 0.3000000119
45802  29.570  -34.673  -8.754 0.3000000119
45803  28.708  -34.794  -8.808 0.3000000119
44916  35.187  -35.444  -8.047 0.3000000119
45801  30.466  -34.430  -8.784 0.3000000119
45816  29.056  -34.154  -9.175 0.3000000119
44931  35.878  -35.340  -9.104 0.3000000119
114855  36.364  -35.233  -10.322 0.3000000119
112920  36.324  -35.358  -11.080 0.4000000060
45847  36.311  -34.234  -13.157 0.4000000060
46803  35.935  -33.763  -14.832 0.4000000060
46817  34.496  -33.849  -15.971 0.4000000060
45817  28.170  -34.212  -9.213 0.3000000119
45812  35.659  -34.454  -8.880 0.3000000119
45796  35.046  -34.737  -8.287 0.3000000119
131539  35.509  -35.147  -8.530 0.3000000119
45822  36.489  -34.433  -10.642 0.3000000119
45828  36.455  -34.701  -11.461 0.3000000119
45838  36.408  -34.335  -12.186 0.4000000060
124695  36.556  -33.560  -12.629 0.3000000119
46789  36.491  -33.510  -13.470 0.4000000060
131085  35.829  -33.410  -15.446 0.4000000060
46826  34.696  -33.092  -16.242 0.4000000060
47830  34.381  -32.454  -16.474 0.4000000060
45811  36.258  -34.755  -9.727 0.3000000119
47793  36.756  -32.907  -12.999 0.3000000119
113900  36.719  -32.915  -13.746 0.3000000119
47814  36.702  -32.476  -15.307 0.4000000060
47828  36.572  -31.917  -15.749 0.4000000060
47829  35.238  -32.586  -16.243 0.4000000060
48818  35.455  -31.116  -16.557 0.4000000060
118040  34.561  -31.044  -16.963 0.4000000060
113614  33.600  -30.956  -17.111 0.4000000060
49726  32.693  -30.870  -16.934 0.5000000000
47782  36.897  -32.296  -12.593 0.3000000119
47802  37.363  -31.913  -14.192 0.3000000119
47803  36.907  -32.588  -14.487 0.3000000119
48793  37.243  -31.813  -15.048 0.4000000060
48804  37.001  -31.121  -15.599 0.4000000060
48817  36.283  -31.169  -16.149 0.4000000060
49723  35.961  -30.410  -16.504 0.3000000119
49724  35.153  -30.325  -16.999 0.4000000060
49725  34.172  -30.143  -17.299 0.3000000119
49745  33.108  -30.178  -17.219 0.3000000119
49727  32.200  -30.222  -16.926 0.4000000060
50592  33.542  -29.328  -17.334 0.3000000119
48773  37.186  -31.621  -12.689 0.3000000119
49693  37.878  -30.689  -13.694 0.3000000119
48803  37.540  -31.011  -15.043 0.3000000119
49710  37.398  -30.250  -15.406 0.3000000119
50559  36.944  -29.672  -15.998 0.3000000119
50570  36.446  -29.198  -16.417 0.3000000119
50571  35.728  -29.554  -16.801 0.3000000119
50572  34.866  -29.534  -17.285 0.3000000119
132478  34.249  -29.454  -17.372 0.3000000119
50590  35.329  -28.796  -17.228 0.3000000119
49686  37.629  -30.844  -12.857 0.3000000119
49701  37.877  -30.373  -14.543 0.3000000119
50551  37.847  -29.687  -14.937 0.3000000119
50558  37.490  -29.346  -15.480 0.3000000119
50569  37.083  -28.928  -16.046 0.3000000119
115326  35.984  -28.776  -16.795 0.3000000119
51404  35.009  -28.127  -17.531 0.3000000119
50591  34.396  -28.782  -17.432 0.3000000119
51391  35.890  -27.896  -17.189 0.3000000119
52183  35.066  -27.306  -17.554 0.3000000119
41596  34.653  -39.718  -6.218 0.5000000000
41595  34.967  -39.211  -6.626 0.5000000000
117036  23.921  -52.323  -10.117 0.6000000238
30634  23.506  -52.233  -11.056 0.5000000000
31544  24.711  -51.842  -11.669 0.5000000000
31545  23.997  -51.797  -11.523 0.5000000000
120719  27.960  -50.172  -13.272 0.5000000000
31556  26.561  -51.500  -12.425 0.5000000000
31557  25.221  -51.114  -11.868 0.5000000000
29582  24.261  -53.822  -4.489 0.6000000238
122828  22.999  -54.188  -4.630 0.6000000238
128974  22.062  -53.251  -4.593 0.5000000000
29585  21.332  -53.452  -4.647 0.5000000000
30564  21.657  -52.530  -4.524 0.5000000000
30565  20.600  -52.787  -4.635 0.5000000000
31473  20.154  -51.955  -4.766 0.4000000060
33111  20.407  -49.598  -5.362 0.4000000060
129437  20.760  -48.965  -5.522 0.4000000060
34595  22.593  -47.120  -5.598 0.3000000119
36221  23.532  -45.780  -5.748 0.3000000119
37079  23.810  -45.065  -5.880 0.4000000060
37897  25.125  -43.114  -5.283 0.4000000060
38752  25.316  -42.307  -4.906 0.4000000060
41564  29.204  -39.931  -4.561 0.4000000060
40624  26.347  -40.768  -4.380 0.4000000060
40625  25.322  -40.595  -4.620 0.4000000060
41565  28.404  -39.483  -4.603 0.4000000060
41566  27.626  -39.889  -4.479 0.4000000060
42451  29.837  -38.746  -5.314 0.4000000060
127983  27.718  -39.086  -4.677 0.4000000060
44126  30.337  -36.348  -7.290 0.4000000060
43289  29.701  -37.959  -5.774 0.4000000060
126216  30.241  -37.533  -6.238 0.4000000060
44922  29.814  -35.758  -7.801 0.3000000119
44936  29.263  -35.307  -8.368 0.3000000119
44923  28.921  -35.792  -7.779 0.3000000119
33182  28.433  -49.522  -13.303 0.5000000000
34597  21.300  -47.737  -5.860 0.4000000060
38753  24.544  -42.419  -5.435 0.4000000060
41581  29.129  -39.036  -4.855 0.4000000060
42435  28.271  -38.551  -5.021 0.4000000060
33885  21.539  -48.553  -5.424 0.4000000060
33185  25.496  -49.167  -12.425 0.5000000000
38731  31.582  -42.529  -4.303 0.4000000060
42497  35.653  -38.844  -8.265 0.5000000000
118311  35.829  -36.616  -10.487 0.5000000000
131859  35.663  -38.078  -8.285 0.5000000000
45860  36.081  -34.035  -14.013 0.4000000060
48819  34.913  -31.811  -16.532 0.4000000060
31558  24.181  -51.189  -11.671 0.6000000238
32363  26.184  -50.798  -12.236 0.5000000000
32361  27.366  -50.728  -13.187 0.5000000000
37895  26.329  -43.565  -4.671 0.4000000060
37880  26.421  -42.853  -4.540 0.4000000060
125324  25.636  -43.619  -5.053 0.4000000060
37077  25.009  -44.045  -5.454 0.4000000060
115958  26.898  -40.138  -4.408 0.4000000060
39626  25.719  -41.514  -4.556 0.4000000060
41577  33.044  -39.672  -5.489 0.4000000060
42473  34.254  -38.822  -6.157 0.5000000000
118936  31.105  -38.841  -5.508 0.4000000060
42489  35.398  -38.253  -7.588 0.5000000000
42472  34.942  -38.477  -6.824 0.5000000000
44122  34.536  -36.160  -7.237 0.4000000060
44121  35.298  -36.235  -7.759 0.4000000060
46802  36.420  -33.333  -14.292 0.4000000060
46751  36.047  -33.919  -9.544 0.3000000119
116548  35.818  -31.927  -16.259 0.4000000060
47792  37.089  -32.263  -13.442 0.3000000119
48781  37.539  -31.459  -13.515 0.3000000119
41567  26.160  -39.932  -4.481 0.4000000060
26208  21.669  -57.947  -4.964 0.4000000060
125314  21.436  -57.126  -5.184 0.4000000060
26218  20.143  -57.696  -5.554 0.4000000060
124505  20.629  -57.034  -5.440 0.3000000119
27032  21.884  -56.388  -5.033 0.4000000060
27851  20.663  -55.646  -5.319 0.3000000119
125542  22.791  -56.656  -9.673 0.5000000000
28693  21.765  -54.928  -4.982 0.5000000000
28708  20.280  -54.936  -5.248 0.3000000119
27080  23.062  -55.974  -9.424 0.5000000000
28759  22.865  -54.789  -10.039 0.5000000000
27081  22.486  -55.900  -9.876 0.5000000000
123131  22.076  -54.079  -4.734 0.5000000000
28694  21.022  -54.332  -4.911 0.4000000060
28758  23.383  -54.374  -10.016 0.5000000000
27903  22.449  -55.298  -10.203 0.5000000000
27917  22.302  -55.387  -10.689 0.3000000119
124436  23.656  -53.117  -10.265 0.5000000000
29650  23.207  -54.161  -10.354 0.4000000060
29664  23.327  -53.300  -10.826 0.4000000060
28789  23.048  -54.728  -11.281 0.3000000119
29684  22.833  -54.290  -11.056 0.3000000119
125561  23.781  -53.728  -11.542 0.3000000119
113744  23.233  -54.144  -11.331 0.3000000119
126276  25.501  -53.380  -11.943 0.3000000119
29681  24.973  -54.017  -11.875 0.3000000119
29682  24.447  -53.172  -11.690 0.4000000060
122501  23.581  -52.933  -11.292 0.4000000060
31480  19.641  -51.238  -5.157 0.3000000119
30661  26.814  -52.221  -12.349 0.4000000060
30646  26.179  -52.822  -12.040 0.4000000060
30647  25.136  -52.605  -11.753 0.4000000060
32292  20.033  -50.399  -5.206 0.3000000119
33886  20.635  -48.334  -5.927 0.3000000119
37078  23.918  -44.166  -5.877 0.3000000119
37907  24.314  -43.263  -5.697 0.3000000119
38763  23.847  -42.529  -5.955 0.3000000119
39641  23.968  -41.755  -5.685 0.3000000119
42436  26.913  -39.250  -4.632 0.3000000119
41568  25.442  -39.729  -4.621 0.3000000119
40626  24.718  -39.905  -4.860 0.3000000119
41583  23.415  -39.692  -5.593 0.3000000119
115425  29.062  -38.311  -5.425 0.3000000119
42452  27.386  -38.468  -4.991 0.3000000119
42453  26.552  -38.399  -4.951 0.3000000119
42437  25.981  -39.103  -4.681 0.3000000119
43313  29.416  -37.383  -6.274 0.3000000119
127862  29.046  -37.739  -5.850 0.3000000119
43291  27.778  -37.968  -5.400 0.3000000119
117747  27.082  -37.784  -5.409 0.3000000119
43292  26.205  -37.698  -5.374 0.3000000119
43315  27.733  -37.321  -5.938 0.3000000119
44108  27.288  -36.605  -6.463 0.3000000119
43316  26.761  -37.087  -5.880 0.3000000119
44105  29.883  -36.889  -6.735 0.3000000119
44106  29.010  -36.814  -6.697 0.3000000119
43314  28.623  -37.322  -6.191 0.3000000119
31543  25.878  -51.913  -11.893 0.4000000060
33112  19.498  -49.786  -5.877 0.3000000119
41582  23.995  -40.157  -5.370 0.3000000119
43290  28.419  -37.839  -5.627 0.3000000119
29596  19.987  -54.133  -5.092 0.3000000119
29586  20.555  -53.618  -4.787 0.3000000119
31481  19.258  -52.048  -5.203 0.3000000119
21675  22.195  -62.522  -1.816 0.4000000060
21676  21.585  -62.550  -2.087 0.4000000060
21684  21.251  -62.312  -2.733 0.4000000060
21689  19.788  -62.538  -4.005 0.4000000060
21696  20.139  -62.179  -4.220 0.3000000119
120314  21.593  -61.906  -3.138 0.4000000060
22639  21.347  -61.696  -3.674 0.4000000060
22656  21.149  -61.408  -4.129 0.4000000060
23634  26.001  -60.686  -8.838 0.3000000119
22638  22.056  -61.429  -3.369 0.4000000060
23598  20.861  -60.846  -4.573 0.3000000119
24543  20.555  -59.992  -5.081 0.3000000119
23597  21.647  -60.582  -4.208 0.4000000060
117224  19.940  -59.217  -5.484 0.3000000119
24544  19.776  -60.139  -5.477 0.3000000119
25402  19.653  -58.372  -5.627 0.3000000119
24533  21.209  -60.084  -4.609 0.4000000060
117123  20.663  -59.114  -5.201 0.3000000119
25401  20.431  -58.457  -5.407 0.3000000119
128898  20.475  -62.521  -2.902 0.4000000060
21687  20.952  -62.097  -3.426 0.4000000060
26219  19.259  -57.584  -5.745 0.3000000119
21674  23.623  -62.315  -1.184 0.3000000119
25403  18.729  -58.417  -5.904 0.3000000119
19933  24.196  -64.393  -0.349 0.4000000060
19957  26.746  -64.609  -2.444 0.3000000119
20778  25.458  -63.765  -0.796 0.4000000060
20790  22.542  -63.098  -1.251 0.3000000119
20803  27.616  -63.380  -2.599 0.4000000060
20804  20.938  -62.894  -1.992 0.4000000060
20806  19.751  -62.903  -2.727 0.4000000060
20823  28.118  -62.890  -4.721 0.4000000060
21682  27.708  -62.561  -2.366 0.4000000060
21688  20.345  -62.292  -3.747 0.4000000060
21695  28.512  -62.278  -4.330 0.5000000000
22605  23.817  -61.687  -1.513 0.4000000060
22618  27.684  -61.780  -2.204 0.4000000060
22619  23.889  -60.995  -1.865 0.5000000000
22636  29.290  -60.834  -3.973 0.6000000238
22640  20.734  -61.940  -3.973 0.4000000060
22670  28.789  -61.432  -5.488 0.5000000000
22671  20.058  -61.076  -5.121 0.3000000119
22689  27.469  -61.740  -7.919 0.4000000060
23554  26.115  -60.605  -1.571 0.5000000000
23569  23.279  -60.721  -2.557 0.5000000000
23586  21.688  -61.232  -3.847 0.4000000060
24481  26.099  -59.853  -1.831 0.6000000238
24493  28.504  -58.975  -2.526 0.6000000238
24520  23.485  -59.527  -3.215 0.5000000000
24532  21.811  -59.623  -4.485 0.4000000060
24542  21.183  -59.349  -4.836 0.4000000060
24545  19.008  -59.538  -5.782 0.3000000119
24558  28.984  -59.867  -6.778 0.6000000238
24565  29.162  -59.110  -6.995 0.8000000119
24575  27.550  -59.046  -8.493 0.6000000238
24577  26.018  -59.217  -9.066 0.6000000238
25375  23.514  -58.906  -3.604 0.6000000238
25400  21.124  -58.571  -5.098 0.4000000060
25415  30.209  -58.258  -5.935 0.8000000119
25416  29.766  -58.525  -6.544 0.6000000238
26172  26.947  -57.072  -2.546 0.6999999881
26194  23.723  -58.011  -3.827 0.6000000238
26206  22.870  -57.721  -4.487 0.6000000238
26217  20.930  -57.804  -5.323 0.3000000119
26231  30.447  -57.679  -5.612 0.6000000238
26249  27.552  -57.706  -8.669 0.6000000238
26252  24.943  -57.166  -9.160 0.6000000238
26254  23.282  -57.462  -9.595 0.5000000000
26994  26.677  -56.348  -2.820 0.6999999881
27010  30.169  -56.260  -3.676 0.8999999762
27015  24.817  -56.145  -3.882 0.6999999881
27041  30.806  -56.961  -5.206 0.8000000119
27042  21.073  -56.350  -5.303 0.3000000119
27043  20.254  -56.302  -5.470 0.3000000119
27079  23.920  -56.120  -9.303 0.6000000238
27817  29.641  -55.453  -3.427 0.8999999762
27818  28.843  -55.487  -3.006 0.8999999762
27819  26.819  -55.227  -3.262 0.8999999762
27834  31.472  -55.251  -5.031 0.8999999762
27839  23.099  -55.610  -4.774 0.6000000238
27887  29.181  -55.078  -8.464 0.8000000119
27893  22.822  -55.287  -9.719 0.5000000000
28674  30.590  -54.637  -4.148 0.8999999762
28707  21.054  -55.093  -5.157 0.5000000000
28731  31.388  -54.333  -6.911 1.0000000000
28732  30.784  -54.703  -7.294 1.0000000000
28744  28.648  -54.477  -8.759 0.8000000119
28747  23.318  -54.774  -9.808 0.5000000000
28773  22.662  -54.863  -10.528 0.3000000119
29569  25.629  -53.374  -4.222 0.8000000119
29570  25.756  -54.219  -3.994 0.6999999881
29583  23.533  -53.600  -4.493 0.6000000238
29584  22.726  -53.448  -4.505 0.5000000000
29608  32.336  -53.263  -6.402 1.0000000000
29609  31.924  -53.886  -6.552 1.0000000000
29634  28.114  -53.905  -9.053 0.8000000119
29635  26.900  -53.325  -9.548 0.8000000119
29637  24.243  -53.283  -9.749 0.6999999881
29638  23.758  -53.667  -9.980 0.6000000238
29665  22.902  -54.287  -10.867 0.4000000060
29683  23.131  -53.758  -11.127 0.3000000119
30550  26.925  -52.632  -3.982 0.8999999762
30561  25.285  -52.594  -4.410 0.6999999881
30566  19.773  -52.595  -4.911 0.3000000119
30570  32.493  -52.408  -5.490 0.8999999762
30576  32.600  -52.527  -6.212 1.0000000000
30606  24.125  -52.719  -9.825 0.6999999881
30619  28.161  -51.793  -9.467 0.8999999762
30648  24.151  -52.402  -11.572 0.5000000000
30649  23.729  -52.136  -11.308 0.6000000238
31463  31.891  -51.360  -4.672 0.8999999762
31464  31.216  -51.125  -4.209 0.8999999762
31472  20.971  -51.973  -4.544 0.4000000060
31506  30.270  -51.589  -9.050 0.8999999762
31511  24.662  -51.922  -9.649 0.6999999881
32263  30.401  -50.800  -3.903 0.8999999762
32279  26.665  -50.741  -4.421 0.8000000119
32284  20.708  -51.108  -4.667 0.4000000060
32329  24.861  -50.592  -10.015 0.8000000119
32364  24.232  -50.446  -12.050 0.6000000238
32365  23.733  -50.639  -11.697 0.6000000238
33102  21.846  -49.989  -4.696 0.5000000000
33124  32.974  -49.754  -7.671 1.0000000000
33186  24.299  -49.037  -12.287 0.6999999881
33871  27.450  -48.431  -4.449 0.6000000238
33891  33.514  -48.469  -6.541 1.0000000000
33908  32.217  -48.812  -8.531 1.0000000000
33919  29.083  -48.665  -9.703 1.0000000000
33921  26.853  -48.422  -10.419 0.8999999762
33922  25.979  -48.509  -10.392 0.8999999762
33925  23.727  -48.739  -10.710 0.8999999762
34578  31.006  -47.713  -4.274 0.8000000119
34582  27.115  -46.930  -4.519 0.6000000238
34590  33.368  -47.912  -5.850 1.0000000000
34591  32.938  -47.239  -5.341 0.8000000119
34592  25.074  -47.002  -5.126 0.5000000000
34594  23.496  -47.321  -5.371 0.4000000060
34617  33.342  -47.773  -7.837 1.0000000000
34633  24.410  -47.729  -10.431 0.8999999762
34639  23.755  -47.407  -10.736 0.8999999762
34647  23.383  -47.405  -11.930 0.8999999762
34655  24.466  -47.099  -12.648 0.8000000119
36265  29.848  -45.722  -10.202 1.0000000000
36266  29.111  -46.297  -10.297 1.0000000000
36303  30.516  -45.874  -13.544 0.6000000238
36304  29.585  -45.472  -13.324 0.6000000238
36308  24.398  -45.128  -12.961 0.8000000119
36309  23.972  -44.515  -12.852 0.8000000119
37085  23.541  -43.236  -6.196 0.3000000119
37114  33.996  -44.710  -9.105 0.8000000119
37879  27.003  -43.092  -4.381 0.4000000060
37967  24.122  -43.097  -11.696 0.8999999762
37993  25.460  -42.955  -13.375 0.8000000119
38734  28.260  -41.971  -3.987 0.4000000060
38846  29.595  -42.375  -13.964 0.6999999881
38851  23.932  -42.783  -12.919 0.8999999762
39637  34.233  -41.952  -5.979 0.6999999881
39699  27.017  -41.414  -11.318 1.0000000000
39700  26.051  -41.575  -11.524 1.0000000000
39701  25.001  -41.618  -11.540 0.8999999762
39702  24.390  -41.797  -11.608 0.8999999762
39732  23.886  -42.085  -12.174 0.8999999762
40619  31.240  -40.857  -4.581 0.4000000060
40621  29.294  -40.772  -4.430 0.4000000060
40647  35.201  -39.882  -6.836 0.5000000000
40692  31.569  -40.839  -11.895 0.8000000119
40707  31.072  -40.355  -12.458 0.8000000119
40734  25.061  -39.430  -13.603 0.8000000119
41643  25.582  -39.599  -12.385 1.0000000000
41653  30.566  -39.710  -12.909 0.8999999762
41663  25.031  -39.038  -13.398 0.8999999762
41672  25.130  -38.934  -14.192 0.8999999762
42474  33.402  -38.123  -6.137 0.4000000060
42522  25.192  -39.039  -12.811 1.0000000000
42538  25.340  -38.610  -13.253 1.0000000000
42564  26.279  -38.400  -14.804 0.8000000119
43380  32.408  -38.017  -14.208 0.6999999881
43386  25.608  -38.021  -13.581 0.8999999762
43401  31.874  -37.534  -14.714 0.6999999881
43408  27.531  -37.517  -15.398 0.8000000119
43410  26.235  -37.278  -14.494 0.8000000119
44142  35.975  -36.380  -9.855 0.5000000000
44977  35.573  -35.504  -13.405 0.6000000238
45001  33.468  -35.325  -15.614 0.5000000000
45003  31.588  -35.452  -15.559 0.6999999881
45015  30.505  -35.420  -17.503 0.6000000238
45797  34.234  -34.445  -8.190 0.3000000119
45873  27.083  -34.268  -15.873 0.8000000119
45877  27.036  -34.320  -16.084 0.8000000119
46815  36.443  -33.137  -15.081 0.4000000060
46820  31.515  -33.581  -15.933 0.6999999881
46823  27.164  -33.886  -15.761 0.8000000119
47815  36.048  -32.731  -15.782 0.4000000060
47817  31.125  -32.579  -15.896 0.8000000119
47853  28.750  -31.737  -17.520 0.6000000238
48792  37.651  -31.243  -14.360 0.3000000119
48808  28.725  -31.301  -16.499 0.6000000238
48822  31.484  -31.211  -16.385 0.6999999881
48824  28.298  -31.673  -16.745 0.6000000238
49711  36.692  -30.423  -16.047 0.4000000060
49713  29.390  -30.785  -16.472 0.6999999881
49729  30.579  -30.511  -16.479 0.6000000238
49761  29.911  -30.366  -18.572 0.6000000238
50575  29.976  -29.670  -17.100 0.6000000238
50595  29.598  -29.819  -17.405 0.6000000238
50613  29.537  -29.686  -18.147 0.6000000238
113193  23.264  -48.916  -12.088 0.6999999881
113528  28.053  -41.275  -4.183 0.4000000060
113798  28.567  -61.612  -3.195 0.5000000000
113837  31.821  -49.189  -4.575 1.0000000000
114509  24.721  -50.356  -4.577 0.6999999881
114561  28.197  -59.680  -2.416 0.6000000238
114667  31.774  -43.759  -14.053 0.6000000238
115300  23.201  -50.575  -4.698 0.6000000238
115533  26.731  -45.635  -4.672 0.4000000060
116204  25.320  -49.981  -10.188 0.8999999762
116382  27.654  -49.233  -4.408 0.8000000119
116384  29.286  -46.918  -9.964 1.0000000000
116425  30.447  -47.074  -9.553 1.0000000000
116542  25.502  -49.015  -4.566 0.6999999881
116545  27.102  -43.874  -4.463 0.4000000060
116986  22.894  -62.434  -1.486 0.3000000119
117135  27.044  -44.981  -13.283 0.6999999881
117419  33.835  -35.863  -15.257 0.6000000238
118008  26.501  -63.341  -1.580 0.4000000060
118803  28.799  -43.955  -4.093 0.4000000060
118840  25.576  -59.932  -9.131 0.6000000238
119260  27.658  -63.479  -5.130 0.4000000060
119677  31.254  -38.308  -5.763 0.4000000060
120193  23.727  -49.692  -12.172 0.6000000238
120258  26.843  -51.027  -12.943 0.5000000000
120282  36.376  -29.854  -16.389 0.3000000119
120725  27.280  -50.118  -13.139 0.5000000000
120726  23.957  -52.130  -4.530 0.6999999881
121360  22.327  -52.018  -4.442 0.4000000060
121566  23.046  -52.034  -4.382 0.6000000238
121619  21.917  -62.171  -2.540 0.5000000000
122011  26.479  -53.943  -3.687 0.8000000119
122275  30.730  -47.111  -4.265 0.8000000119
122276  28.578  -48.056  -9.986 0.8999999762
122277  29.275  -47.985  -9.780 1.0000000000
122320  28.986  -48.076  -4.301 0.6999999881
122321  29.787  -48.015  -4.111 0.8999999762
122606  32.344  -40.665  -11.875 0.8000000119
123446  23.457  -47.598  -11.393 0.8999999762
123652  27.292  -57.747  -2.427 0.6000000238
125254  27.640  -53.446  -9.305 0.8000000119
127405  26.397  -53.262  -3.945 0.8999999762
128110  26.562  -55.770  -3.134 0.6999999881
129052  24.044  -54.736  -9.697 0.6999999881
129124  28.502  -60.266  -7.204 0.6000000238
129164  28.774  -51.517  -9.418 0.8999999762
129210  23.717  -54.244  -4.551 0.6000000238
129785  19.330  -58.884  -5.673 0.3000000119
129851  33.271  -49.944  -6.464 0.8999999762
130022  23.363  -57.672  -4.273 0.6000000238
130306  23.147  -57.090  -4.555 0.5000000000
130532  24.605  -52.581  -4.477 0.6999999881
130843  27.248  -47.633  -4.497 0.6000000238
130906  33.923  -42.264  -5.637 0.6999999881
131308  29.778  -54.909  -8.139 0.8999999762
131989  25.402  -58.525  -2.639 0.6000000238
132339  22.640  -60.195  -3.489 0.5000000000
132539  30.123  -56.874  -3.750 0.8999999762
132856  26.053  -51.306  -11.985 0.4000000060
132900  27.190  -61.303  -8.363 0.4000000060
133779  26.064  -46.729  -4.875 0.6000000238
134171  23.146  -48.629  -12.006 0.8000000119
135071  24.418  -52.280  -9.715 0.6999999881
135171  22.149  -61.791  -2.847 0.5000000000
135265  27.854  -53.930  -3.276 0.8999999762
135372  27.204  -59.625  -8.553 0.5000000000
