#!ascii label  , from subject bert vox2ras=TkReg
1770
126049  21.795  -86.904  -8.726 0.6999999881
4303  20.617  -87.060  -8.762 0.8000000119
121309  20.983  -87.229  -7.631 0.8000000119
3825  19.115  -87.616  -7.911 0.6999999881
4335  21.213  -87.272  -9.918 0.6000000238
4321  21.073  -87.053  -9.593 0.6000000238
4304  19.517  -87.187  -8.803 0.6000000238
3407  22.542  -88.399  -9.326 0.6000000238
3824  19.959  -87.678  -7.050 0.6999999881
3814  20.355  -88.059  -6.123 0.6999999881
3803  19.862  -88.694  -5.695 0.6999999881
4334  21.859  -87.085  -9.369 0.6000000238
4302  21.949  -87.171  -7.722 0.6999999881
3815  19.600  -88.322  -6.406 0.6999999881
112595  22.549  -89.361  -8.905 0.6000000238
120481  23.669  -90.737  -8.256 0.6000000238
2998  22.995  -89.981  -8.487 0.6000000238
114949  24.783  -93.682  -9.318 0.6000000238
114559  23.426  -92.238  -8.327 0.6000000238
4267  22.047  -87.778  -5.063 0.8000000119
3792  21.252  -88.066  -4.758 0.8000000119
3781  21.162  -88.086  -3.801 0.6999999881
3766  21.057  -88.093  -2.821 0.6999999881
3767  20.472  -88.732  -2.288 0.6999999881
4284  21.657  -87.512  -6.794 0.8000000119
3782  20.639  -88.686  -3.363 0.6999999881
4268  21.259  -87.837  -5.794 0.8000000119
3793  20.669  -88.552  -4.388 0.6999999881
117298  22.501  -87.125  -8.229 0.6999999881
3834  23.101  -87.873  -9.177 0.6999999881
2997  23.778  -89.927  -8.708 0.6000000238
3406  23.316  -88.889  -9.105 0.6000000238
2299  24.527  -92.608  -8.253 0.6000000238
2282  24.333  -91.908  -7.947 0.6000000238
1699  25.769  -93.976  -9.494 0.6000000238
1404  26.257  -95.122  -11.952 0.6999999881
1405  25.608  -94.697  -12.163 0.6000000238
1137  26.391  -96.402  -11.776 0.5000000000
120674  26.413  -95.658  -11.936 0.6000000238
874  25.833  -97.178  -11.702 0.5000000000
4254  21.905  -87.753  -4.118 0.8999999762
4241  21.690  -87.622  -3.237 0.8000000119
4226  21.506  -87.503  -2.363 0.6999999881
118328  22.306  -87.713  -6.036 0.6999999881
4227  20.824  -87.991  -1.872 0.6999999881
4283  22.659  -87.333  -7.159 0.8000000119
119404  23.239  -87.580  -6.216 0.8000000119
4301  23.212  -87.307  -8.096 0.8000000119
3833  23.919  -88.253  -9.155 0.6999999881
4320  22.674  -87.187  -8.978 0.6999999881
3405  24.167  -89.066  -9.259 0.8000000119
3014  24.600  -89.876  -9.198 0.8000000119
113972  24.521  -90.800  -8.398 0.6999999881
2623  24.905  -91.608  -8.019 0.6999999881
1994  25.573  -93.486  -8.683 0.6000000238
1706  26.551  -94.857  -11.626 0.6999999881
1134  27.278  -96.186  -11.676 0.6999999881
4253  22.762  -87.565  -4.404 0.8999999762
4225  22.106  -87.152  -2.748 0.8000000119
4207  21.216  -87.202  -1.551 0.6999999881
117414  22.985  -87.732  -5.308 0.8000000119
123001  23.601  -87.429  -7.088 0.6999999881
135714  24.375  -88.132  -9.220 0.6999999881
4318  24.383  -87.853  -8.706 0.6000000238
4319  23.565  -87.640  -8.782 0.8000000119
2996  25.147  -90.600  -9.034 0.8000000119
2622  25.776  -91.849  -8.144 0.6999999881
1993  26.847  -93.355  -8.485 0.8000000119
2298  25.423  -92.846  -8.254 0.6999999881
1697  27.669  -94.498  -9.470 0.8000000119
1399  28.728  -95.908  -11.284 0.6999999881
1400  27.570  -95.272  -11.430 0.6999999881
1698  26.709  -94.269  -9.531 0.6999999881
1133  27.943  -96.356  -11.502 0.6999999881
120080  27.068  -95.461  -11.770 0.6999999881
9709  19.382  -78.521  -6.790 0.6000000238
9725  19.084  -78.603  -7.731 0.6000000238
10385  18.227  -77.612  -7.180 0.6000000238
126718  17.104  -77.296  -8.228 0.6999999881
4240  22.578  -87.236  -3.452 0.8999999762
4744  22.047  -86.831  -1.964 0.6999999881
4299  24.861  -87.650  -7.700 0.6000000238
3832  24.833  -88.039  -9.213 0.6000000238
4317  25.272  -87.799  -8.470 0.6000000238
3849  24.607  -88.573  -9.518 0.6999999881
3024  26.024  -91.068  -10.758 0.6999999881
3417  24.819  -89.194  -9.906 0.6999999881
5856  21.827  -83.973  -3.228 0.6999999881
6471  21.202  -83.260  -1.784 0.6999999881
2650  25.918  -91.130  -9.377 0.8000000119
3013  25.312  -90.111  -10.062 0.8000000119
5871  21.433  -84.178  -4.163 0.6000000238
6487  21.391  -83.142  -3.013 0.6000000238
7117  20.944  -82.709  -2.248 0.6999999881
134378  26.166  -91.582  -8.588 0.6999999881
7142  20.996  -82.500  -4.026 0.5000000000
117221  20.855  -81.820  -3.307 0.6999999881
1992  27.562  -93.332  -8.426 0.8000000119
1980  26.887  -92.739  -8.301 0.8000000119
6509  20.581  -83.618  -4.924 0.5000000000
7175  20.122  -83.262  -5.534 0.5000000000
1704  28.926  -95.360  -10.769 0.6999999881
7176  19.564  -83.401  -6.271 0.5000000000
6540  18.560  -84.201  -8.658 0.6000000238
130423  18.721  -82.715  -7.338 0.5000000000
7848  19.407  -82.387  -6.652 0.6000000238
8453  20.037  -80.924  -6.272 0.6999999881
9056  19.822  -79.786  -6.425 0.6999999881
7864  18.375  -82.281  -8.127 0.5000000000
7863  18.993  -81.577  -7.152 0.6000000238
8467  19.281  -80.296  -7.199 0.6000000238
9086  19.031  -79.500  -7.690 0.6000000238
7218  18.179  -83.371  -8.965 0.6000000238
8468  18.674  -81.106  -7.817 0.6000000238
8480  18.662  -80.273  -8.139 0.6000000238
7236  17.878  -83.396  -10.184 0.5000000000
7880  17.822  -82.418  -9.298 0.5000000000
9087  18.708  -79.358  -8.526 0.6000000238
9740  18.631  -78.496  -8.847 0.6000000238
10399  18.162  -77.805  -9.254 0.6999999881
10415  16.647  -77.038  -9.903 0.6000000238
11070  15.714  -76.993  -8.642 0.6999999881
8490  17.629  -81.462  -9.717 0.6000000238
112949  17.776  -80.548  -10.294 0.6000000238
9100  18.374  -79.362  -9.761 0.6000000238
9754  18.355  -78.481  -9.824 0.6999999881
10428  17.458  -77.295  -10.570 0.5000000000
4743  22.800  -86.636  -2.565 0.8999999762
133040  23.972  -87.523  -6.297 0.6000000238
4266  23.868  -87.545  -5.502 0.6999999881
4730  22.591  -86.129  -1.883 0.8000000119
4732  20.715  -86.763  -0.975 0.6999999881
5234  22.292  -85.430  -1.463 0.6999999881
5233  23.009  -85.441  -2.095 0.8000000119
3848  24.966  -88.766  -10.344 0.6999999881
6470  22.104  -83.993  -2.465 0.8000000119
128111  21.744  -83.674  -1.963 0.6000000238
128122  22.198  -84.322  -3.778 0.6999999881
129834  21.014  -84.491  -5.165 0.6000000238
2297  27.819  -92.560  -8.376 0.8000000119
2632  27.576  -91.914  -8.696 0.8000000119
1991  28.452  -93.331  -8.424 0.8000000119
5885  20.499  -84.219  -5.342 0.5000000000
1686  29.053  -93.951  -8.642 0.8000000119
6520  19.919  -84.076  -5.879 0.5000000000
5925  19.436  -84.573  -7.791 0.5000000000
6562  19.271  -84.499  -8.507 0.6000000238
6521  19.204  -84.131  -6.738 0.6000000238
6578  19.162  -84.246  -9.507 0.6000000238
6593  18.740  -83.753  -10.301 0.6000000238
133212  15.584  -76.347  -10.559 0.5000000000
7890  17.517  -82.474  -10.275 0.5000000000
10429  16.497  -76.835  -10.317 0.5000000000
10416  15.695  -76.957  -10.198 0.6000000238
7899  17.493  -81.743  -10.788 0.6000000238
128769  18.057  -79.861  -10.800 0.6999999881
9770  18.252  -78.962  -10.707 0.6999999881
9755  17.989  -77.995  -10.435 0.6999999881
7910  18.593  -82.131  -11.961 0.6000000238
9771  18.122  -78.354  -11.282 0.6000000238
8510  18.399  -81.371  -11.946 0.6999999881
113309  18.281  -79.668  -11.408 0.6000000238
9783  18.443  -79.198  -11.893 0.5000000000
118981  24.572  -87.262  -4.829 0.6999999881
131593  24.136  -87.151  -4.152 0.6999999881
4755  23.398  -86.713  -3.163 0.6999999881
5247  23.276  -86.043  -2.418 0.8000000119
5837  23.929  -85.082  -3.039 0.6999999881
116972  23.108  -84.452  -3.811 0.6999999881
5854  23.412  -84.560  -3.039 0.6999999881
12440  16.208  -74.069  -11.072 0.5000000000
7879  20.555  -82.810  -9.406 0.5000000000
7234  19.953  -83.868  -9.684 0.6000000238
11740  15.314  -75.855  -10.591 0.5000000000
7889  19.921  -83.185  -10.546 0.5000000000
116701  21.045  -81.490  -9.096 0.5000000000
7235  19.432  -83.744  -10.241 0.6000000238
7249  18.447  -83.401  -11.086 0.6000000238
10438  17.798  -77.465  -11.134 0.5000000000
116077  20.287  -81.791  -9.848 0.5000000000
7909  19.391  -82.407  -11.930 0.6000000238
115381  19.906  -82.114  -11.112 0.6000000238
4251  25.221  -86.698  -4.601 0.6999999881
4741  24.530  -86.134  -3.560 0.6999999881
5245  24.135  -85.678  -3.100 0.6999999881
9146  20.637  -80.242  -12.675 0.5000000000
8479  20.916  -80.617  -9.382 0.5000000000
9797  19.687  -79.227  -12.787 0.5000000000
8489  20.417  -80.881  -10.499 0.5000000000
8509  20.039  -81.359  -12.383 0.5000000000
7908  19.821  -81.687  -12.366 0.5000000000
9148  19.162  -80.571  -12.480 0.5000000000
9145  21.487  -79.596  -12.790 0.5000000000
9796  21.534  -79.207  -13.043 0.5000000000
9112  21.604  -79.201  -11.024 0.5000000000
9129  22.344  -79.300  -12.946 0.5000000000
122710  20.731  -79.623  -12.912 0.5000000000
9099  21.105  -79.673  -9.903 0.5000000000
9130  21.734  -79.473  -12.383 0.5000000000
9131  20.706  -80.430  -12.415 0.5000000000
9113  20.979  -80.203  -11.467 0.5000000000
9769  22.449  -79.017  -11.857 0.5000000000
116215  14.696  -72.793  -10.386 0.6000000238
13094  14.287  -73.672  -10.399 0.6000000238
116937  16.102  -72.781  -10.411 0.5000000000
13758  14.404  -71.968  -10.199 0.6999999881
13759  13.261  -72.569  -10.121 0.6000000238
125965  12.642  -74.014  -9.912 0.6000000238
13084  10.962  -73.229  -9.210 0.6999999881
15299  13.947  -70.671  -9.688 0.6000000238
14496  12.724  -71.801  -9.814 0.6999999881
13760  12.397  -72.656  -9.932 0.6999999881
12443  11.894  -73.559  -9.611 0.6999999881
13749  11.215  -72.352  -9.418 0.8000000119
15287  14.641  -70.587  -9.044 0.5000000000
14483  14.622  -70.923  -9.486 0.5000000000
14485  11.878  -71.637  -9.544 0.8000000119
14484  12.530  -71.128  -9.413 0.6000000238
14487  9.496  -71.594  -8.380 0.6999999881
15265  15.123  -70.164  -7.664 0.5000000000
14471  15.085  -70.945  -8.535 0.5000000000
14486  10.372  -71.746  -8.798 0.6999999881
114961  9.677  -72.249  -8.578 0.6999999881
124264  11.794  -70.787  -9.067 0.6999999881
16105  13.907  -69.931  -8.918 0.6999999881
121105  8.540  -71.764  -7.792 0.6999999881
15277  10.268  -70.373  -8.095 0.6999999881
16089  14.472  -69.900  -8.010 0.6000000238
15275  12.318  -70.087  -8.576 0.8000000119
15989  8.890  -69.440  -1.932 0.6999999881
112442  8.678  -69.903  -2.685 0.8000000119
14439  16.819  -70.169  -5.608 0.4000000060
14462  8.690  -71.136  -7.198 0.6999999881
120588  16.081  -69.710  -6.637 0.5000000000
15278  9.472  -70.777  -7.905 0.6999999881
15255  15.671  -69.699  -7.032 0.6000000238
16076  14.355  -69.518  -7.731 0.6000000238
15276  11.203  -70.182  -8.398 0.6999999881
16091  13.617  -69.754  -8.566 0.8000000119
16092  12.832  -69.693  -8.326 0.8000000119
20784  9.311  -63.487  -1.204 0.5000000000
20797  8.146  -63.397  -2.088 0.5000000000
19951  7.384  -64.121  -1.570 0.5000000000
18296  7.852  -67.004  -2.515 0.5000000000
17524  9.071  -67.279  -1.097 0.6000000238
18295  8.723  -66.613  -2.125 0.6000000238
18297  6.862  -66.863  -3.065 0.6000000238
19092  4.689  -66.077  -2.865 0.6000000238
17508  8.638  -68.151  -1.051 0.6999999881
18285  8.234  -67.517  -1.749 0.6999999881
16777  8.325  -68.917  -1.509 0.6999999881
16778  7.243  -69.317  -2.236 0.6999999881
122370  8.965  -69.203  -5.955 0.6999999881
16051  9.012  -68.827  -5.319 0.6999999881
113324  9.410  -69.362  -3.794 0.8000000119
16059  16.402  -69.569  -6.120 0.5000000000
15266  9.245  -70.220  -7.292 0.6999999881
16060  15.685  -69.271  -6.626 0.6000000238
16095  9.762  -69.943  -7.576 0.8000000119
127914  13.124  -69.227  -7.346 0.6999999881
118591  11.267  -69.340  -6.920 0.8000000119
16094  10.568  -69.793  -7.798 0.8000000119
20783  9.753  -62.827  -1.051 0.5000000000
132678  9.145  -63.070  -2.069 0.6000000238
131160  9.730  -61.652  -2.778 0.5000000000
21678  8.611  -62.601  -2.691 0.6000000238
20810  7.355  -62.972  -2.917 0.6000000238
20798  6.812  -63.608  -2.467 0.6000000238
21693  6.930  -63.249  -2.955 0.6000000238
19961  6.372  -63.922  -2.814 0.5000000000
18306  8.790  -66.023  -3.159 0.5000000000
19103  8.039  -65.770  -3.988 0.5000000000
18284  9.743  -66.618  -1.669 0.6000000238
19104  7.169  -65.980  -3.753 0.6000000238
116243  6.214  -66.155  -3.411 0.6999999881
19091  5.165  -65.253  -2.478 0.6000000238
17507  9.524  -68.098  -0.634 0.6000000238
16764  9.201  -68.746  -0.848 0.6999999881
17525  7.737  -68.414  -1.840 0.6999999881
17532  7.252  -67.730  -2.449 0.6999999881
17533  6.150  -67.915  -2.947 0.8000000119
18308  5.304  -66.376  -3.289 0.6999999881
16763  10.016  -68.855  -0.565 0.6999999881
128654  9.634  -69.064  -0.794 0.6999999881
15988  10.088  -69.455  -1.523 0.6999999881
16003  9.535  -69.506  -2.378 0.8000000119
16016  10.315  -69.414  -3.455 0.8000000119
133929  9.804  -69.459  -3.008 0.8000000119
16046  14.809  -68.906  -5.994 0.5000000000
15239  14.228  -69.804  -4.269 0.6000000238
16050  9.475  -68.965  -6.004 0.8000000119
16035  9.797  -69.119  -4.244 0.8000000119
133989  14.197  -69.060  -6.608 0.6000000238
16047  13.676  -69.084  -5.899 0.6999999881
113141  10.528  -69.093  -6.080 0.8000000119
16062  13.385  -69.124  -6.631 0.6999999881
135548  12.317  -69.234  -6.052 0.6999999881
16078  12.222  -69.357  -7.717 0.8000000119
21668  9.967  -61.933  -1.037 0.4000000060
127844  9.676  -62.428  -2.003 0.5000000000
22628  9.271  -61.874  -3.290 0.4000000060
21685  8.379  -62.435  -3.073 0.5000000000
20819  7.086  -63.275  -3.210 0.5000000000
117596  9.486  -66.202  -2.505 0.5000000000
19118  8.300  -65.321  -4.638 0.6000000238
19119  7.520  -65.370  -4.343 0.6000000238
19968  6.149  -64.365  -3.193 0.6000000238
18283  10.829  -66.732  -1.626 0.6000000238
116982  6.754  -65.412  -3.913 0.6999999881
19105  5.924  -65.438  -3.383 0.6999999881
17506  10.489  -68.185  -0.487 0.6000000238
16002  10.544  -69.618  -2.370 0.8000000119
15240  13.295  -70.008  -4.250 0.6999999881
16033  12.242  -69.669  -4.717 0.6999999881
16049  11.278  -69.287  -5.305 0.8000000119
16034  11.021  -69.434  -4.239 0.8000000119
111631  13.022  -69.485  -5.216 0.6999999881
22609  10.204  -61.627  -1.900 0.4000000060
22594  10.299  -61.329  -0.897 0.4000000060
22595  9.734  -61.077  -0.442 0.4000000060
22627  9.778  -61.414  -3.254 0.5000000000
120810  10.113  -61.396  -2.539 0.4000000060
23537  9.045  -60.886  0.116 0.5000000000
21706  7.914  -62.970  -3.552 0.5000000000
20839  8.708  -63.962  -4.989 0.5000000000
20829  7.473  -63.649  -3.972 0.5000000000
20838  9.635  -63.842  -5.433 0.5000000000
19120  6.592  -64.789  -3.906 0.6999999881
16762  10.954  -68.941  -0.454 0.6000000238
15208  11.528  -70.189  -1.996 0.8000000119
15220  14.037  -70.438  -3.562 0.6000000238
15221  13.176  -70.574  -3.205 0.6000000238
15207  12.275  -70.527  -1.795 0.6999999881
15193  11.770  -70.373  -1.204 0.6999999881
15222  12.273  -70.098  -3.731 0.6999999881
24456  8.359  -59.523  0.613 0.3000000119
22626  10.227  -61.266  -3.089 0.4000000060
114950  10.738  -61.401  -2.042 0.3000000119
22593  10.544  -60.966  -0.705 0.4000000060
23545  10.131  -60.475  -0.317 0.4000000060
123520  9.023  -60.096  0.345 0.5000000000
22645  9.637  -61.526  -3.568 0.4000000060
24455  9.296  -59.246  0.639 0.3000000119
22646  9.247  -61.885  -3.657 0.4000000060
19986  9.411  -64.648  -5.306 0.5000000000
21704  9.380  -62.209  -4.286 0.4000000060
19148  10.198  -64.926  -6.042 0.6000000238
21703  10.084  -62.117  -4.574 0.4000000060
19996  10.605  -64.811  -6.634 0.4000000060
21717  8.965  -63.021  -4.763 0.5000000000
15194  10.991  -69.957  -1.320 0.6999999881
120514  12.295  -70.438  -2.655 0.6999999881
112615  8.143  -60.405  0.359 0.4000000060
122550  10.576  -59.646  0.040 0.4000000060
25329  9.604  -58.293  0.651 0.3000000119
22643  10.564  -61.306  -3.698 0.3000000119
21715  10.471  -62.808  -5.415 0.4000000060
20846  10.769  -64.029  -6.535 0.4000000060
20837  10.364  -63.465  -5.790 0.4000000060
22607  11.264  -61.037  -0.892 0.3000000119
23544  10.982  -60.331  -0.377 0.3000000119
132329  11.464  -59.465  -0.267 0.3000000119
24472  10.850  -58.955  0.141 0.3000000119
111791  11.957  -61.255  -1.580 0.3000000119
22662  10.265  -61.511  -4.172 0.3000000119
125386  10.975  -62.952  -5.837 0.3000000119
21702  10.838  -62.300  -4.983 0.3000000119
21726  11.424  -63.188  -6.547 0.3000000119
23543  11.886  -60.292  -0.602 0.3000000119
25342  11.336  -58.600  -0.255 0.3000000119
23558  12.205  -60.811  -1.009 0.3000000119
24471  12.289  -59.557  -0.700 0.3000000119
123055  11.787  -62.394  -4.991 0.3000000119
21714  11.591  -62.852  -5.836 0.3000000119
21725  12.326  -62.996  -6.706 0.3000000119
22606  12.991  -60.996  -1.508 0.3000000119
23557  13.379  -60.366  -1.647 0.3000000119
21701  12.772  -62.385  -4.878 0.3000000119
7158  20.533  -82.397  -4.907 0.6000000238
7832  20.504  -81.222  -5.231 0.6999999881
8431  20.392  -80.505  -4.634 0.6999999881
8442  20.399  -80.430  -5.430 0.6999999881
20828  8.217  -63.302  -4.362 0.4000000060
19987  8.513  -64.655  -4.938 0.6000000238
25328  10.562  -58.168  0.190 0.3000000119
4322  19.961  -86.868  -9.783 0.6999999881
117610  19.612  -89.389  -4.540 0.6999999881
1707  25.440  -94.437  -11.490 0.6000000238
115681  26.121  -94.454  -10.511 0.6999999881
4300  24.030  -87.590  -7.884 0.6000000238
4731  21.679  -86.310  -1.273 0.6999999881
2280  26.798  -91.957  -8.295 0.8000000119
1696  28.782  -94.641  -9.596 0.8000000119
10414  17.580  -77.410  -9.962 0.6999999881
7847  20.071  -82.235  -5.808 0.5000000000
11081  15.040  -76.947  -9.817 0.6000000238
8498  17.881  -80.833  -11.368 0.6999999881
5820  22.626  -84.783  -1.870 0.8000000119
5896  21.066  -84.660  -5.996 0.5000000000
5897  19.738  -84.389  -6.613 0.6000000238
7248  19.311  -83.437  -10.973 0.6000000238
16064  10.112  -69.197  -6.908 0.8000000119
1080  23.059  -96.617  -5.686 0.4000000060
1350  23.829  -95.324  -4.343 0.4000000060
838  24.756  -97.199  -7.693 0.3000000119
1095  23.365  -96.599  -6.399 0.4000000060
1081  22.673  -97.227  -5.668 0.4000000060
1068  22.963  -96.677  -5.061 0.4000000060
1370  27.227  -96.376  -6.220 0.4000000060
1359  26.835  -95.618  -5.526 0.5000000000
1360  25.808  -95.465  -5.576 0.5000000000
1092  26.741  -96.651  -6.782 0.3000000119
1371  26.292  -96.145  -6.054 0.4000000060
1373  24.464  -95.985  -5.869 0.4000000060
1109  26.225  -97.164  -7.304 0.3000000119
1094  24.800  -96.418  -6.498 0.3000000119
1374  23.702  -96.152  -5.744 0.3000000119
837  25.699  -97.624  -8.004 0.3000000119
1091  27.499  -96.857  -6.829 0.4000000060
116806  28.170  -97.006  -6.237 0.4000000060
1349  27.592  -95.494  -4.981 0.5000000000
825  28.049  -97.291  -7.160 0.3000000119
836  26.761  -97.808  -8.022 0.3000000119
631  25.798  -98.265  -9.674 0.4000000060
844  27.117  -98.247  -8.667 0.3000000119
645  26.479  -97.868  -10.185 0.4000000060
121192  25.495  -98.078  -10.320 0.4000000060
656  25.136  -97.883  -11.418 0.4000000060
1090  29.108  -97.118  -5.985 0.4000000060
1089  29.870  -96.966  -6.148 0.4000000060
835  28.560  -97.383  -7.605 0.4000000060
834  29.655  -97.265  -7.748 0.4000000060
1087  31.154  -96.426  -6.745 0.5000000000
623  27.978  -97.682  -8.345 0.4000000060
621  29.294  -97.364  -8.550 0.4000000060
637  26.719  -98.169  -9.452 0.4000000060
438  26.789  -98.060  -9.717 0.5000000000
634  28.689  -97.537  -8.968 0.4000000060
654  26.910  -97.424  -10.776 0.4000000060
1717  24.750  -94.436  -12.702 0.6000000238
1138  25.609  -96.143  -12.233 0.4000000060
1382  31.854  -95.671  -7.282 0.6000000238
1105  31.795  -96.019  -7.901 0.6000000238
843  29.930  -97.114  -8.487 0.6000000238
1124  31.086  -96.335  -8.612 0.6000000238
862  29.953  -96.694  -9.676 0.6000000238
1394  30.563  -95.782  -9.818 0.6999999881
122666  28.723  -96.928  -10.460 0.5000000000
1129  28.997  -96.352  -10.921 0.6000000238
1703  29.701  -95.172  -10.323 0.6999999881
1683  32.274  -94.055  -8.117 0.6999999881
1684  31.691  -93.905  -8.330 0.6999999881
1393  31.952  -94.994  -8.292 0.6000000238
1693  31.705  -94.705  -8.523 0.6999999881
1990  29.399  -93.247  -8.492 0.6999999881
2296  28.917  -92.749  -8.635 0.6999999881
115895  26.900  -91.548  -8.881 0.6999999881
130110  30.712  -95.296  -9.650 0.6999999881
1685  30.112  -93.779  -8.627 0.6999999881
1695  29.809  -94.551  -9.333 0.6999999881
2293  32.145  -91.949  -8.730 0.5000000000
2307  30.743  -92.106  -9.682 0.6000000238
1989  30.984  -93.329  -8.448 0.6999999881
2308  29.599  -92.395  -9.090 0.6000000238
2631  28.563  -92.209  -9.046 0.6999999881
2648  28.637  -92.085  -10.156 0.6999999881
126561  30.943  -94.045  -8.549 0.6999999881
119626  27.739  -91.790  -9.427 0.6999999881
2649  26.879  -91.491  -9.959 0.6000000238
2647  29.670  -92.146  -10.235 0.6000000238
2656  29.856  -92.012  -11.103 0.6000000238
2658  27.831  -91.893  -10.720 0.6000000238
2657  28.927  -92.092  -11.356 0.6000000238
3831  25.642  -87.962  -9.281 0.5000000000
3381  19.379  -89.246  -5.267 0.6000000238
3392  18.882  -88.950  -6.172 0.6000000238
3034  26.257  -91.232  -11.985 0.6000000238
3025  25.628  -90.153  -11.304 0.6000000238
3862  25.114  -88.760  -11.332 0.5000000000
3847  25.543  -88.342  -10.348 0.5000000000
3358  19.343  -89.819  -2.614 0.6000000238
3357  20.018  -89.304  -2.924 0.6000000238
3370  19.373  -89.721  -3.705 0.6000000238
2666  27.671  -91.938  -12.002 0.6000000238
3435  25.286  -89.374  -11.725 0.5000000000
3425  25.070  -89.270  -10.890 0.5000000000
3758  18.065  -88.211  -1.571 0.6000000238
4209  19.381  -87.823  -1.002 0.6000000238
3757  18.692  -88.388  -1.388 0.6000000238
3334  18.285  -89.788  -1.847 0.6000000238
3344  19.640  -89.208  -1.928 0.6000000238
4208  20.329  -87.581  -1.160 0.6000000238
3756  20.003  -88.381  -1.525 0.6000000238
4265  25.322  -87.073  -5.343 0.6000000238
3041  26.134  -90.525  -12.534 0.6000000238
135632  18.680  -87.141  -0.980 0.6000000238
5235  19.475  -85.215  -0.845 0.6000000238
4195  19.092  -86.979  -0.753 0.6000000238
5807  20.340  -84.977  -0.729 0.6000000238
5222  19.893  -85.767  -0.663 0.6000000238
5822  20.956  -84.277  -0.928 0.5000000000
5221  20.677  -85.606  -0.727 0.6000000238
5821  21.831  -84.640  -1.222 0.5000000000
3768  17.442  -88.394  -2.209 0.6999999881
4228  17.811  -87.584  -2.044 0.6000000238
5223  19.178  -86.109  -0.736 0.6000000238
5823  19.962  -84.190  -1.014 0.6000000238
6472  20.465  -82.932  -1.678 0.6000000238
6500  17.554  -83.236  -4.224 0.6000000238
4745  18.410  -86.023  -1.723 0.6000000238
5248  18.546  -85.278  -1.985 0.6000000238
6453  19.333  -83.775  -1.565 0.5000000000
5840  18.705  -84.367  -2.103 0.6000000238
6488  18.302  -83.098  -2.801 0.6000000238
121941  17.963  -83.828  -3.756 0.6000000238
6489  17.845  -82.798  -3.509 0.6000000238
4756  18.370  -85.995  -2.799 0.6000000238
7118  20.188  -82.304  -2.033 0.6000000238
6473  18.806  -83.374  -2.104 0.6000000238
133608  19.604  -82.238  -2.036 0.5000000000
7119  18.950  -82.337  -2.222 0.6000000238
129067  18.315  -82.295  -2.909 0.5000000000
7801  18.274  -81.096  -3.512 0.5000000000
7816  20.718  -81.359  -4.091 0.6000000238
8420  20.200  -80.569  -3.709 0.6000000238
7779  18.789  -81.461  -2.876 0.6000000238
8422  18.898  -80.038  -3.759 0.6000000238
9027  18.723  -79.617  -4.356 0.6999999881
9028  17.813  -79.799  -4.577 0.6999999881
9041  17.140  -79.711  -4.781 0.6999999881
112919  17.179  -78.970  -4.789 0.6999999881
8432  19.930  -80.002  -4.285 0.6000000238
9016  19.313  -79.801  -4.093 0.6999999881
9689  19.359  -78.615  -5.985 0.6999999881
135743  18.334  -79.288  -4.655 0.6999999881
123300  17.952  -78.957  -4.830 0.6999999881
9691  17.628  -78.315  -5.096 0.6000000238
131544  19.628  -79.063  -6.416 0.6000000238
4333  26.457  -87.642  -9.051 0.5000000000
4316  26.094  -87.623  -8.367 0.5000000000
4825  27.227  -86.810  -8.931 0.5000000000
4315  26.783  -87.289  -8.545 0.5000000000
4297  26.313  -87.146  -7.552 0.6000000238
135224  26.789  -85.231  -9.734 0.6000000238
5332  27.085  -85.803  -9.272 0.6000000238
4814  26.875  -86.650  -8.061 0.6000000238
4280  26.142  -86.737  -6.713 0.6000000238
4783  25.750  -86.449  -5.103 0.6000000238
115842  26.220  -84.952  -10.153 0.5000000000
5903  26.398  -85.316  -7.830 0.6000000238
4765  25.466  -86.067  -4.551 0.6000000238
5905  24.774  -84.623  -7.941 0.6000000238
5892  25.172  -84.832  -6.040 0.5000000000
5293  25.674  -85.238  -5.484 0.6000000238
4754  24.955  -85.786  -4.079 0.6000000238
5893  24.455  -84.697  -6.898 0.5000000000
5882  25.143  -84.926  -5.246 0.6000000238
5870  22.172  -84.628  -4.694 0.5000000000
115444  22.684  -84.937  -5.674 0.5000000000
5869  24.071  -84.764  -3.840 0.6000000238
111749  23.653  -84.711  -4.847 0.6000000238
870  27.534  -96.763  -11.291 0.6000000238
115250  29.494  -95.824  -10.892 0.6999999881
4298  25.593  -87.493  -7.591 0.5000000000
7778  19.751  -81.682  -2.446 0.6000000238
114526  19.241  -78.860  -5.313 0.6999999881
131280  25.334  -87.172  -6.121 0.6000000238
1111  24.141  -96.775  -7.028 0.3000000119
1110  25.202  -96.987  -7.184 0.3000000119
1372  25.337  -96.036  -5.958 0.4000000060
116331  26.432  -98.138  -8.606 0.3000000119
125054  27.643  -97.753  -8.058 0.4000000060
629  27.167  -98.242  -9.014 0.4000000060
1088  30.511  -96.800  -6.361 0.4000000060
622  28.643  -97.501  -8.359 0.3000000119
133082  30.309  -97.090  -7.430 0.5000000000
1106  31.341  -96.498  -7.562 0.6000000238
628  27.802  -97.761  -8.844 0.5000000000
854  29.472  -97.171  -9.227 0.5000000000
643  28.004  -97.470  -10.168 0.5000000000
127683  31.275  -95.502  -9.052 0.6000000238
2294  31.151  -92.560  -8.767 0.6999999881
5824  19.042  -84.720  -1.389 0.6000000238
9692  16.664  -78.456  -4.814 0.6000000238
5323  26.719  -85.514  -8.506 0.6000000238
5937  24.314  -84.890  -10.000 0.5000000000
126584  26.497  -85.637  -7.277 0.6000000238
5292  26.136  -85.672  -5.828 0.6000000238
5936  25.469  -84.898  -9.602 0.5000000000
121106  25.408  -84.844  -6.995 0.6000000238
5922  24.079  -84.541  -9.087 0.5000000000
133121  24.546  -84.760  -6.116 0.5000000000
117194  23.768  -84.870  -6.098 0.5000000000
1257  19.315  -95.610  5.515 0.4000000060
991  19.835  -96.312  5.772 0.4000000060
123682  20.054  -95.675  5.361 0.5000000000
2145  18.535  -92.679  4.365 0.5000000000
112505  18.590  -91.632  4.428 0.5000000000
2481  17.512  -90.615  3.312 0.5000000000
1844  18.601  -93.482  4.587 0.5000000000
1533  18.192  -94.164  5.166 0.5000000000
720  20.354  -97.964  6.461 0.4000000060
500  20.818  -98.870  6.838 0.4000000060
731  21.030  -97.372  5.954 0.5000000000
1053  25.628  -96.599  -2.370 0.3000000119
1047  25.993  -96.221  -1.835 0.3000000119
799  24.659  -97.209  -3.592 0.3000000119
800  23.787  -96.689  -3.908 0.3000000119
1832  17.855  -93.729  5.524 0.4000000060
2138  18.277  -92.354  5.067 0.5000000000
2455  18.624  -91.154  5.473 0.5000000000
1259  18.007  -95.017  5.681 0.4000000060
1258  18.527  -95.628  5.773 0.4000000060
721  19.375  -97.985  6.696 0.3000000119
723  17.896  -97.062  6.543 0.3000000119
511  22.731  -99.092  5.827 0.4000000060
334  20.316  -99.259  7.280 0.3000000119
333  21.058  -99.250  7.207 0.4000000060
499  21.846  -98.945  6.561 0.5000000000
319  21.481  -99.398  7.844 0.3000000119
1307  26.032  -95.107  -0.825 0.3000000119
130908  26.570  -96.769  -1.254 0.3000000119
127969  24.882  -96.204  -2.663 0.3000000119
1337  23.829  -95.578  -3.305 0.3000000119
808  23.196  -97.072  -4.507 0.3000000119
129434  17.564  -94.406  5.959 0.3000000119
1823  17.624  -93.540  6.205 0.4000000060
1247  17.389  -95.307  6.217 0.3000000119
122749  19.549  -99.792  8.068 0.3000000119
306  22.889  -98.726  7.946 0.4000000060
331  23.076  -99.273  6.466 0.4000000060
307  22.228  -99.130  8.179 0.4000000060
116148  20.822  -99.443  8.656 0.3000000119
1900  26.266  -93.307  0.453 0.4000000060
116500  26.545  -94.012  0.176 0.4000000060
1596  26.856  -94.733  0.233 0.4000000060
1578  27.329  -94.869  1.758 0.4000000060
1281  27.942  -95.466  2.327 0.4000000060
1565  28.526  -95.466  2.944 0.5000000000
1615  25.180  -94.583  -1.341 0.3000000119
1313  25.599  -95.437  -1.582 0.3000000119
1314  24.744  -94.991  -1.975 0.3000000119
1338  23.730  -95.392  -3.790 0.3000000119
1658  24.028  -95.299  -4.771 0.3000000119
1248  16.652  -95.839  6.651 0.3000000119
942  23.529  -97.502  9.254 0.3000000119
694  24.053  -97.761  9.015 0.3000000119
706  25.467  -97.352  8.571 0.4000000060
113334  25.496  -97.555  7.495 0.4000000060
298  20.265  -99.354  9.168 0.3000000119
695  22.762  -97.935  9.334 0.3000000119
472  21.925  -98.448  9.498 0.3000000119
308  21.726  -99.103  8.830 0.3000000119
1252  29.682  -95.761  5.388 0.5000000000
1253  29.589  -95.815  5.946 0.5000000000
120117  26.575  -91.158  3.583 0.3000000119
2493  26.282  -91.453  2.779 0.3000000119
114450  26.091  -91.874  1.964 0.3000000119
1866  26.593  -92.895  2.146 0.3000000119
1579  26.808  -94.167  0.951 0.4000000060
1839  28.708  -94.077  4.796 0.5000000000
1539  29.436  -95.341  4.597 0.5000000000
2173  26.247  -92.452  1.462 0.3000000119
1865  27.124  -93.682  2.710 0.4000000060
133155  27.493  -94.176  3.064 0.4000000060
1851  28.309  -94.389  4.099 0.5000000000
1540  29.115  -94.824  4.450 0.5000000000
1616  24.406  -94.164  -1.756 0.3000000119
1624  24.010  -94.456  -2.463 0.3000000119
1625  23.841  -94.223  -3.056 0.3000000119
1650  24.262  -94.576  -4.287 0.3000000119
1657  24.565  -95.010  -4.915 0.4000000060
1208  25.088  -96.748  9.306 0.3000000119
951  26.624  -96.300  8.803 0.4000000060
698  19.760  -98.493  9.745 0.3000000119
127734  22.223  -97.811  9.575 0.3000000119
954  23.614  -96.792  9.218 0.3000000119
705  26.134  -96.904  8.390 0.4000000060
119135  21.192  -98.449  9.740 0.3000000119
975  27.129  -96.113  6.798 0.4000000060
974  28.551  -95.889  6.442 0.5000000000
1218  29.752  -94.597  8.154 0.4000000060
1245  29.424  -95.499  6.773 0.5000000000
3278  27.284  -89.252  4.562 0.3000000119
1522  30.293  -94.479  6.744 0.5000000000
1234  29.997  -94.978  7.175 0.5000000000
2856  26.833  -90.816  4.194 0.3000000119
2128  30.116  -93.106  6.635 0.4000000060
1822  30.383  -93.857  6.630 0.5000000000
2866  26.297  -90.393  2.791 0.3000000119
2151  26.682  -92.070  3.452 0.4000000060
2150  27.228  -92.769  3.938 0.4000000060
2135  29.584  -93.110  6.007 0.5000000000
119282  30.118  -94.559  6.147 0.5000000000
2174  25.932  -91.881  1.156 0.3000000119
2163  26.868  -92.905  3.090 0.4000000060
1852  27.485  -93.734  3.551 0.5000000000
1840  27.874  -93.482  4.383 0.5000000000
2203  24.527  -92.806  -1.283 0.3000000119
2210  24.294  -92.602  -1.974 0.4000000060
2221  24.518  -92.444  -2.468 0.3000000119
1946  24.035  -93.763  -3.226 0.4000000060
1945  24.396  -93.337  -3.476 0.4000000060
2651  21.368  -91.062  -10.285 0.5000000000
1656  25.326  -94.868  -5.093 0.3000000119
113232  20.238  -97.148  9.402 0.3000000119
956  21.617  -96.580  8.929 0.3000000119
1207  27.406  -94.959  9.159 0.3000000119
697  20.690  -98.053  9.841 0.3000000119
1495  28.123  -94.680  9.234 0.3000000119
1219  28.960  -95.175  7.894 0.5000000000
1800  30.383  -93.270  8.649 0.4000000060
113505  29.966  -93.515  9.367 0.3000000119
126025  27.514  -88.596  4.928 0.3000000119
2113  30.417  -93.025  7.991 0.5000000000
113810  27.019  -89.980  4.178 0.3000000119
2114  30.265  -92.809  7.514 0.4000000060
2464  27.145  -91.759  4.446 0.4000000060
2454  27.850  -91.446  5.243 0.4000000060
114858  28.489  -91.986  5.578 0.4000000060
2129  29.169  -92.304  6.170 0.4000000060
2510  25.806  -91.176  1.198 0.3000000119
2890  25.562  -90.601  0.494 0.3000000119
2137  28.010  -92.272  5.133 0.4000000060
2136  28.841  -92.724  5.576 0.5000000000
2571  24.750  -91.863  -1.832 0.3000000119
2220  24.983  -92.095  -2.665 0.4000000060
2237  24.637  -92.674  -3.145 0.4000000060
3036  21.533  -90.184  -12.351 0.5000000000
1953  25.333  -93.695  -4.305 0.4000000060
1943  25.952  -93.136  -4.007 0.5000000000
2309  22.010  -91.349  -9.894 0.5000000000
957  20.662  -96.350  8.881 0.3000000119
2929  18.004  -90.375  -2.347 0.5000000000
2084  30.390  -92.018  9.689 0.3000000119
134759  30.103  -92.425  10.152 0.3000000119
2955  18.532  -90.396  -3.999 0.5000000000
2930  17.344  -90.288  -2.578 0.6000000238
3678  27.814  -87.928  5.210 0.3000000119
3662  28.069  -88.720  5.776 0.3000000119
3700  27.054  -88.205  3.600 0.3000000119
3254  27.985  -89.738  5.644 0.3000000119
3253  28.339  -89.502  6.326 0.3000000119
2427  30.284  -92.369  8.461 0.4000000060
2096  30.412  -92.541  8.915 0.4000000060
3816  18.910  -88.292  -7.113 0.5000000000
3795  15.957  -89.074  -4.646 0.5000000000
2833  27.887  -90.603  5.476 0.3000000119
2453  28.407  -91.380  5.898 0.3000000119
2429  29.332  -91.490  7.470 0.3000000119
2814  29.725  -90.950  8.208 0.3000000119
3836  18.537  -87.460  -8.803 0.5000000000
3304  25.938  -89.684  0.751 0.3000000119
2543  25.305  -91.008  -0.274 0.3000000119
118431  19.814  -86.924  -11.486 0.5000000000
2903  25.438  -90.741  -0.739 0.3000000119
3873  20.677  -88.092  -12.455 0.5000000000
2927  25.934  -90.886  -1.730 0.4000000060
132440  21.403  -89.868  -11.843 0.6000000238
2569  26.296  -91.359  -2.427 0.4000000060
2235  26.391  -92.444  -3.466 0.5000000000
3015  21.491  -90.334  -10.384 0.5000000000
1942  27.025  -93.167  -3.758 0.4000000060
1952  26.749  -93.811  -4.246 0.3000000119
1648  25.706  -94.281  -4.750 0.4000000060
1996  22.509  -92.068  -9.347 0.6000000238
1623  29.704  -94.719  -2.527 0.3000000119
1633  29.282  -94.869  -3.283 0.4000000060
1645  28.067  -94.640  -4.038 0.4000000060
1647  26.501  -94.352  -4.712 0.3000000119
134770  22.818  -92.583  -10.149 0.6000000238
2001  22.047  -91.296  -10.984 0.5000000000
1622  30.689  -95.231  -2.171 0.3000000119
1325  30.294  -95.426  -3.023 0.5000000000
1348  29.310  -95.828  -4.414 0.4000000060
1358  28.650  -96.158  -5.042 0.4000000060
1709  22.776  -92.644  -11.592 0.6000000238
1312  31.379  -95.263  -1.827 0.3000000119
1336  30.740  -96.069  -3.552 0.5000000000
1347  30.305  -96.317  -4.266 0.4000000060
1357  29.701  -96.536  -4.892 0.4000000060
1335  31.240  -95.926  -3.364 0.4000000060
1346  30.842  -96.408  -4.062 0.5000000000
1077  30.385  -96.732  -5.531 0.4000000060
1076  30.976  -96.489  -5.791 0.5000000000
3346  17.397  -89.628  -2.162 0.6000000238
3347  16.807  -89.771  -2.642 0.6000000238
114377  28.479  -86.680  5.646 0.3000000119
3677  28.162  -87.863  5.819 0.3000000119
4098  28.948  -87.960  6.927 0.3000000119
3649  28.659  -88.837  6.826 0.3000000119
3769  17.077  -89.087  -2.417 0.6000000238
3785  16.334  -89.157  -3.628 0.6000000238
4138  27.690  -86.952  4.119 0.3000000119
3240  29.327  -89.325  7.643 0.3000000119
3794  16.723  -88.420  -4.181 0.6000000238
4154  27.124  -87.131  2.602 0.3000000119
3241  28.822  -89.797  7.008 0.3000000119
122061  29.361  -90.100  7.750 0.3000000119
4256  17.114  -87.617  -4.751 0.6000000238
120098  25.582  -90.214  -0.090 0.3000000119
4784  17.412  -86.038  -5.284 0.6000000238
4269  16.772  -87.404  -5.770 0.6000000238
4801  16.676  -86.803  -6.587 0.6000000238
5306  16.893  -85.835  -6.565 0.5000000000
2233  27.956  -92.705  -2.903 0.4000000060
1634  28.396  -94.312  -3.546 0.4000000060
1344  32.022  -95.178  -3.896 0.4000000060
1345  31.402  -95.910  -4.086 0.5000000000
126906  28.776  -85.851  5.445 0.3000000119
4631  28.910  -86.456  6.258 0.3000000119
4111  28.555  -87.339  6.214 0.3000000119
4110  29.254  -87.120  6.931 0.3000000119
3648  29.289  -88.547  7.472 0.3000000119
3637  30.040  -88.868  8.173 0.3000000119
119149  31.022  -89.281  9.126 0.3000000119
130710  17.621  -89.004  -1.835 0.5000000000
4642  28.186  -86.527  4.840 0.3000000119
4147  27.233  -87.401  3.478 0.3000000119
4242  17.908  -87.008  -3.075 0.5000000000
3784  16.936  -88.547  -3.071 0.6000000238
4654  28.015  -86.117  3.890 0.3000000119
3227  30.120  -89.928  8.574 0.3000000119
4243  17.327  -87.739  -3.706 0.6000000238
4672  28.338  -86.427  2.374 0.3000000119
4768  17.328  -86.769  -5.119 0.6000000238
2567  28.082  -91.697  -2.187 0.3000000119
2556  27.599  -91.049  -1.826 0.3000000119
5294  17.208  -85.456  -5.751 0.6000000238
6522  16.318  -84.067  -6.662 0.6000000238
4255  17.642  -86.915  -4.230 0.6000000238
4757  18.171  -86.226  -3.836 0.5000000000
5262  18.122  -85.515  -4.257 0.6000000238
5277  17.688  -85.435  -4.971 0.6000000238
5886  17.460  -84.684  -5.249 0.6000000238
134129  16.941  -85.215  -6.248 0.6000000238
114623  16.153  -83.121  -6.447 0.6000000238
5887  16.953  -84.572  -5.994 0.6000000238
7198  15.512  -82.799  -6.846 0.5000000000
128528  18.337  -85.562  -3.542 0.5000000000
5873  17.888  -84.720  -4.473 0.5000000000
6511  16.818  -83.580  -5.950 0.6000000238
7851  14.594  -81.463  -6.258 0.5000000000
128474  15.607  -79.067  -4.983 0.6000000238
8454  15.090  -80.845  -5.714 0.6000000238
8455  14.266  -80.326  -6.018 0.5000000000
8446  14.992  -79.964  -5.439 0.6000000238
5858  18.238  -84.809  -3.675 0.5000000000
7159  17.122  -82.096  -5.101 0.5000000000
7160  16.590  -81.849  -5.707 0.5000000000
115604  16.723  -82.635  -5.857 0.6000000238
8443  17.039  -80.542  -4.944 0.6000000238
7834  16.506  -81.233  -5.405 0.5000000000
7850  15.345  -81.703  -6.077 0.5000000000
8444  16.463  -80.460  -5.127 0.6000000238
9710  19.071  -78.118  -6.326 0.6000000238
9042  16.470  -79.506  -4.900 0.6000000238
9043  14.672  -79.176  -5.588 0.5000000000
12325  9.783  -74.598  -4.614 0.5000000000
5857  18.380  -84.093  -2.867 0.5000000000
6510  17.224  -83.139  -5.080 0.5000000000
7833  17.059  -81.261  -5.116 0.6000000238
13002  10.514  -73.773  -3.780 0.5000000000
133803  10.557  -74.466  -2.197 0.6000000238
13019  10.067  -73.626  -4.787 0.6000000238
13037  9.107  -74.021  -5.478 0.6000000238
12303  10.115  -74.849  -3.597 0.5000000000
12353  8.765  -74.806  -6.191 0.5000000000
10373  14.509  -77.353  -5.315 0.5000000000
9694  15.086  -78.135  -5.063 0.5000000000
16037  8.874  -69.608  -4.087 0.6000000238
15225  8.862  -70.351  -3.704 0.6999999881
15242  8.885  -69.913  -4.618 0.6000000238
15224  9.025  -70.638  -4.211 0.6999999881
14381  10.040  -72.058  -2.182 0.6000000238
13666  10.710  -72.661  -2.411 0.6000000238
14429  9.484  -71.269  -4.530 0.6000000238
128088  9.441  -71.274  -3.926 0.6000000238
16052  8.873  -69.239  -5.185 0.6000000238
15247  9.023  -70.109  -5.511 0.6000000238
14411  10.070  -71.954  -3.934 0.6000000238
134219  10.260  -72.184  -3.026 0.5000000000
12976  10.853  -73.677  -1.400 0.6000000238
121862  8.993  -69.780  -6.033 0.6000000238
14441  9.298  -71.126  -5.253 0.6000000238
13694  10.327  -72.781  -4.374 0.5000000000
12988  10.896  -73.484  -2.716 0.6000000238
14442  8.960  -71.091  -6.054 0.6000000238
122798  9.738  -72.864  -5.240 0.6000000238
14453  8.645  -71.204  -6.717 0.6000000238
13710  9.195  -72.017  -5.627 0.6000000238
13038  8.630  -73.589  -6.371 0.6000000238
13054  8.549  -74.236  -7.013 0.5000000000
11055  8.959  -75.941  -6.563 0.5000000000
11717  8.962  -75.413  -7.247 0.5000000000
11709  9.330  -75.559  -7.102 0.5000000000
11708  10.427  -75.552  -6.410 0.5000000000
14412  8.752  -71.026  -3.512 0.6000000238
130098  8.888  -71.642  -2.749 0.6999999881
15256  8.953  -70.455  -6.637 0.5000000000
13723  8.264  -72.159  -7.357 0.6000000238
13069  8.150  -73.128  -7.825 0.6000000238
11697  8.749  -75.298  -6.827 0.5000000000
12416  8.930  -74.188  -8.247 0.6000000238
12399  9.096  -74.962  -7.819 0.5000000000
12415  9.781  -74.091  -8.165 0.6000000238
12375  10.434  -74.897  -7.205 0.6000000238
16761  11.929  -68.997  -0.426 0.4000000060
15991  6.837  -70.230  -2.606 0.6999999881
15211  6.584  -70.393  -2.339 0.5000000000
15195  6.734  -70.988  -1.702 0.5000000000
15179  12.050  -70.271  -0.749 0.6000000238
15973  11.536  -69.644  -0.597 0.5000000000
14383  7.382  -71.388  -2.051 0.6000000238
126749  7.977  -71.811  -1.522 0.5000000000
15191  13.480  -70.669  -1.269 0.5000000000
15990  7.837  -69.684  -2.190 0.6000000238
14397  7.548  -71.102  -2.742 0.8000000119
16004  7.916  -70.251  -2.804 0.6999999881
132533  8.083  -71.221  -3.023 0.8000000119
116587  9.067  -71.955  -1.551 0.6999999881
13087  8.891  -72.958  -8.443 0.6000000238
13077  9.361  -73.654  -8.407 0.6000000238
15196  6.034  -70.298  -2.064 0.5000000000
124378  11.443  -68.248  -0.514 0.5000000000
15181  6.995  -71.096  -0.400 0.5000000000
15970  14.402  -69.678  -0.756 0.4000000060
15971  13.406  -69.721  -0.587 0.4000000060
15190  14.352  -70.393  -1.223 0.4000000060
117922  14.574  -70.493  -2.830 0.5000000000
16015  14.941  -69.771  -3.779 0.4000000060
15992  5.605  -69.521  -2.379 0.5000000000
15976  5.634  -69.802  -1.216 0.5000000000
129946  11.925  -67.589  -0.884 0.3000000119
17522  11.132  -67.449  -0.906 0.3000000119
16785  6.240  -69.494  -2.837 0.6000000238
15986  15.571  -69.543  -1.755 0.4000000060
16001  15.391  -69.961  -2.873 0.4000000060
16031  14.939  -69.110  -4.835 0.4000000060
113617  5.882  -68.801  -3.022 0.6000000238
17526  6.683  -68.670  -2.581 0.6000000238
16014  15.911  -69.383  -3.666 0.4000000060
16787  5.203  -68.616  -2.668 0.5000000000
19082  13.625  -66.229  -1.831 0.3000000119
18282  11.960  -66.975  -1.629 0.3000000119
18293  11.520  -66.350  -2.453 0.3000000119
18294  10.428  -66.139  -2.584 0.4000000060
16029  16.653  -69.537  -4.356 0.3000000119
16030  15.832  -69.245  -4.587 0.4000000060
15238  17.209  -70.047  -4.828 0.4000000060
18303  12.029  -66.068  -3.105 0.4000000060
18298  5.677  -67.112  -3.210 0.6000000238
114668  4.816  -68.030  -2.076 0.4000000060
18304  11.215  -65.922  -3.344 0.4000000060
121652  14.178  -65.581  -1.982 0.3000000119
19089  13.524  -65.778  -2.664 0.3000000119
17535  4.784  -67.746  -2.937 0.5000000000
129115  10.399  -65.796  -3.571 0.4000000060
19102  8.911  -65.608  -4.134 0.4000000060
19134  8.802  -64.985  -4.944 0.5000000000
19116  10.016  -65.325  -5.209 0.4000000060
19117  9.177  -65.237  -4.874 0.4000000060
20006  12.970  -65.167  -8.542 0.3000000119
20007  12.207  -64.948  -8.357 0.3000000119
19157  11.507  -65.347  -7.817 0.3000000119
20857  11.137  -64.654  -7.232 0.3000000119
20856  11.705  -64.466  -7.660 0.3000000119
22588  9.401  -61.698  -0.131 0.4000000060
20867  13.944  -64.434  -8.782 0.3000000119
3226  31.194  -90.166  9.623 0.3000000119
2579  26.820  -91.874  -2.987 0.4000000060
19132  10.307  -65.195  -6.034 0.3000000119
13085  9.923  -73.214  -8.524 0.6000000238
22589  8.207  -61.356  0.312 0.4000000060
115828  13.846  -70.850  -2.771 0.5000000000
19147  10.673  -65.178  -6.785 0.3000000119
130504  28.839  -95.079  -3.903 0.4000000060
133410  17.210  -83.988  -5.400 0.5000000000
992  19.050  -96.328  5.987 0.4000000060
1546  18.983  -94.189  4.742 0.5000000000
2844  18.209  -90.429  4.446 0.5000000000
730  21.883  -97.845  5.818 0.5000000000
115856  26.691  -95.164  -0.251 0.4000000060
979  18.271  -96.313  6.192 0.4000000060
318  22.418  -99.214  7.230 0.4000000060
330  23.655  -99.336  5.822 0.4000000060
1604  26.326  -94.435  -0.276 0.4000000060
1302  27.057  -95.686  0.252 0.4000000060
1301  27.483  -96.305  1.047 0.4000000060
1815  17.448  -93.191  6.981 0.3000000119
121824  19.567  -99.700  8.984 0.3000000119
471  22.624  -98.508  8.834 0.3000000119
481  24.258  -98.122  8.447 0.4000000060
489  24.219  -98.546  7.404 0.4000000060
1913  25.929  -93.586  -0.207 0.3000000119
1914  25.169  -93.148  -0.734 0.4000000060
693  24.912  -97.497  9.005 0.4000000060
976  26.294  -96.817  7.289 0.4000000060
1838  29.552  -94.674  5.052 0.5000000000
3446  20.645  -88.789  -13.076 0.5000000000
130683  24.029  -93.780  -2.142 0.4000000060
955  22.582  -96.724  9.065 0.3000000119
120908  27.234  -95.660  8.843 0.4000000060
1235  27.918  -95.572  8.211 0.4000000060
965  28.522  -95.587  7.367 0.5000000000
1508  30.333  -94.297  7.524 0.5000000000
120262  27.295  -90.749  4.818 0.3000000119
2876  25.831  -90.426  1.223 0.3000000119
2194  25.455  -91.577  0.405 0.3000000119
2202  25.002  -91.763  -0.524 0.3000000119
2636  22.001  -91.145  -9.189 0.6000000238
119434  29.137  -93.630  9.857 0.3000000119
1494  28.835  -94.703  8.815 0.4000000060
2428  29.841  -92.021  7.998 0.3000000119
4358  20.366  -87.348  -11.548 0.5000000000
2580  25.844  -91.898  -2.906 0.4000000060
2074  30.330  -91.712  10.354 0.3000000119
2805  30.563  -90.880  9.155 0.3000000119
1940  28.805  -94.045  -2.904 0.4000000060
1941  27.949  -93.390  -3.293 0.4000000060
1951  27.596  -93.955  -3.915 0.4000000060
1613  31.064  -95.180  -1.230 0.3000000119
4097  29.770  -87.854  7.771 0.3000000119
4767  17.777  -86.158  -4.650 0.6000000238
1931  28.473  -93.226  -2.602 0.3000000119
4083  30.886  -88.347  8.695 0.3000000119
4153  28.679  -86.952  1.815 0.3000000119
7849  15.965  -81.807  -5.957 0.5000000000
7835  15.861  -81.121  -5.562 0.6000000238
15209  8.002  -70.811  -3.111 0.6999999881
14382  8.039  -71.584  -2.366 0.6999999881
115385  7.402  -70.657  -2.648 0.6999999881
18281  13.022  -66.885  -1.808 0.3000000119
18291  13.077  -66.292  -2.419 0.3000000119
3418  21.722  -88.501  -9.754 0.5000000000
3850  21.240  -87.749  -10.209 0.5000000000
1987  32.592  -93.159  -7.964 0.6000000238
7818  17.577  -81.374  -4.255 0.4000000060
7817  18.195  -80.376  -4.009 0.5000000000
9693  15.903  -77.889  -4.764 0.5000000000
10358  18.482  -77.778  -6.287 0.5000000000
116036  17.228  -77.773  -5.302 0.5000000000
122155  16.492  -77.694  -4.965 0.5000000000
9726  18.974  -77.948  -7.093 0.5000000000
10361  15.317  -77.224  -4.895 0.4000000060
10386  17.384  -77.275  -7.304 0.5000000000
10359  16.782  -77.276  -5.537 0.5000000000
10360  16.000  -77.065  -4.994 0.5000000000
11691  15.208  -75.694  -5.578 0.5000000000
11063  16.427  -76.574  -6.633 0.5000000000
134878  15.755  -76.403  -5.439 0.5000000000
12397  11.635  -74.418  -7.250 0.5000000000
10387  16.541  -77.018  -7.662 0.6000000238
12349  13.481  -74.917  -5.488 0.5000000000
12374  12.292  -74.599  -6.391 0.5000000000
11053  15.959  -76.088  -6.156 0.6000000238
11707  14.702  -75.026  -6.241 0.6000000238
11692  14.290  -75.226  -5.538 0.5000000000
10401  16.470  -77.142  -8.859 0.6000000238
11064  15.863  -76.336  -7.492 0.6000000238
11706  15.394  -75.548  -6.673 0.6000000238
128237  13.471  -74.525  -6.736 0.6000000238
11725  14.479  -75.718  -8.384 0.6000000238
116825  11.912  -74.158  -8.157 0.5000000000
12398  10.742  -74.216  -8.022 0.5000000000
125058  14.717  -75.257  -7.185 0.6000000238
12394  14.086  -74.759  -6.872 0.6000000238
12963  10.838  -73.159  -1.141 0.5000000000
13657  10.084  -72.282  -1.056 0.5000000000
12428  11.292  -73.641  -9.109 0.6000000238
126093  14.171  -75.524  -9.306 0.6000000238
12414  11.428  -73.944  -8.902 0.6000000238
12395  13.366  -74.579  -7.695 0.6000000238
119764  12.695  -74.281  -8.210 0.6000000238
12412  13.069  -74.643  -8.961 0.6000000238
19100  10.779  -65.687  -4.481 0.3000000119
21661  9.540  -62.613  -0.411 0.3000000119
1369  31.489  -95.679  -6.255 0.4000000060
1676  32.529  -94.733  -7.415 0.5000000000
1712  23.575  -93.649  -12.591 0.5000000000
1708  24.175  -93.991  -11.446 0.5000000000
1675  32.814  -93.944  -7.424 0.4000000060
2000  23.792  -93.606  -10.188 0.4000000060
2620  32.604  -91.667  -8.324 0.4000000060
3419  21.228  -88.715  -10.555 0.4000000060
112395  22.784  -90.809  -8.429 0.4000000060
130527  21.497  -89.419  -10.024 0.4000000060
111847  22.307  -91.416  -8.723 0.4000000060
1995  23.728  -93.068  -9.016 0.4000000060
3403  30.696  -89.964  -9.549 0.4000000060
3011  31.114  -90.925  -10.228 0.4000000060
2646  30.617  -91.656  -10.527 0.4000000060
4336  20.375  -86.979  -10.605 0.4000000060
2995  31.606  -90.616  -9.363 0.4000000060
3010  31.788  -91.120  -9.509 0.4000000060
3023  29.442  -91.875  -11.607 0.4000000060
2665  28.596  -91.937  -12.145 0.5000000000
11072  14.671  -76.084  -9.482 0.5000000000
126151  15.332  -76.596  -10.348 0.5000000000
11733  14.333  -75.456  -10.003 0.5000000000
11741  14.597  -75.226  -10.357 0.5000000000
12441  15.317  -74.839  -10.794 0.5000000000
125606  13.280  -74.414  -10.022 0.5000000000
13093  15.282  -73.254  -10.577 0.5000000000
14366  8.707  -71.756  -0.430 0.4000000060
14367  7.468  -71.641  -1.017 0.4000000060
12442  13.942  -74.505  -10.165 0.5000000000
12426  12.982  -74.443  -9.774 0.5000000000
116234  31.877  -92.855  -8.469 0.5000000000
2994  32.293  -91.016  -8.937 0.4000000060
3012  30.274  -91.364  -11.022 0.4000000060
2465  18.500  -90.972  3.843 0.4000000060
130352  17.900  -90.868  2.807 0.4000000060
112016  17.880  -95.785  2.548 0.4000000060
2156  18.900  -91.915  3.612 0.4000000060
124779  18.659  -91.179  2.987 0.4000000060
117046  18.066  -95.091  2.310 0.4000000060
2497  18.087  -91.288  2.150 0.4000000060
134922  20.054  -94.569  1.870 0.4000000060
1298  18.598  -94.524  1.902 0.4000000060
1299  17.697  -94.492  2.048 0.4000000060
1843  19.209  -93.561  4.358 0.5000000000
2144  19.052  -92.911  3.994 0.5000000000
2155  19.805  -92.245  3.450 0.4000000060
2480  19.314  -91.564  2.838 0.4000000060
130178  18.685  -93.675  1.491 0.4000000060
1531  19.758  -94.884  4.974 0.5000000000
1544  20.776  -94.438  4.598 0.5000000000
1545  19.922  -93.938  4.488 0.5000000000
2494  20.270  -91.832  2.219 0.4000000060
2512  18.722  -91.658  1.706 0.4000000060
1842  20.986  -93.419  4.117 0.4000000060
1855  20.644  -92.707  3.642 0.4000000060
1567  22.946  -94.127  2.897 0.4000000060
1881  22.045  -93.639  2.237 0.4000000060
1883  20.941  -93.298  1.737 0.4000000060
1884  20.112  -93.239  1.493 0.4000000060
1885  18.243  -93.077  1.377 0.4000000060
1584  20.598  -94.114  1.747 0.4000000060
1585  19.545  -93.999  1.578 0.4000000060
1542  22.506  -94.076  3.901 0.5000000000
1853  22.029  -92.937  3.171 0.4000000060
2478  20.901  -92.078  2.703 0.4000000060
2177  19.787  -92.453  1.538 0.4000000060
129670  22.943  -94.230  3.432 0.5000000000
1557  22.516  -93.586  3.298 0.4000000060
1868  21.770  -92.990  2.379 0.4000000060
2176  20.545  -92.669  1.691 0.4000000060
117294  24.555  -96.032  3.297 0.3000000119
1282  25.109  -96.458  2.271 0.3000000119
1008  24.696  -97.265  3.460 0.4000000060
1274  23.946  -95.458  3.609 0.3000000119
521  24.320  -99.059  4.574 0.4000000060
997  24.198  -97.575  3.981 0.4000000060
118527  25.779  -98.894  2.728 0.3000000119
130254  25.229  -98.635  2.742 0.4000000060
748  24.907  -98.556  3.314 0.4000000060
533  24.865  -98.899  3.930 0.4000000060
531  26.097  -98.772  3.182 0.4000000060
117258  25.426  -98.829  3.834 0.4000000060
507  25.742  -98.375  4.522 0.4000000060
987  26.507  -96.860  6.085 0.3000000119
1556  23.511  -94.713  3.186 0.3000000119
114573  24.468  -99.158  5.085 0.3000000119
739  23.911  -98.495  4.375 0.4000000060
530  27.132  -98.524  2.774 0.4000000060
508  25.114  -98.717  5.255 0.3000000119
726  26.749  -97.202  4.865 0.4000000060
986  27.657  -96.378  5.636 0.4000000060
1266  23.526  -95.969  4.235 0.4000000060
998  23.690  -97.189  4.352 0.4000000060
540  27.160  -98.736  2.256 0.4000000060
717  25.821  -97.432  6.544 0.3000000119
746  28.776  -97.069  3.217 0.4000000060
747  27.995  -97.829  2.885 0.4000000060
1005  29.205  -96.067  4.232 0.4000000060
984  29.323  -96.096  4.728 0.4000000060
736  27.541  -97.378  4.077 0.4000000060
1267  22.724  -95.641  4.505 0.4000000060
999  22.974  -96.728  4.724 0.4000000060
522  23.658  -99.155  4.922 0.3000000119
729  23.178  -98.188  4.904 0.4000000060
496  24.644  -98.934  5.817 0.3000000119
1015  28.894  -96.777  2.783 0.4000000060
761  28.674  -97.086  2.234 0.4000000060
1273  29.033  -96.067  3.207 0.4000000060
1530  29.864  -95.224  5.410 0.4000000060
985  29.060  -96.187  5.307 0.4000000060
1255  21.412  -95.885  4.968 0.4000000060
122384  22.600  -98.532  5.510 0.3000000119
990  20.683  -96.331  5.468 0.4000000060
1268  21.502  -95.000  4.649 0.4000000060
989  21.577  -96.837  5.376 0.4000000060
1254  22.175  -96.302  4.909 0.4000000060
988  22.388  -97.416  5.226 0.4000000060
3040  27.096  -91.259  -12.642 0.4000000060
735  28.535  -96.922  3.963 0.4000000060
297  21.102  -98.975  9.371 0.3000000119
309  19.938  -99.730  8.557 0.3000000119
310  19.106  -99.844  8.507 0.3000000119
320  20.370  -99.593  7.843 0.3000000119
332  22.543  -99.134  6.432 0.4000000060
338  23.109  -99.293  5.897 0.4000000060
439  26.362  -98.006  -9.795 0.4000000060
473  20.483  -98.759  9.628 0.3000000119
482  23.508  -98.250  8.598 0.3000000119
488  24.730  -98.344  6.880 0.3000000119
490  23.613  -98.622  7.751 0.4000000060
497  24.180  -99.058  6.305 0.4000000060
498  23.648  -99.092  6.771 0.4000000060
509  24.169  -99.267  5.545 0.3000000119
510  23.411  -99.226  5.397 0.4000000060
512  22.170  -98.616  6.076 0.5000000000
518  27.093  -98.134  3.483 0.4000000060
519  26.153  -98.545  3.810 0.4000000060
520  24.930  -99.001  4.498 0.4000000060
532  25.335  -98.847  3.204 0.4000000060
541  26.368  -98.893  2.499 0.4000000060
542  25.931  -99.143  2.170 0.4000000060
630  26.539  -98.352  -9.233 0.4000000060
635  28.084  -97.642  -9.358 0.4000000060
636  27.324  -97.969  -9.436 0.5000000000
638  26.070  -98.194  -9.860 0.4000000060
644  27.189  -97.798  -10.146 0.5000000000
646  25.902  -97.939  -10.234 0.4000000060
655  26.012  -97.778  -10.941 0.4000000060
696  21.578  -97.931  9.793 0.3000000119
707  24.866  -97.926  8.103 0.4000000060
718  25.273  -98.216  6.246 0.3000000119
719  21.375  -98.333  6.333 0.5000000000
727  25.823  -97.843  5.563 0.3000000119
728  23.120  -99.077  5.266 0.3000000119
737  26.604  -97.914  4.116 0.4000000060
738  24.423  -98.547  3.886 0.4000000060
756  25.616  -98.851  2.500 0.3000000119
793  25.159  -96.921  -2.941 0.3000000119
823  29.329  -97.154  -6.818 0.4000000060
824  28.665  -97.177  -6.725 0.3000000119
832  30.731  -96.957  -7.962 0.6000000238
833  30.100  -97.132  -6.907 0.4000000060
853  30.044  -96.835  -9.062 0.6000000238
855  28.768  -97.299  -9.710 0.5000000000
863  29.471  -96.723  -10.188 0.6000000238
864  28.184  -96.715  -11.058 0.6999999881
865  27.599  -97.259  -10.748 0.6000000238
871  26.689  -96.982  -11.398 0.5000000000
941  24.339  -97.191  9.314 0.3000000119
943  22.810  -97.377  9.328 0.3000000119
944  22.034  -97.340  9.507 0.3000000119
945  21.178  -97.310  9.506 0.3000000119
966  27.657  -95.835  7.561 0.4000000060
967  26.838  -96.317  8.021 0.4000000060
977  20.306  -96.992  6.014 0.4000000060
978  19.617  -97.096  6.255 0.4000000060
980  17.490  -96.183  6.349 0.3000000119
996  28.968  -96.429  4.029 0.4000000060
1006  29.012  -96.336  3.514 0.4000000060
1007  25.148  -97.572  2.615 0.3000000119
1016  24.919  -96.549  2.891 0.3000000119
1059  24.241  -96.277  -3.229 0.3000000119
1060  23.693  -95.975  -3.708 0.3000000119
1065  30.816  -96.419  -4.835 0.5000000000
1066  30.356  -96.564  -4.814 0.4000000060
1067  23.448  -96.109  -4.362 0.4000000060
1078  29.236  -96.763  -5.406 0.4000000060
1079  27.822  -96.253  -5.592 0.4000000060
1093  25.767  -96.571  -6.589 0.4000000060
1096  22.722  -97.187  -6.477 0.4000000060
1107  30.686  -96.850  -7.159 0.5000000000
1108  27.199  -97.213  -7.433 0.3000000119
1112  23.257  -96.953  -7.197 0.3000000119
1120  30.448  -96.736  -8.666 0.6000000238
1125  30.549  -96.312  -9.370 0.6000000238
1128  30.149  -96.253  -10.169 0.6000000238
1132  28.358  -96.237  -11.360 0.6999999881
1220  28.048  -95.164  8.778 0.4000000060
1221  26.488  -95.824  9.107 0.3000000119
1244  29.983  -95.267  6.154 0.5000000000
1246  17.931  -95.667  6.070 0.4000000060
1256  20.683  -95.364  4.989 0.5000000000
1264  29.500  -95.753  4.778 0.4000000060
1265  24.209  -96.473  3.891 0.4000000060
1272  29.182  -95.819  4.018 0.4000000060
1280  28.624  -96.331  2.454 0.4000000060
1285  18.766  -95.597  2.382 0.4000000060
1292  27.771  -95.879  1.747 0.4000000060
1296  20.467  -95.238  2.078 0.4000000060
1297  19.520  -94.963  2.107 0.4000000060
1306  26.740  -96.083  -0.522 0.4000000060
1324  31.031  -95.727  -2.719 0.3000000119
1326  25.228  -95.800  -2.190 0.3000000119
1327  24.260  -95.455  -2.676 0.3000000119
1328  23.812  -94.889  -3.184 0.3000000119
1334  31.886  -95.489  -3.269 0.4000000060
1356  31.319  -95.799  -5.215 0.4000000060
1361  24.901  -95.451  -5.482 0.4000000060
1362  24.130  -95.595  -5.319 0.3000000119
1363  23.513  -95.956  -5.036 0.4000000060
1387  32.123  -95.297  -7.897 0.6000000238
1388  31.724  -95.815  -8.364 0.6000000238
1395  30.332  -95.076  -9.983 0.6999999881
1398  30.158  -95.694  -10.344 0.6999999881
1403  27.966  -95.894  -11.618 0.6999999881
1409  25.626  -95.126  -12.316 0.6000000238
1478  29.490  -94.149  9.072 0.3000000119
1479  28.604  -94.211  9.503 0.3000000119
1480  27.887  -94.231  9.567 0.3000000119
1493  30.221  -93.975  8.448 0.4000000060
1507  30.451  -93.627  7.752 0.5000000000
1521  30.501  -93.899  7.081 0.5000000000
1523  16.771  -94.818  6.508 0.3000000119
1532  18.714  -94.918  5.255 0.4000000060
1541  23.150  -94.887  3.944 0.5000000000
1543  21.750  -94.103  4.294 0.4000000060
1553  28.921  -95.323  3.805 0.5000000000
1554  28.018  -94.669  3.372 0.5000000000
1583  21.479  -93.885  1.929 0.4000000060
1595  27.143  -95.283  1.014 0.4000000060
1605  25.632  -94.065  -0.790 0.3000000119
1606  24.774  -93.691  -1.230 0.3000000119
1617  23.928  -93.700  -2.678 0.4000000060
1635  23.943  -94.559  -3.640 0.3000000119
1644  29.862  -95.579  -3.795 0.5000000000
1646  27.352  -94.634  -4.464 0.4000000060
1649  24.924  -94.332  -4.580 0.4000000060
1654  26.878  -94.957  -4.995 0.3000000119
1655  26.198  -94.872  -5.156 0.5000000000
1665  32.882  -94.085  -6.945 0.4000000060
1682  32.466  -94.478  -7.834 0.6000000238
1687  28.105  -94.024  -8.625 0.8000000119
1688  27.202  -93.903  -8.792 0.8000000119
1689  26.381  -93.715  -8.807 0.8000000119
1694  31.243  -94.744  -8.952 0.6999999881
1700  25.016  -94.137  -10.359 0.6000000238
1705  28.122  -94.975  -10.634 0.6999999881
1829  29.995  -93.825  6.126 0.4000000060
1830  29.296  -93.738  5.491 0.5000000000
1831  18.066  -93.300  4.914 0.5000000000
1841  22.009  -93.343  3.773 0.4000000060
1854  21.445  -92.757  3.473 0.4000000060
1856  19.874  -93.140  4.007 0.5000000000
1867  22.298  -93.391  2.760 0.4000000060
1879  26.945  -93.893  1.896 0.4000000060
1880  26.538  -93.171  1.248 0.4000000060
1882  21.534  -93.268  1.993 0.4000000060
1901  25.426  -92.548  -0.072 0.4000000060
1921  24.205  -93.348  -1.734 0.4000000060
1922  24.057  -93.221  -2.282 0.4000000060
1930  29.137  -93.919  -2.002 0.4000000060
1944  24.966  -93.116  -3.784 0.4000000060
1954  24.630  -93.778  -4.055 0.4000000060
1955  24.229  -93.957  -3.741 0.3000000119
1981  26.062  -92.410  -8.157 0.6999999881
1988  32.285  -93.236  -8.228 0.6000000238
2127  30.450  -93.377  7.179 0.5000000000
2131  17.894  -92.800  6.465 0.3000000119
2139  17.974  -93.017  5.657 0.4000000060
2143  28.356  -93.155  5.024 0.5000000000
2152  21.838  -92.778  2.811 0.4000000060
2153  21.508  -92.429  3.015 0.4000000060
2154  20.866  -92.201  3.159 0.4000000060
2164  21.383  -92.501  2.529 0.4000000060
2165  20.817  -92.244  2.104 0.4000000060
2175  21.245  -92.766  1.961 0.4000000060
2178  18.516  -92.298  1.445 0.4000000060
2193  26.010  -92.468  0.771 0.3000000119
2219  27.679  -92.054  -2.791 0.4000000060
2222  24.190  -93.043  -2.770 0.4000000060
2234  27.322  -92.553  -3.259 0.4000000060
2236  25.383  -92.476  -3.395 0.4000000060
2281  25.198  -92.188  -7.994 0.6999999881
2295  29.939  -92.750  -8.811 0.6000000238
2306  31.705  -91.649  -9.355 0.5000000000
2317  21.913  -90.466  -12.212 0.5000000000
2396  30.108  -91.452  10.883 0.3000000119
2442  29.573  -92.259  7.089 0.4000000060
2443  28.901  -91.443  6.687 0.3000000119
2479  20.210  -91.771  2.796 0.4000000060
2495  19.659  -91.593  2.305 0.4000000060
2496  18.891  -91.358  2.246 0.4000000060
2509  26.018  -90.875  1.974 0.3000000119
2511  19.552  -91.758  1.795 0.4000000060
2513  18.075  -91.805  1.648 0.4000000060
2544  25.013  -91.422  -1.005 0.3000000119
2568  27.241  -91.439  -2.440 0.4000000060
2570  25.404  -91.484  -2.174 0.4000000060
2633  25.404  -91.271  -8.506 0.6999999881
2634  24.210  -91.333  -7.993 0.6000000238
2635  23.483  -91.431  -8.144 0.6000000238
2645  31.351  -91.408  -10.012 0.4000000060
2659  26.887  -91.598  -11.182 0.6000000238
2660  21.813  -90.390  -11.612 0.5000000000
2815  29.035  -90.682  7.242 0.3000000119
2824  28.415  -90.441  6.327 0.3000000119
2843  27.474  -89.934  4.988 0.3000000119
2857  18.161  -90.622  3.411 0.4000000060
2867  18.295  -91.053  2.697 0.4000000060
2875  26.049  -89.947  1.757 0.3000000119
2904  25.320  -91.170  -1.415 0.3000000119
2912  26.977  -90.415  -1.434 0.3000000119
2915  17.781  -90.004  -2.033 0.6000000238
2926  26.740  -90.948  -1.940 0.3000000119
2928  18.680  -90.193  -2.414 0.5000000000
2941  18.930  -90.267  -3.134 0.6000000238
2942  18.305  -90.568  -3.045 0.5000000000
2999  22.172  -90.272  -8.913 0.5000000000
3026  22.109  -90.501  -11.836 0.5000000000
3035  21.983  -90.526  -12.224 0.5000000000
3044  20.277  -89.429  -13.169 0.5000000000
3335  18.143  -89.025  -1.605 0.5000000000
3345  18.993  -89.715  -1.978 0.6000000238
3369  20.109  -89.133  -3.994 0.6999999881
3380  20.130  -89.007  -4.921 0.6999999881
3408  21.914  -89.395  -9.319 0.4000000060
3426  21.168  -88.913  -11.666 0.6000000238
3434  25.615  -89.596  -12.225 0.5000000000
3436  21.123  -89.300  -12.580 0.6000000238
3445  21.064  -89.736  -12.814 0.5000000000
3661  28.411  -88.133  6.350 0.3000000119
3689  27.469  -87.848  4.354 0.3000000119
3783  17.479  -87.868  -2.802 0.5000000000
3802  20.600  -88.366  -5.288 0.6999999881
3835  22.088  -87.529  -9.481 0.6000000238
3863  20.808  -87.966  -11.224 0.4000000060
3882  20.238  -88.012  -12.959 0.5000000000
4128  28.141  -87.269  5.438 0.3000000119
4129  27.827  -87.301  4.809 0.3000000119
4194  19.839  -86.997  -0.762 0.6000000238
4210  18.686  -87.634  -1.096 0.6000000238
4211  18.337  -87.318  -1.404 0.6000000238
4238  24.661  -86.766  -4.077 0.6999999881
4239  23.468  -87.190  -3.859 0.6999999881
4252  23.651  -87.468  -4.649 0.6999999881
4264  25.848  -86.761  -5.942 0.6000000238
4281  25.695  -87.124  -6.787 0.6000000238
4282  24.401  -87.507  -6.918 0.6000000238
4285  20.816  -87.602  -6.631 0.8000000119
4337  19.346  -86.668  -10.784 0.5000000000
4357  20.744  -87.387  -10.681 0.4000000060
4663  28.083  -86.100  3.068 0.3000000119
4664  27.583  -86.649  3.302 0.3000000119
4671  29.239  -86.551  2.320 0.3000000119
4714  20.984  -86.117  -0.838 0.6000000238
4715  20.272  -86.286  -0.713 0.6999999881
4716  19.614  -86.431  -0.680 0.6000000238
4733  18.623  -86.578  -1.116 0.6000000238
4742  23.854  -86.175  -2.955 0.6999999881
4746  18.144  -86.725  -1.937 0.6000000238
4764  25.878  -85.816  -5.116 0.6000000238
4766  24.999  -86.285  -4.154 0.6999999881
4782  26.081  -86.171  -5.577 0.6000000238
4785  17.088  -86.398  -5.872 0.6000000238
4800  26.257  -86.201  -6.250 0.6000000238
4815  26.534  -86.273  -7.149 0.6000000238
5142  29.237  -85.778  6.190 0.3000000119
5220  21.492  -85.508  -0.943 0.6000000238
5246  23.628  -85.538  -2.656 0.6999999881
5260  24.473  -85.424  -3.556 0.6999999881
5261  18.497  -85.033  -2.868 0.5000000000
5275  25.327  -85.370  -4.684 0.6000000238
5276  24.692  -85.238  -4.174 0.6000000238
5304  26.304  -85.662  -6.615 0.6000000238
5305  25.874  -85.175  -6.304 0.6000000238
5313  26.834  -85.885  -7.826 0.6000000238
5333  26.459  -85.144  -9.275 0.5000000000
5342  27.118  -85.406  -10.405 0.6000000238
5806  21.103  -84.958  -0.805 0.5000000000
5838  23.290  -84.928  -2.489 0.6999999881
5839  22.770  -84.424  -2.400 0.6999999881
5855  22.630  -84.233  -3.066 0.8000000119
5868  24.627  -84.890  -4.701 0.6000000238
5872  20.872  -84.104  -4.759 0.6000000238
5883  24.561  -84.791  -5.487 0.5000000000
5891  26.079  -85.227  -7.120 0.6000000238
5898  19.324  -84.420  -7.206 0.6000000238
5899  16.750  -84.987  -6.719 0.6000000238
5904  25.689  -84.886  -7.864 0.6000000238
5920  26.032  -85.015  -8.622 0.6000000238
5921  25.054  -84.720  -8.859 0.5000000000
5924  19.947  -84.637  -7.391 0.5000000000
6449  22.168  -84.178  -1.833 0.6000000238
6450  21.485  -83.865  -1.466 0.6000000238
6451  20.709  -83.577  -1.309 0.5000000000
6452  20.025  -83.405  -1.415 0.5000000000
6486  21.545  -83.432  -2.518 0.6999999881
6498  21.531  -83.664  -3.437 0.6999999881
6499  21.195  -83.477  -3.975 0.6000000238
6539  18.804  -84.268  -7.590 0.6000000238
6561  20.168  -84.571  -8.296 0.5000000000
6579  18.487  -83.903  -9.577 0.6000000238
7132  21.136  -82.542  -3.083 0.6999999881
7133  17.955  -81.887  -3.460 0.5000000000
7143  17.489  -82.436  -4.231 0.4000000060
7177  16.062  -82.319  -6.306 0.5000000000
7196  18.804  -83.586  -7.001 0.5000000000
7197  18.373  -83.547  -7.838 0.6000000238
7237  17.705  -82.804  -11.050 0.5000000000
7250  18.443  -82.809  -11.664 0.6000000238
7262  19.135  -83.086  -11.548 0.6000000238
7799  20.412  -81.224  -3.081 0.6000000238
7800  19.574  -80.864  -3.071 0.6000000238
7897  19.814  -82.019  -12.008 0.6000000238
7898  19.676  -82.869  -11.502 0.6000000238
7919  19.144  -81.669  -12.247 0.6999999881
8421  19.456  -80.242  -3.628 0.6000000238
8433  17.475  -80.631  -4.612 0.6999999881
8445  15.757  -80.194  -5.278 0.6000000238
8481  18.136  -81.282  -8.661 0.6000000238
8497  20.305  -81.263  -11.838 0.5000000000
8499  17.897  -82.033  -11.593 0.6000000238
8522  20.128  -80.985  -12.568 0.5000000000
8523  19.620  -81.141  -12.543 0.6999999881
8524  18.909  -81.049  -12.324 0.6999999881
9025  20.132  -79.887  -5.088 0.6999999881
9026  19.476  -79.446  -4.779 0.6999999881
9038  20.210  -80.002  -5.805 0.6999999881
9039  19.763  -79.326  -5.677 0.6999999881
9040  18.779  -78.973  -4.846 0.6999999881
9072  19.498  -79.238  -7.076 0.6000000238
9132  18.541  -80.388  -11.968 0.5000000000
9147  19.904  -80.342  -12.792 0.5000000000
9690  18.635  -78.293  -5.502 0.6000000238
9798  18.722  -78.756  -12.336 0.5000000000
10371  17.611  -77.429  -6.152 0.5000000000
10372  16.933  -76.964  -6.442 0.5000000000
10400  17.433  -77.315  -9.146 0.6999999881
10439  17.094  -76.775  -10.551 0.5000000000
10449  21.976  -78.617  -13.301 0.5000000000
11038  16.357  -76.690  -5.716 0.5000000000
11039  15.266  -76.491  -5.097 0.4000000060
11071  15.134  -76.620  -8.787 0.6000000238
11080  15.692  -77.104  -9.503 0.6999999881
11086  16.020  -76.606  -10.520 0.5000000000
11715  15.186  -75.805  -7.686 0.6000000238
11716  13.987  -75.187  -7.703 0.6000000238
11726  13.731  -75.156  -8.647 0.6000000238
11732  14.877  -76.106  -10.232 0.5000000000
11734  13.650  -75.042  -9.632 0.6000000238
11742  13.783  -74.840  -10.066 0.5000000000
12267  10.929  -73.979  -2.055 0.6000000238
12282  10.658  -74.289  -2.828 0.6000000238
12348  13.923  -74.650  -6.098 0.6000000238
12350  12.674  -74.942  -5.585 0.5000000000
12373  13.136  -74.489  -6.164 0.5000000000
12396  12.709  -74.337  -7.179 0.5000000000
12400  8.743  -74.582  -7.653 0.5000000000
12413  12.326  -74.210  -9.108 0.6000000238
12417  8.442  -73.780  -8.102 0.6000000238
12427  12.132  -73.884  -9.493 0.6999999881
12429  10.370  -73.515  -8.545 0.6000000238
12455  16.653  -74.842  -11.183 0.5000000000
12456  15.864  -75.150  -10.975 0.5000000000
12987  10.947  -73.260  -1.845 0.6000000238
13078  8.830  -73.565  -8.428 0.6000000238
13079  8.454  -73.080  -8.228 0.6000000238
13086  9.198  -73.330  -8.493 0.6000000238
13095  13.315  -73.793  -10.168 0.6000000238
13096  12.486  -73.361  -9.953 0.6999999881
13645  10.559  -72.848  -0.672 0.5000000000
13656  10.643  -72.654  -1.488 0.5000000000
13677  10.611  -72.774  -3.391 0.5000000000
13695  9.915  -71.928  -4.886 0.6000000238
13711  8.505  -72.318  -6.468 0.6000000238
13732  8.301  -72.504  -7.950 0.6999999881
13741  8.621  -72.360  -8.213 0.6999999881
13750  10.283  -72.671  -8.794 0.6999999881
13751  9.434  -72.838  -8.525 0.6999999881
13761  11.778  -73.010  -9.753 0.6999999881
14396  9.595  -71.688  -3.258 0.6000000238
14472  8.926  -71.604  -8.106 0.6999999881
14482  15.107  -71.300  -9.371 0.5000000000
14488  9.074  -72.273  -8.423 0.6999999881
14494  14.347  -71.027  -9.808 0.6999999881
14495  13.734  -71.389  -9.959 0.6999999881
14497  11.969  -72.334  -9.768 0.8000000119
15177  13.733  -70.238  -0.796 0.5000000000
15178  12.927  -70.301  -0.771 0.5000000000
15180  11.369  -70.061  -0.835 0.5000000000
15182  6.235  -70.524  -0.918 0.5000000000
15189  15.003  -70.271  -1.968 0.4000000060
15192  12.580  -70.581  -1.240 0.6999999881
15206  14.130  -70.852  -2.000 0.5000000000
15210  7.115  -70.776  -2.434 0.8000000119
15223  11.351  -69.827  -3.080 0.8000000119
15241  9.120  -70.546  -4.862 0.6000000238
15267  8.987  -70.492  -7.036 0.6999999881
15273  14.635  -70.332  -8.396 0.5000000000
15274  14.229  -70.070  -8.763 0.5000000000
15279  8.977  -70.992  -7.516 0.6999999881
15288  14.200  -70.391  -9.347 0.5000000000
15289  13.735  -70.283  -9.257 0.6999999881
15290  12.912  -70.518  -9.036 0.6000000238
15291  10.764  -70.839  -8.762 0.6999999881
15292  10.031  -71.034  -8.390 0.6999999881
15300  13.335  -70.930  -9.551 0.6000000238
15972  12.442  -69.735  -0.537 0.6000000238
15974  10.576  -69.429  -0.744 0.6000000238
15975  8.996  -69.165  -1.289 0.6999999881
16005  6.135  -69.883  -2.710 0.5000000000
16017  9.138  -69.833  -3.170 0.8000000119
16018  8.589  -70.353  -3.137 0.6999999881
16032  13.932  -69.111  -4.955 0.6000000238
16036  9.084  -68.940  -4.655 0.8000000119
16044  16.601  -69.506  -5.250 0.4000000060
16045  15.813  -69.113  -5.638 0.4000000060
16048  12.247  -69.370  -5.548 0.6999999881
16061  14.847  -69.128  -7.029 0.6000000238
16063  12.412  -69.235  -6.690 0.6999999881
16065  9.396  -69.325  -6.735 0.8000000119
16066  9.103  -69.852  -6.667 0.6999999881
16075  15.113  -69.546  -7.334 0.6000000238
16077  13.504  -69.471  -8.038 0.6999999881
16079  10.872  -69.446  -7.581 0.8000000119
16080  9.915  -69.453  -7.378 0.8000000119
16090  14.005  -69.717  -8.460 0.6000000238
16093  11.641  -69.656  -8.103 0.8000000119
16106  13.358  -69.996  -8.733 0.6999999881
16759  13.889  -69.088  -0.619 0.4000000060
16760  13.003  -68.887  -0.534 0.4000000060
16786  5.749  -69.098  -2.892 0.5000000000
17505  12.359  -68.179  -0.651 0.3000000119
17520  13.291  -67.341  -1.211 0.3000000119
17521  12.642  -67.460  -1.187 0.3000000119
17523  10.117  -67.324  -0.931 0.6000000238
17527  4.630  -66.897  -2.971 0.5000000000
17534  5.337  -68.144  -3.101 0.6000000238
17543  4.905  -67.202  -3.256 0.5000000000
18305  9.650  -65.856  -3.338 0.4000000060
18307  7.908  -66.361  -3.130 0.5000000000
18309  4.823  -66.492  -3.194 0.6000000238
19088  14.866  -64.987  -2.046 0.3000000119
19101  9.806  -65.568  -4.297 0.4000000060
19106  5.096  -65.793  -3.146 0.6000000238
19133  9.664  -64.999  -5.431 0.6000000238
19145  11.896  -65.707  -7.789 0.3000000119
19156  12.012  -65.335  -8.208 0.3000000119
19158  11.118  -65.112  -7.364 0.3000000119
19962  5.913  -64.547  -2.583 0.6000000238
19969  5.574  -65.058  -2.986 0.6000000238
19977  7.869  -64.975  -4.738 0.6000000238
19978  7.271  -64.508  -4.278 0.5000000000
19979  6.762  -63.949  -3.581 0.6000000238
19988  7.977  -64.225  -4.635 0.5000000000
19997  10.090  -64.619  -5.875 0.4000000060
20008  11.494  -64.983  -8.001 0.3000000119
20016  13.750  -64.949  -8.862 0.3000000119
20017  13.117  -64.727  -8.614 0.3000000119
20799  6.274  -64.096  -2.548 0.6000000238
20811  6.631  -63.482  -2.924 0.6000000238
20820  6.579  -63.563  -2.971 0.5000000000
20845  11.284  -63.802  -6.916 0.4000000060
20847  10.327  -64.209  -6.051 0.5000000000
21677  9.115  -62.055  -2.920 0.5000000000
21691  8.536  -62.387  -3.337 0.4000000060
21692  7.616  -62.910  -2.998 0.5000000000
21705  8.625  -62.463  -3.989 0.4000000060
21716  9.789  -62.860  -5.062 0.5000000000
21727  10.894  -63.307  -6.230 0.4000000060
22608  10.475  -61.413  -1.517 0.3000000119
22644  9.911  -61.273  -3.659 0.4000000060
22661  11.068  -61.682  -4.346 0.3000000119
22663  9.713  -61.521  -3.925 0.4000000060
23536  9.787  -59.834  0.251 0.5000000000
24454  10.192  -59.014  0.515 0.3000000119
25341  11.965  -58.902  -0.518 0.3000000119
111644  17.050  -95.811  2.814 0.4000000060
112017  20.353  -84.407  -5.907 0.6000000238
112195  9.764  -68.802  -5.062 0.8000000119
112223  28.077  -97.479  3.497 0.4000000060
112523  30.251  -92.840  9.536 0.3000000119
112736  32.469  -92.487  -8.298 0.6000000238
112888  14.764  -74.324  -10.599 0.5000000000
112965  18.103  -80.339  -9.137 0.6000000238
113142  11.688  -69.282  -6.104 0.6999999881
113336  18.777  -97.098  6.446 0.4000000060
113520  13.966  -72.957  -10.339 0.6000000238
113970  10.709  -73.831  -8.573 0.6000000238
114305  19.149  -92.970  1.352 0.4000000060
114325  28.289  -95.520  -11.264 0.6999999881
114428  24.076  -86.706  -3.569 0.6999999881
114469  16.388  -70.176  -6.330 0.5000000000
114651  18.502  -90.815  4.714 0.5000000000
114670  25.272  -98.056  -10.783 0.4000000060
114773  17.400  -91.153  2.610 0.4000000060
115794  18.992  -79.766  -12.424 0.5000000000
115817  16.616  -89.256  -2.946 0.6000000238
116435  8.237  -73.215  -7.158 0.5000000000
116889  18.649  -77.891  -8.084 0.5000000000
117168  9.509  -72.101  -0.542 0.5000000000
117206  13.121  -70.867  -2.119 0.6999999881
117500  18.806  -85.648  -1.202 0.6000000238
117564  27.583  -94.613  2.588 0.4000000060
117843  26.197  -93.124  -8.305 0.6999999881
118298  24.649  -92.071  -1.263 0.3000000119
119508  13.976  -69.229  -7.296 0.6000000238
119877  17.920  -77.532  -8.235 0.6999999881
120268  27.940  -98.269  2.268 0.4000000060
120746  19.145  -92.153  1.475 0.4000000060
121230  18.861  -80.581  -3.354 0.6000000238
122001  24.813  -94.217  -12.301 0.6000000238
122119  22.315  -94.812  4.360 0.4000000060
122481  25.111  -87.386  -6.812 0.5000000000
122505  30.609  -94.631  -9.204 0.6999999881
122603  7.364  -70.327  -2.672 0.6999999881
123190  26.045  -93.789  -4.477 0.4000000060
123304  27.145  -94.777  -10.552 0.6999999881
123900  27.286  -88.598  4.237 0.3000000119
124053  21.856  -99.192  7.020 0.4000000060
124122  22.035  -95.496  4.683 0.4000000060
124184  20.619  -81.929  -2.585 0.6999999881
124559  21.464  -89.760  -10.938 0.6000000238
124667  9.741  -69.266  -0.999 0.6999999881
125293  24.683  -87.372  -5.924 0.6999999881
125496  29.826  -96.824  -5.452 0.4000000060
125575  27.690  -86.560  2.651 0.3000000119
125816  8.892  -72.979  -5.836 0.6000000238
125872  23.941  -99.303  5.159 0.3000000119
126035  14.786  -76.652  -5.005 0.5000000000
126149  27.980  -91.676  -12.593 0.5000000000
126377  30.250  -93.086  -8.598 0.6999999881
126469  25.872  -89.687  0.025 0.3000000119
126546  11.188  -71.446  -9.229 0.6999999881
126621  24.035  -96.313  -6.330 0.3000000119
126727  25.073  -88.391  -9.742 0.6999999881
126872  25.677  -90.237  -12.066 0.5000000000
127745  23.331  -97.961  9.029 0.3000000119
127772  28.602  -96.754  -5.626 0.4000000060
127904  9.704  -74.755  -7.658 0.5000000000
127918  27.204  -95.936  8.414 0.4000000060
128517  20.021  -87.231  -7.946 0.8000000119
128783  8.303  -73.807  -7.644 0.6000000238
128784  17.514  -83.936  -4.688 0.6000000238
128946  28.110  -96.692  4.674 0.4000000060
128967  22.040  -90.572  -12.117 0.5000000000
128999  9.418  -69.679  -7.173 0.6999999881
129022  19.615  -82.833  -1.787 0.5000000000
129529  28.259  -95.323  -4.431 0.4000000060
129538  27.489  -97.960  -8.652 0.4000000060
129835  7.175  -65.045  -4.353 0.6999999881
129887  23.115  -99.094  7.182 0.4000000060
130155  30.272  -91.627  8.723 0.4000000060
130293  26.313  -87.874  -9.750 0.5000000000
130757  24.828  -92.370  -0.799 0.3000000119
130889  29.736  -96.171  -10.632 0.6999999881
130905  17.963  -77.809  -5.649 0.6000000238
131012  18.821  -89.138  -1.671 0.6000000238
131631  23.358  -86.349  -2.737 0.6999999881
131791  20.223  -92.119  1.805 0.4000000060
131921  27.040  -86.188  -8.478 0.6000000238
132230  32.116  -91.351  -8.948 0.5000000000
132926  26.504  -92.247  2.676 0.3000000119
132961  8.987  -70.424  -6.267 0.5000000000
133232  26.217  -95.899  -1.241 0.3000000119
133234  19.299  -88.597  -1.479 0.6000000238
133592  32.643  -93.766  -7.757 0.6999999881
133896  24.816  -93.231  -8.602 0.6000000238
133947  15.481  -69.803  -2.311 0.4000000060
133987  12.839  -69.150  -5.972 0.6999999881
134063  27.683  -92.670  4.591 0.4000000060
134123  17.828  -89.521  -1.800 0.6000000238
134394  9.533  -60.492  -0.001 0.5000000000
134588  12.512  -65.622  -8.167 0.3000000119
134677  28.904  -96.426  4.519 0.4000000060
134973  26.646  -90.392  3.619 0.3000000119
134974  11.348  -74.897  -6.614 0.5000000000
135113  15.282  -77.027  -9.256 0.6000000238
135136  9.988  -69.157  -0.706 0.6999999881
135726  27.593  -89.248  5.208 0.3000000119
135741  29.884  -94.473  5.662 0.5000000000
135757  31.460  -96.447  -8.102 0.6000000238
