#!ascii label  , from subject bert vox2ras=TkReg
1473
1355  31.803  -94.893  -5.731 0.5000000000
7846  23.959  -80.716  -7.052 0.6000000238
8464  23.080  -80.451  -7.192 0.6000000238
8477  22.073  -80.541  -8.347 0.6000000238
8465  22.415  -80.084  -7.505 0.6999999881
8466  21.800  -79.855  -8.105 0.6000000238
9054  22.977  -79.677  -6.365 0.6999999881
9071  22.036  -79.495  -7.513 0.6000000238
4356  26.416  -87.835  -10.575 0.5000000000
3442  27.929  -90.852  -13.161 0.6000000238
3449  26.792  -89.539  -13.188 0.6000000238
3861  25.592  -88.635  -11.825 0.5000000000
124813  29.109  -91.199  -12.091 0.5000000000
3033  28.547  -91.260  -12.656 0.4000000060
3443  26.870  -90.378  -13.093 0.5000000000
3871  25.729  -88.979  -12.337 0.6000000238
5894  23.341  -84.812  -7.106 0.5000000000
2621  32.501  -91.143  -8.047 0.4000000060
6536  22.842  -84.272  -7.985 0.5000000000
129357  22.866  -85.012  -6.472 0.5000000000
6558  22.980  -83.757  -9.113 0.6000000238
7213  23.366  -81.736  -8.978 0.6000000238
7861  24.524  -81.087  -7.841 0.6000000238
7844  25.505  -81.450  -6.463 0.6999999881
7862  23.560  -80.833  -7.938 0.6000000238
8440  24.292  -80.682  -6.144 0.6999999881
7814  26.041  -81.340  -4.683 0.6000000238
8430  24.568  -80.581  -5.244 0.6999999881
8418  26.873  -80.588  -3.560 0.6000000238
8429  25.477  -80.654  -4.241 0.6000000238
133019  24.259  -80.066  -5.050 0.6999999881
9015  26.123  -79.285  -3.500 0.6999999881
9085  21.387  -79.725  -8.785 0.6000000238
4332  26.977  -87.343  -9.607 0.5000000000
115534  26.425  -87.983  -11.572 0.6000000238
4355  27.270  -87.174  -10.934 0.5000000000
131691  29.268  -89.933  -13.250 0.6000000238
3885  28.353  -89.212  -13.616 0.6999999881
3881  26.439  -88.909  -12.859 0.6000000238
113851  29.710  -90.739  -11.385 0.4000000060
5938  23.760  -84.528  -10.172 0.5000000000
5906  23.791  -84.500  -8.033 0.5000000000
1652  33.055  -93.337  -6.402 0.5000000000
5939  23.465  -84.121  -9.995 0.5000000000
7887  25.174  -81.811  -9.593 0.6999999881
7233  23.412  -82.708  -9.433 0.6000000238
7873  25.805  -81.591  -8.804 0.6999999881
7874  24.835  -81.396  -8.806 0.6000000238
7888  24.224  -81.833  -9.459 0.6000000238
116551  25.464  -81.363  -7.991 0.6999999881
7875  23.938  -81.255  -8.651 0.6000000238
7859  25.949  -81.607  -7.168 0.6999999881
7829  26.623  -81.629  -5.298 0.6000000238
7843  26.435  -81.787  -6.259 0.6000000238
7797  27.200  -81.120  -3.842 0.6000000238
7830  25.777  -81.452  -5.581 0.6000000238
8416  28.327  -80.364  -4.093 0.6000000238
9013  27.913  -79.659  -3.613 0.6999999881
9722  22.996  -78.272  -6.870 0.6999999881
9739  21.653  -78.976  -8.901 0.5000000000
121356  25.372  -79.672  -3.890 0.6999999881
9036  24.137  -79.454  -5.074 0.6999999881
9723  22.216  -78.778  -7.309 0.6000000238
4873  27.066  -86.578  -13.434 0.5000000000
4855  27.308  -86.536  -11.951 0.5000000000
4846  27.510  -86.226  -10.937 0.5000000000
4388  28.154  -88.296  -13.562 0.6999999881
4372  27.011  -87.499  -12.213 0.6000000238
123917  30.166  -89.250  -12.587 0.5000000000
3879  29.898  -89.516  -13.208 0.6999999881
116650  29.222  -88.464  -13.652 0.6999999881
3880  27.320  -88.785  -13.367 0.6000000238
4383  26.934  -87.863  -12.994 0.6000000238
111656  29.686  -89.017  -9.972 0.4000000060
3860  29.706  -88.925  -10.986 0.4000000060
126630  29.125  -90.476  -12.460 0.5000000000
5953  24.048  -84.673  -11.004 0.5000000000
7231  25.571  -82.357  -10.387 0.5000000000
7247  24.635  -83.549  -11.362 0.5000000000
6576  23.489  -83.733  -10.139 0.5000000000
7212  26.742  -81.761  -8.845 0.6000000238
114660  24.757  -82.224  -10.085 0.5000000000
124545  27.027  -81.804  -7.950 0.6999999881
7173  28.277  -82.307  -6.643 0.6000000238
7193  27.541  -82.181  -7.338 0.6999999881
7194  26.772  -81.903  -7.172 0.6999999881
7154  29.422  -81.931  -5.927 0.6000000238
7156  27.875  -82.087  -5.799 0.6000000238
7174  27.363  -82.119  -6.449 0.6999999881
9034  29.856  -79.982  -5.658 0.6999999881
7827  28.292  -81.632  -5.150 0.6000000238
7157  27.147  -81.927  -5.767 0.6000000238
9686  29.746  -78.926  -4.986 0.6000000238
8439  29.323  -80.313  -5.182 0.6999999881
7811  28.352  -81.128  -4.494 0.6999999881
11051  30.384  -77.038  -5.959 0.6000000238
10355  29.710  -78.329  -4.593 0.6000000238
9022  28.905  -79.877  -4.585 0.6999999881
10398  22.846  -77.739  -8.924 0.6000000238
9663  29.210  -78.893  -4.207 0.6999999881
9688  23.847  -78.832  -5.581 0.6999999881
117615  21.974  -78.305  -8.231 0.6000000238
118540  30.482  -76.319  -5.302 0.6999999881
10354  29.987  -77.530  -4.597 0.6000000238
111984  28.999  -78.180  -3.703 0.8000000119
9665  27.748  -78.319  -3.360 0.6999999881
9023  25.501  -78.867  -3.775 0.6999999881
125987  24.835  -78.973  -4.294 0.6999999881
4387  30.329  -88.157  -13.504 0.6999999881
121903  28.450  -87.370  -13.624 0.6999999881
4389  27.534  -87.547  -13.424 0.6000000238
3878  30.619  -89.068  -13.165 0.5000000000
3883  30.131  -89.042  -13.452 0.6999999881
3846  29.567  -88.480  -10.128 0.4000000060
4371  29.904  -88.653  -11.307 0.5000000000
131021  24.592  -84.471  -11.787 0.5000000000
5952  24.982  -84.781  -10.695 0.5000000000
6603  25.094  -83.779  -11.927 0.5000000000
131500  26.423  -82.139  -10.276 0.6000000238
7210  28.034  -82.315  -9.179 0.6000000238
122542  27.297  -82.004  -9.305 0.6999999881
7886  26.108  -81.878  -9.616 0.6999999881
112655  28.519  -82.500  -8.244 0.6999999881
7211  27.620  -82.127  -8.348 0.6999999881
7171  30.156  -82.114  -6.262 0.6000000238
120518  28.936  -82.536  -7.278 0.6000000238
7192  28.188  -82.375  -7.562 0.6999999881
9051  31.067  -79.759  -6.654 0.6999999881
8450  30.673  -80.499  -6.167 0.6999999881
7842  30.524  -81.371  -6.047 0.6999999881
120788  24.754  -77.141  -8.958 0.6000000238
9070  30.424  -79.097  -6.912 0.6000000238
9052  30.260  -79.491  -6.248 0.6999999881
128537  29.797  -81.471  -5.715 0.6999999881
11702  30.856  -75.705  -7.207 0.6000000238
125992  30.225  -77.100  -6.818 0.6000000238
124983  30.030  -77.563  -7.449 0.6000000238
9705  30.044  -78.626  -6.582 0.6000000238
9053  29.842  -79.169  -5.754 0.6999999881
10397  23.932  -77.362  -8.426 0.6000000238
123605  30.639  -76.224  -6.408 0.6000000238
10368  30.038  -77.808  -6.520 0.6000000238
10343  25.622  -77.544  -4.480 0.6999999881
10357  25.018  -77.503  -5.891 0.6000000238
9706  24.230  -77.937  -6.101 0.6999999881
10383  23.771  -77.580  -7.381 0.6000000238
131406  30.887  -74.932  -7.081 0.5000000000
11684  30.688  -75.339  -5.507 0.6000000238
11671  30.446  -75.721  -4.524 0.8000000119
11016  30.143  -76.098  -3.829 0.8000000119
116555  28.220  -76.917  -3.410 0.8000000119
10332  27.541  -77.660  -3.373 0.8000000119
9674  25.465  -78.245  -3.951 0.6999999881
9687  24.509  -78.398  -5.167 0.6999999881
10341  29.865  -76.986  -3.865 0.8000000119
10331  28.386  -77.893  -3.429 0.8000000119
4872  27.658  -86.420  -13.645 0.6999999881
5373  26.949  -85.614  -14.001 0.6999999881
134492  26.373  -85.031  -13.133 0.6999999881
5353  27.052  -85.462  -11.699 0.6000000238
4386  31.324  -87.915  -13.277 0.6999999881
5354  26.167  -84.797  -12.462 0.6000000238
3877  31.276  -88.481  -13.032 0.6000000238
5343  25.969  -84.745  -11.373 0.5000000000
5975  25.123  -84.317  -12.225 0.5000000000
12388  22.322  -74.814  -7.804 0.6000000238
7272  25.544  -83.817  -12.528 0.5000000000
126721  23.181  -74.654  -8.007 0.5000000000
7261  26.053  -83.245  -12.004 0.5000000000
117384  24.758  -74.321  -8.128 0.6000000238
7244  28.308  -82.543  -10.896 0.6999999881
7245  27.437  -82.314  -11.093 0.6000000238
7209  28.945  -82.786  -9.102 0.6999999881
7229  27.540  -82.183  -10.152 0.6999999881
125515  25.310  -75.502  -8.942 0.6000000238
7190  30.715  -82.530  -7.038 0.6999999881
7191  29.400  -82.805  -7.975 0.6000000238
8463  31.725  -79.864  -7.176 0.6999999881
127972  31.644  -80.623  -6.848 0.6999999881
7170  31.020  -81.887  -6.561 0.6999999881
10382  25.369  -76.639  -7.977 0.6000000238
11069  25.528  -76.198  -8.497 0.6000000238
125285  31.165  -81.217  -6.439 0.6999999881
11062  25.482  -76.459  -7.281 0.6000000238
10410  25.120  -76.712  -9.793 0.6000000238
10394  30.169  -77.662  -8.756 0.6000000238
10381  29.981  -77.923  -7.989 0.6000000238
11037  25.902  -76.399  -5.883 0.6999999881
10369  25.451  -76.835  -6.399 0.6000000238
10396  24.806  -77.077  -7.976 0.6000000238
11061  30.357  -76.692  -7.522 0.6000000238
12296  29.448  -74.577  -3.588 0.6000000238
118394  27.962  -75.203  -3.576 0.6000000238
11019  26.636  -76.725  -3.736 0.6999999881
11029  26.048  -76.740  -4.909 0.6000000238
10370  24.347  -77.411  -6.958 0.6000000238
12295  30.121  -74.632  -3.892 0.6000000238
119556  28.399  -75.973  -3.451 0.8000000119
12317  30.540  -74.696  -4.582 0.6000000238
11654  29.806  -75.401  -3.640 0.6999999881
118076  27.235  -76.961  -3.446 0.8000000119
127736  29.874  -86.103  -13.562 0.6999999881
5372  27.777  -85.400  -13.858 0.6999999881
5982  27.057  -84.722  -13.953 0.6999999881
4385  32.167  -87.543  -13.248 0.6999999881
4870  30.604  -87.042  -13.508 0.6999999881
5363  26.601  -84.910  -13.585 0.6000000238
5974  26.087  -84.312  -12.793 0.6000000238
11688  22.253  -75.218  -5.424 0.6000000238
11689  21.196  -75.265  -5.359 0.6000000238
12343  23.186  -74.995  -6.019 0.6000000238
11705  21.590  -75.154  -6.178 0.6000000238
6614  26.081  -83.804  -12.796 0.6000000238
12368  23.033  -74.799  -7.074 0.5000000000
6591  29.467  -82.901  -10.942 0.6999999881
7260  27.648  -82.524  -12.008 0.6999999881
128167  24.756  -73.955  -7.386 0.4000000060
12387  23.942  -74.298  -7.729 0.5000000000
132928  30.178  -83.386  -9.036 0.6999999881
6575  29.731  -83.178  -9.650 0.8000000119
12386  25.454  -74.189  -7.563 0.5000000000
6556  30.583  -83.299  -8.534 0.6000000238
7227  28.949  -82.803  -10.102 0.6999999881
12385  25.867  -74.621  -7.584 0.6000000238
7841  31.712  -81.537  -6.960 0.6999999881
7189  31.516  -82.308  -7.197 0.6999999881
11686  26.195  -75.403  -6.406 0.6999999881
11714  25.751  -75.363  -7.954 0.6000000238
9068  32.156  -79.533  -7.732 0.6999999881
8462  32.389  -80.274  -7.427 0.6999999881
11685  26.550  -74.834  -5.662 0.5000000000
128256  25.640  -76.129  -7.876 0.6000000238
9750  31.270  -78.309  -9.785 0.6000000238
9736  31.045  -78.382  -8.807 0.6000000238
9069  31.140  -79.171  -7.453 0.6999999881
11036  26.308  -75.802  -5.254 0.6999999881
9751  30.521  -77.926  -9.265 0.6000000238
9737  30.289  -78.099  -8.403 0.6000000238
11656  27.153  -75.180  -3.894 0.5000000000
11672  26.718  -75.233  -4.573 0.6000000238
112250  30.045  -77.334  -8.226 0.6000000238
12995  29.824  -73.973  -3.843 0.6000000238
12297  28.511  -74.441  -3.572 0.5000000000
117837  26.737  -75.846  -3.874 0.6999999881
115698  30.920  -73.035  -4.819 0.6000000238
5370  30.371  -85.222  -13.434 0.6999999881
5371  29.099  -85.053  -13.582 0.6999999881
5981  28.043  -84.398  -13.648 0.6000000238
6619  27.405  -83.819  -13.362 0.6000000238
11674  21.668  -75.375  -4.558 0.4000000060
11675  20.645  -75.270  -4.506 0.5000000000
6612  27.725  -83.217  -12.940 0.6000000238
11687  23.109  -75.063  -5.040 0.5000000000
11690  20.319  -75.052  -5.426 0.6000000238
7268  29.147  -82.971  -12.549 0.6999999881
6602  29.778  -82.924  -12.063 0.6999999881
7270  27.235  -83.033  -12.704 0.6000000238
12367  24.040  -74.312  -6.695 0.5000000000
6574  30.636  -83.472  -9.432 0.6999999881
126334  25.716  -73.540  -6.362 0.4000000060
7872  33.647  -81.645  -8.308 0.6999999881
7208  32.582  -82.591  -7.986 0.6999999881
115876  32.008  -83.103  -8.222 0.6999999881
13050  26.048  -74.076  -7.013 0.6000000238
9097  33.550  -79.732  -9.226 0.6999999881
8488  34.161  -80.436  -8.856 0.6999999881
7188  32.248  -82.031  -7.461 0.6999999881
6534  31.962  -82.649  -7.666 0.6999999881
13032  26.451  -73.577  -5.616 0.5000000000
12365  26.376  -74.438  -6.502 0.5000000000
9098  32.670  -79.249  -9.677 0.6000000238
9083  32.660  -79.454  -8.551 0.6999999881
9082  33.440  -80.117  -8.332 0.6999999881
130940  32.528  -81.151  -7.417 0.6999999881
12319  26.847  -74.186  -5.163 0.5000000000
10408  30.912  -77.820  -10.158 0.5000000000
9749  31.888  -78.879  -10.297 0.6000000238
9735  31.859  -78.854  -9.191 0.6000000238
5980  30.932  -84.647  -13.179 0.6999999881
113953  29.898  -84.311  -13.147 0.6999999881
116370  21.286  -75.376  -3.767 0.4000000060
5972  31.289  -84.466  -12.867 0.6999999881
113717  28.552  -83.108  -12.783 0.6999999881
134928  20.544  -75.242  -3.694 0.4000000060
112596  30.005  -83.365  -12.557 0.6999999881
11676  19.781  -74.943  -4.781 0.6000000238
6589  31.106  -83.724  -11.318 0.8000000119
6601  30.536  -83.461  -12.067 0.6999999881
116989  32.346  -83.724  -9.424 0.6000000238
115571  30.937  -83.578  -10.367 0.6000000238
12324  17.817  -74.154  -4.367 0.6000000238
7207  33.319  -82.483  -8.376 0.6999999881
6554  32.768  -83.195  -8.668 0.6999999881
134014  32.000  -83.414  -8.904 0.6000000238
7885  34.386  -81.353  -8.821 0.6000000238
9109  33.368  -79.493  -10.509 0.6000000238
13709  16.404  -72.098  -5.595 0.5000000000
9110  31.917  -79.165  -11.285 0.6000000238
9111  31.727  -79.097  -11.763 0.5000000000
5964  31.597  -84.392  -12.422 0.6999999881
12301  20.073  -75.008  -3.190 0.4000000060
5951  31.771  -84.281  -11.574 0.8000000119
119537  19.190  -74.749  -4.293 0.5000000000
5935  32.881  -84.187  -9.987 0.8000000119
129606  17.844  -74.093  -3.585 0.4000000060
12302  19.261  -74.757  -3.455 0.4000000060
6588  31.819  -84.072  -10.420 0.6999999881
13017  17.146  -73.371  -3.910 0.4000000060
12323  18.544  -74.481  -4.699 0.5000000000
8486  35.100  -80.666  -9.964 0.6000000238
7206  34.119  -82.304  -8.689 0.6000000238
6553  33.824  -83.218  -8.851 0.6999999881
13676  17.215  -72.326  -3.033 0.4000000060
8496  34.969  -80.191  -10.559 0.6000000238
130859  34.400  -80.078  -9.878 0.6000000238
13693  16.696  -71.822  -4.846 0.4000000060
13036  16.620  -72.829  -5.221 0.6000000238
9127  33.183  -79.520  -11.719 0.6000000238
9128  32.171  -79.360  -11.892 0.5000000000
9791  31.976  -79.109  -12.180 0.5000000000
12266  19.961  -74.252  -1.841 0.4000000060
5963  32.461  -84.719  -12.088 0.8000000119
12985  19.054  -74.055  -1.983 0.4000000060
5950  32.625  -84.498  -11.040 0.6999999881
13001  17.504  -73.418  -2.954 0.4000000060
6571  34.670  -83.616  -9.277 0.6000000238
6572  33.166  -83.650  -9.279 0.6999999881
7884  35.148  -81.441  -9.562 0.6000000238
7226  34.821  -82.249  -9.208 0.6000000238
14395  17.691  -71.677  -2.585 0.4000000060
129800  17.231  -71.274  -4.326 0.4000000060
129358  34.261  -79.722  -11.874 0.6000000238
14428  17.129  -70.775  -4.971 0.4000000060
126057  33.458  -79.441  -12.226 0.4000000060
12974  19.543  -73.597  -1.439 0.4000000060
5949  33.546  -84.728  -10.515 0.6999999881
12975  18.793  -73.340  -1.539 0.4000000060
6570  35.502  -83.935  -9.515 0.6999999881
5934  33.928  -84.138  -9.599 0.6000000238
13665  17.717  -72.681  -2.300 0.4000000060
7896  35.798  -81.488  -10.124 0.6000000238
7243  35.802  -82.398  -9.701 0.6000000238
135582  17.692  -70.704  -3.595 0.4000000060
9125  35.223  -79.976  -11.985 0.6000000238
16028  17.333  -69.865  -4.024 0.3000000119
115628  34.476  -79.537  -12.294 0.4000000060
125826  33.846  -79.189  -12.547 0.4000000060
113460  34.862  -79.246  -12.666 0.4000000060
14394  18.047  -71.151  -1.967 0.4000000060
15205  17.917  -70.712  -2.984 0.4000000060
7907  36.120  -81.281  -10.839 0.6000000238
8507  35.912  -80.729  -11.565 0.6000000238
8506  36.821  -80.891  -11.876 0.6000000238
9788  35.969  -79.250  -12.738 0.4000000060
9142  36.823  -79.564  -12.533 0.5000000000
9802  35.359  -78.572  -12.965 0.4000000060
15969  15.300  -69.259  -0.950 0.3000000119
9801  36.441  -78.295  -13.096 0.4000000060
15946  20.506  -69.568  0.371 0.4000000060
16776  16.412  -68.252  -1.517 0.3000000119
17504  13.160  -67.955  -0.816 0.4000000060
16732  22.096  -68.393  0.623 0.4000000060
17499  19.769  -68.062  -0.218 0.4000000060
17516  17.665  -67.084  -1.546 0.3000000119
125489  18.342  -67.666  -1.567 0.3000000119
16758  14.729  -68.654  -0.686 0.3000000119
16757  15.621  -68.390  -0.991 0.3000000119
121535  13.857  -68.366  -0.668 0.3000000119
17479  20.595  -67.779  0.263 0.4000000060
131020  20.171  -67.344  -0.207 0.4000000060
17501  19.003  -67.771  -1.007 0.4000000060
17518  16.094  -67.583  -1.142 0.3000000119
127954  15.770  -66.799  -1.000 0.3000000119
19099  11.967  -65.805  -4.058 0.4000000060
113015  10.649  -65.523  -5.549 0.3000000119
19130  11.930  -65.855  -6.831 0.3000000119
18268  14.468  -67.291  -0.844 0.3000000119
17519  13.844  -67.604  -0.847 0.3000000119
131736  20.151  -66.694  -0.489 0.4000000060
17514  19.078  -67.012  -1.004 0.4000000060
17515  18.531  -67.037  -1.370 0.3000000119
18277  17.272  -66.144  -1.349 0.3000000119
132415  16.138  -66.356  -1.097 0.3000000119
18292  12.453  -66.424  -2.456 0.3000000119
118236  15.682  -65.944  -1.122 0.3000000119
19114  12.431  -65.689  -5.037 0.3000000119
135227  14.283  -66.134  -1.403 0.3000000119
19129  12.868  -65.755  -6.156 0.4000000060
113016  11.926  -65.769  -5.958 0.3000000119
112218  13.668  -65.677  -7.066 0.3000000119
19144  12.657  -65.842  -7.473 0.3000000119
18267  19.491  -66.538  -0.874 0.4000000060
134131  18.372  -65.888  -1.340 0.4000000060
116160  12.837  -65.701  -4.135 0.4000000060
19079  16.159  -65.364  -1.338 0.3000000119
19090  12.799  -65.980  -3.226 0.3000000119
19098  13.436  -65.516  -3.649 0.4000000060
19155  14.335  -65.334  -7.906 0.3000000119
19076  19.612  -65.243  -1.151 0.4000000060
19077  18.738  -65.408  -1.281 0.4000000060
134206  17.478  -64.851  -1.419 0.4000000060
19949  16.265  -64.700  -1.613 0.4000000060
19080  15.558  -65.150  -1.533 0.3000000119
19960  15.077  -64.499  -2.898 0.3000000119
19097  14.217  -65.123  -3.035 0.3000000119
19967  14.788  -64.682  -4.139 0.3000000119
19976  14.934  -64.912  -5.555 0.5000000000
126603  14.176  -65.035  -4.865 0.4000000060
19128  13.986  -65.473  -5.840 0.4000000060
20015  14.439  -64.740  -8.802 0.3000000119
19947  18.095  -64.559  -1.512 0.4000000060
19948  17.141  -64.359  -1.670 0.4000000060
19958  16.411  -64.032  -2.254 0.3000000119
19966  15.661  -64.223  -3.707 0.3000000119
19974  16.486  -64.097  -4.372 0.3000000119
20836  17.303  -63.848  -5.840 0.3000000119
19959  15.616  -64.513  -2.093 0.3000000119
135618  15.775  -64.148  -2.793 0.3000000119
19975  15.745  -64.504  -4.854 0.3000000119
19984  16.592  -64.264  -5.441 0.3000000119
113276  16.410  -64.119  -6.389 0.3000000119
134993  15.285  -64.846  -6.537 0.3000000119
19143  14.603  -65.278  -6.723 0.3000000119
20866  14.681  -64.048  -8.716 0.3000000119
19944  21.572  -64.127  -1.003 0.3000000119
19945  20.790  -64.308  -1.199 0.3000000119
20792  20.433  -63.646  -1.624 0.3000000119
121676  19.060  -63.281  -2.568 0.3000000119
20816  18.824  -63.149  -3.991 0.3000000119
20825  18.223  -63.287  -5.206 0.3000000119
20794  18.664  -63.841  -1.864 0.3000000119
20807  18.609  -63.226  -3.240 0.3000000119
20818  17.281  -63.708  -3.926 0.3000000119
20826  17.914  -63.646  -5.004 0.3000000119
20835  17.826  -63.591  -5.663 0.3000000119
20843  16.681  -63.708  -6.630 0.3000000119
119003  15.715  -64.452  -6.975 0.3000000119
19995  15.996  -63.968  -7.357 0.3000000119
122098  15.458  -64.448  -7.895 0.3000000119
20003  15.486  -64.119  -8.249 0.3000000119
20781  22.889  -63.677  -0.693 0.3000000119
20805  20.226  -63.079  -2.150 0.3000000119
20815  19.321  -62.864  -3.516 0.3000000119
21698  19.133  -62.811  -4.217 0.3000000119
128527  17.365  -63.511  -6.161 0.3000000119
21723  16.704  -63.171  -7.028 0.3000000119
20853  16.112  -63.440  -7.953 0.3000000119
21745  14.814  -63.101  -8.592 0.3000000119
113669  18.756  -62.814  -4.719 0.3000000119
21710  18.440  -62.811  -5.278 0.3000000119
21732  17.039  -62.427  -7.304 0.3000000119
22692  16.439  -62.035  -8.343 0.3000000119
20865  15.578  -63.528  -8.452 0.3000000119
22702  16.063  -61.786  -8.561 0.3000000119
22672  19.281  -61.695  -5.296 0.3000000119
22673  18.636  -62.183  -5.525 0.3000000119
22682  18.127  -61.868  -6.217 0.3000000119
22657  20.475  -61.650  -4.447 0.3000000119
22671  20.058  -61.076  -5.121 0.3000000119
23619  18.444  -61.055  -6.149 0.3000000119
23620  17.789  -60.906  -6.688 0.3000000119
23626  17.285  -60.777  -7.573 0.3000000119
132129  16.537  -61.426  -8.340 0.3000000119
23638  16.308  -60.843  -8.402 0.3000000119
117722  32.430  -94.109  -6.111 0.5000000000
1986  32.896  -93.212  -7.558 0.5000000000
2279  33.017  -92.077  -7.653 0.4000000060
8451  23.522  -80.235  -6.395 0.6999999881
9708  22.698  -79.070  -6.614 0.6999999881
3415  30.223  -90.062  -10.515 0.4000000060
2269  33.319  -92.162  -6.992 0.5000000000
7812  27.691  -81.372  -4.472 0.6000000238
124743  26.265  -82.627  -11.020 0.5000000000
7810  28.796  -81.238  -4.980 0.6000000238
125746  30.221  -83.287  -10.333 0.8000000119
7259  28.821  -82.622  -11.964 0.6999999881
6555  31.333  -83.382  -8.703 0.6000000238
9768  31.478  -78.582  -10.986 0.5000000000
7858  33.265  -81.195  -7.848 0.6999999881
13018  16.772  -72.790  -4.494 0.4000000060
10433  31.371  -77.670  -11.829 0.5000000000
8495  35.531  -80.772  -10.654 0.6000000238
9790  32.851  -79.142  -12.415 0.4000000060
111680  35.243  -83.095  -9.334 0.6000000238
7895  36.505  -81.992  -10.449 0.6000000238
130961  17.720  -70.243  -3.552 0.3000000119
9143  35.432  -79.727  -12.392 0.4000000060
114931  36.156  -79.893  -12.467 0.4000000060
16734  20.475  -68.609  0.369 0.4000000060
19075  20.010  -64.431  -1.380 0.3000000119
20791  21.736  -63.222  -1.517 0.3000000119
5947  37.194  -84.921  -10.236 0.5000000000
5330  36.450  -85.160  -10.210 0.5000000000
5948  34.525  -85.021  -10.232 0.6999999881
5340  35.148  -85.798  -11.024 0.6999999881
5971  32.141  -84.922  -12.726 0.6000000238
6569  36.349  -84.321  -9.868 0.5000000000
5933  34.956  -84.500  -9.649 0.6000000238
5962  33.328  -85.011  -11.604 0.6000000238
4868  32.553  -86.938  -13.321 0.6000000238
122077  30.792  -86.066  -13.539 0.6000000238
5349  35.289  -86.652  -11.602 0.6999999881
115049  33.348  -86.315  -12.907 0.6000000238
4862  32.828  -86.362  -13.183 0.6000000238
5350  34.653  -86.174  -11.864 0.6999999881
5352  33.134  -85.424  -12.485 0.6000000238
5369  31.327  -85.530  -13.389 0.6000000238
6587  37.350  -84.070  -10.264 0.5000000000
131268  35.613  -87.816  -11.127 0.6999999881
4379  34.357  -87.709  -12.249 0.6999999881
135163  34.065  -87.870  -12.214 0.6000000238
4381  32.850  -87.641  -13.028 0.6000000238
4842  36.235  -87.476  -10.672 0.6000000238
4854  34.810  -87.087  -12.178 0.6999999881
4384  33.286  -87.110  -13.101 0.6000000238
4841  36.999  -87.279  -10.100 0.6000000238
6586  38.662  -84.245  -10.379 0.5000000000
7225  36.150  -83.460  -9.751 0.5000000000
4347  36.459  -87.649  -9.948 0.6999999881
112649  34.427  -87.944  -11.805 0.6000000238
4382  32.128  -88.033  -13.017 0.6000000238
7240  39.783  -82.677  -10.419 0.5000000000
114913  38.086  -83.334  -10.592 0.5000000000
7903  39.889  -81.129  -11.040 0.5000000000
7241  38.818  -82.674  -10.879 0.5000000000
8503  39.756  -80.302  -11.314 0.4000000060
130535  21.632  -81.236  -8.723 0.4000000060
8476  22.784  -80.615  -8.124 0.4000000060
7877  22.136  -81.621  -8.553 0.5000000000
7876  23.112  -81.208  -8.493 0.5000000000
7215  22.181  -82.779  -8.474 0.5000000000
7258  38.477  -82.016  -11.237 0.5000000000
7214  22.741  -82.683  -8.800 0.5000000000
5884  21.744  -84.715  -5.525 0.6000000238
120798  39.233  -80.675  -11.513 0.4000000060
6559  22.366  -83.672  -8.326 0.5000000000
5895  22.054  -84.745  -6.254 0.5000000000
7878  21.304  -82.359  -8.778 0.5000000000
7217  20.692  -83.844  -8.921 0.5000000000
7216  21.594  -83.136  -8.454 0.5000000000
6560  21.094  -84.186  -8.321 0.5000000000
7195  21.799  -83.904  -8.194 0.5000000000
6538  20.978  -84.573  -7.640 0.5000000000
5908  21.503  -84.648  -6.846 0.5000000000
8505  38.073  -80.711  -11.915 0.5000000000
6537  22.014  -84.352  -7.610 0.5000000000
9123  39.452  -78.910  -11.627 0.4000000060
8504  39.056  -80.029  -11.876 0.4000000060
8518  38.952  -79.151  -12.345 0.4000000060
9753  21.769  -78.745  -9.854 0.5000000000
6577  19.855  -84.376  -9.063 0.5000000000
7906  36.738  -81.492  -11.305 0.5000000000
129858  37.342  -79.745  -12.393 0.4000000060
10413  23.341  -77.868  -9.927 0.5000000000
9781  23.522  -78.527  -11.852 0.5000000000
9782  22.883  -79.146  -12.710 0.5000000000
121640  22.378  -78.545  -10.816 0.5000000000
9141  37.792  -79.292  -12.557 0.4000000060
118387  24.748  -77.455  -10.696 0.5000000000
10436  24.244  -78.081  -12.498 0.5000000000
10425  24.999  -77.269  -11.445 0.5000000000
10446  24.415  -77.236  -12.704 0.5000000000
10447  23.879  -77.997  -13.098 0.5000000000
126064  22.977  -79.137  -13.107 0.4000000060
11747  24.806  -75.936  -11.854 0.5000000000
11101  23.367  -77.095  -13.303 0.6000000238
10460  22.583  -77.814  -13.355 0.6000000238
11084  25.126  -76.314  -10.306 0.5000000000
11739  24.258  -75.095  -11.630 0.5000000000
11748  24.143  -75.533  -12.342 0.5000000000
11749  23.356  -75.215  -12.652 0.6000000238
11102  22.336  -76.585  -13.200 0.6000000238
122572  21.497  -77.455  -13.123 0.6000000238
10450  20.712  -78.512  -12.975 0.5000000000
10451  19.367  -78.104  -12.596 0.5000000000
10437  18.249  -78.202  -11.761 0.5000000000
11724  24.803  -75.130  -9.832 0.5000000000
12421  24.260  -74.710  -9.640 0.5000000000
12422  23.550  -74.523  -9.917 0.5000000000
12449  23.625  -74.906  -12.117 0.5000000000
12436  22.539  -74.302  -11.217 0.6000000238
126931  22.135  -75.653  -12.756 0.6000000238
11103  21.288  -76.179  -12.740 0.6000000238
11104  20.203  -77.014  -12.612 0.6000000238
11105  18.990  -77.143  -12.190 0.5000000000
126884  16.042  -73.349  -10.786 0.5000000000
11097  17.492  -76.756  -11.098 0.5000000000
12405  24.785  -74.795  -8.936 0.5000000000
12406  23.815  -74.469  -8.829 0.5000000000
115873  23.000  -74.444  -9.395 0.6000000238
112732  22.150  -74.440  -9.396 0.6000000238
113149  21.127  -74.468  -9.477 0.6000000238
12451  21.976  -74.559  -11.861 0.6000000238
12437  21.340  -74.324  -11.169 0.6000000238
11759  21.377  -75.093  -12.245 0.6000000238
125750  20.385  -74.898  -11.849 0.6000000238
11095  18.698  -76.298  -11.726 0.5000000000
11096  18.137  -77.263  -11.647 0.5000000000
121033  17.946  -76.387  -11.469 0.5000000000
11752  17.465  -75.899  -11.246 0.5000000000
11098  16.781  -76.327  -10.877 0.5000000000
11753  16.887  -75.574  -11.171 0.5000000000
12407  22.692  -74.545  -8.633 0.6000000238
12408  21.575  -74.615  -8.458 0.6000000238
12409  20.496  -74.586  -8.685 0.6000000238
12410  19.544  -74.375  -8.889 0.6000000238
123516  20.686  -74.327  -10.386 0.6000000238
12438  20.205  -74.309  -11.023 0.6000000238
123788  19.646  -74.202  -10.388 0.6000000238
126470  19.821  -74.503  -11.355 0.5000000000
126535  19.087  -74.151  -10.795 0.5000000000
126080  18.343  -75.455  -11.422 0.5000000000
12439  18.185  -73.905  -10.801 0.5000000000
13091  17.600  -73.329  -10.371 0.6000000238
12454  17.677  -74.747  -11.200 0.5000000000
13102  17.247  -73.843  -10.971 0.5000000000
13756  16.732  -72.853  -10.210 0.5000000000
14493  14.985  -71.513  -9.895 0.5000000000
12391  19.897  -74.605  -7.935 0.6000000238
12392  18.880  -74.271  -8.023 0.6000000238
12425  18.568  -73.747  -9.926 0.6000000238
13090  18.335  -73.791  -10.423 0.6000000238
13746  17.217  -72.944  -10.054 0.6000000238
13747  16.463  -72.630  -9.710 0.5000000000
119494  19.497  -74.536  -7.105 0.6000000238
13074  18.121  -73.495  -9.691 0.6000000238
13740  16.324  -72.490  -8.814 0.6000000238
14481  15.701  -71.851  -9.169 0.5000000000
12347  17.923  -74.140  -5.225 0.6000000238
12371  19.130  -74.507  -6.274 0.6000000238
12372  18.148  -74.099  -6.253 0.6000000238
13067  17.210  -73.396  -7.746 0.6000000238
13076  17.046  -73.177  -8.770 0.6000000238
14470  15.675  -71.576  -8.276 0.5000000000
124222  17.241  -73.565  -5.733 0.6000000238
13052  17.195  -73.564  -6.719 0.6000000238
13053  16.485  -72.767  -6.174 0.6000000238
13068  16.643  -72.741  -7.940 0.6000000238
118157  16.213  -71.855  -6.178 0.6000000238
15254  15.796  -70.280  -7.025 0.5000000000
14440  16.570  -71.076  -5.753 0.4000000060
5361  31.792  -85.076  -13.104 0.6000000238
5351  33.875  -85.616  -11.972 0.6999999881
7242  36.860  -82.970  -10.294 0.5000000000
7894  37.559  -82.333  -10.920 0.5000000000
7256  40.150  -81.836  -10.266 0.5000000000
7257  39.535  -81.931  -10.904 0.5000000000
5909  20.502  -84.624  -6.708 0.6000000238
12450  22.963  -74.653  -12.075 0.6000000238
11751  19.434  -75.247  -11.719 0.6000000238
12453  18.803  -74.486  -11.215 0.5000000000
12393  17.926  -74.040  -7.400 0.6000000238
13066  17.871  -73.754  -8.657 0.6000000238
132299  16.333  -72.477  -7.436 0.6000000238
14460  15.740  -71.323  -7.389 0.6000000238
124289  31.834  -95.088  -4.742 0.4000000060
1621  32.323  -94.787  -1.646 0.5000000000
1929  32.586  -94.183  -1.875 0.5000000000
114661  32.565  -94.515  -2.652 0.4000000060
1643  32.454  -94.391  -4.371 0.4000000060
1950  32.707  -93.438  -4.614 0.4000000060
121373  32.281  -94.407  -5.267 0.4000000060
2208  32.509  -93.236  -1.622 0.5000000000
1919  32.867  -94.434  -0.679 0.5000000000
127739  32.483  -92.586  -3.494 0.5000000000
2247  32.852  -92.601  -4.924 0.5000000000
1964  32.991  -92.936  -5.585 0.4000000060
119244  32.110  -91.955  -1.920 0.5000000000
2565  32.328  -92.392  -2.736 0.5000000000
2578  32.218  -91.835  -3.622 0.5000000000
2602  32.909  -91.882  -5.297 0.5000000000
129593  33.106  -92.309  -5.699 0.4000000060
118208  32.772  -91.618  -6.127 0.4000000060
125568  31.697  -91.137  -2.082 0.5000000000
2925  31.496  -90.595  -2.675 0.5000000000
3355  31.304  -90.116  -3.214 0.5000000000
2939  31.674  -90.910  -3.642 0.5000000000
2603  32.268  -91.271  -5.269 0.5000000000
2612  32.657  -91.310  -7.053 0.4000000060
4369  31.625  -88.253  -12.214 0.5000000000
4370  30.617  -88.438  -11.841 0.4000000060
4353  30.109  -87.803  -10.791 0.4000000060
4331  29.536  -87.678  -9.712 0.4000000060
3830  29.490  -88.308  -9.161 0.4000000060
3404  29.929  -89.149  -9.285 0.4000000060
2940  31.172  -90.144  -3.889 0.5000000000
3400  30.075  -89.441  -8.307 0.4000000060
2988  30.945  -90.044  -8.495 0.4000000060
2987  31.808  -90.640  -8.406 0.4000000060
118189  30.420  -89.503  -4.012 0.4000000060
2954  30.782  -90.135  -4.799 0.5000000000
2978  31.797  -90.906  -7.321 0.4000000060
118652  31.819  -91.096  -6.197 0.4000000060
4352  30.953  -87.614  -11.178 0.4000000060
4314  29.618  -87.247  -8.736 0.4000000060
117790  29.596  -88.746  -8.257 0.4000000060
3779  30.182  -88.807  -3.365 0.4000000060
130729  30.136  -89.832  -7.430 0.4000000060
2980  30.300  -90.162  -6.582 0.4000000060
3791  29.611  -88.704  -4.250 0.4000000060
3367  30.013  -89.441  -4.725 0.4000000060
2967  29.959  -89.711  -5.593 0.4000000060
2966  30.890  -90.392  -5.832 0.4000000060
4368  32.696  -88.070  -12.257 0.5000000000
114872  32.077  -87.758  -11.431 0.4000000060
4843  31.390  -87.085  -10.342 0.4000000060
4823  31.095  -86.315  -8.687 0.4000000060
4813  29.952  -86.634  -7.863 0.4000000060
4296  29.483  -87.277  -7.702 0.4000000060
4279  29.375  -87.574  -6.808 0.4000000060
112671  29.639  -89.127  -7.410 0.4000000060
4249  29.105  -87.709  -4.222 0.4000000060
121943  29.171  -88.101  -5.027 0.4000000060
3801  29.406  -88.802  -5.788 0.4000000060
3868  32.891  -87.899  -12.616 0.5000000000
119829  33.371  -87.943  -11.511 0.5000000000
133722  34.059  -88.020  -11.745 0.6000000238
4351  32.482  -87.456  -10.676 0.5000000000
4812  30.672  -86.116  -7.903 0.4000000060
4798  30.242  -86.324  -7.054 0.4000000060
118786  29.812  -86.498  -6.255 0.4000000060
5291  29.620  -86.006  -4.972 0.4000000060
4313  33.250  -87.252  -8.913 0.4000000060
4350  34.426  -87.969  -10.975 0.5000000000
4810  32.769  -86.855  -7.923 0.4000000060
5312  31.165  -86.100  -6.957 0.4000000060
4295  33.662  -87.281  -7.787 0.5000000000
135225  33.266  -86.954  -7.413 0.4000000060
4811  31.748  -86.281  -7.735 0.4000000060
5301  31.575  -85.939  -6.185 0.4000000060
125193  35.102  -87.737  -9.006 0.6000000238
129625  35.667  -87.913  -10.386 0.6000000238
4294  34.591  -87.372  -7.557 0.5000000000
4795  34.255  -86.478  -6.332 0.4000000060
12389  21.503  -74.856  -7.605 0.5000000000
119456  20.231  -74.741  -7.200 0.5000000000
12322  19.155  -74.693  -4.958 0.5000000000
12370  20.967  -74.998  -6.899 0.5000000000
12345  19.530  -74.750  -5.539 0.5000000000
12390  20.771  -74.737  -7.783 0.5000000000
2216  32.577  -93.273  -2.779 0.5000000000
1939  32.677  -93.870  -2.956 0.5000000000
4844  30.376  -87.188  -10.241 0.4000000060
4824  30.283  -86.588  -8.714 0.4000000060
3368  29.550  -88.983  -5.066 0.4000000060
4822  32.050  -86.706  -8.730 0.4000000060
4799  29.614  -86.787  -6.988 0.4000000060
116154  29.337  -87.055  -6.116 0.4000000060
4330  33.385  -87.569  -10.259 0.5000000000
5302  30.619  -86.201  -6.107 0.4000000060
4329  34.351  -87.714  -9.598 0.5000000000
4311  35.247  -87.622  -8.192 0.6000000238
4796  33.316  -86.252  -6.183 0.5000000000
117233  35.827  -87.520  -8.096 0.5000000000
9734  37.514  -78.159  -8.034 0.3000000119
9064  37.692  -79.806  -7.953 0.3000000119
9081  38.178  -79.433  -8.434 0.3000000119
9096  38.066  -78.632  -8.454 0.3000000119
10392  37.109  -77.588  -8.376 0.3000000119
11712  35.298  -76.106  -7.984 0.3000000119
120566  35.708  -76.519  -8.629 0.3000000119
8459  36.994  -80.218  -7.531 0.3000000119
7855  37.431  -81.601  -7.731 0.4000000060
7184  38.123  -82.412  -8.039 0.4000000060
9065  37.052  -79.312  -7.502 0.3000000119
120175  39.180  -82.374  -8.562 0.4000000060
8474  38.469  -80.537  -8.541 0.4000000060
129556  39.283  -84.095  -10.181 0.4000000060
5946  38.147  -85.050  -10.136 0.4000000060
9719  36.297  -78.227  -7.282 0.3000000119
9080  38.770  -79.941  -9.019 0.3000000119
7883  40.192  -82.179  -9.556 0.4000000060
10407  37.255  -77.499  -9.377 0.3000000119
9095  39.013  -79.471  -9.516 0.3000000119
6532  36.782  -83.762  -7.518 0.4000000060
5889  36.704  -85.084  -7.453 0.4000000060
4805  37.586  -87.058  -8.597 0.4000000060
4829  38.056  -86.932  -9.125 0.4000000060
7856  36.511  -81.583  -7.346 0.4000000060
6531  37.790  -83.360  -8.002 0.4000000060
116694  37.684  -84.399  -8.035 0.4000000060
5322  38.354  -86.454  -8.769 0.4000000060
5329  38.446  -86.300  -9.279 0.4000000060
8460  36.210  -79.833  -7.264 0.3000000119
7205  38.890  -83.189  -8.323 0.4000000060
5918  39.200  -84.709  -8.789 0.4000000060
117959  36.501  -86.022  -10.435 0.4000000060
9066  36.278  -78.913  -7.209 0.3000000119
5917  39.553  -84.165  -9.158 0.4000000060
5338  38.375  -85.843  -9.775 0.4000000060
112423  35.952  -77.669  -7.109 0.3000000119
7224  40.082  -82.660  -9.698 0.4000000060
124443  39.987  -80.883  -10.627 0.4000000060
5890  35.705  -85.300  -6.644 0.4000000060
4792  36.413  -86.752  -7.542 0.4000000060
6533  35.904  -84.222  -6.886 0.4000000060
5297  36.194  -86.134  -7.022 0.4000000060
4309  36.752  -87.468  -8.626 0.4000000060
118758  34.537  -80.642  -6.342 0.3000000119
119015  35.939  -82.277  -7.228 0.4000000060
124798  35.174  -77.753  -5.834 0.3000000119
9703  35.569  -78.386  -6.596 0.3000000119
4840  37.759  -86.744  -9.743 0.4000000060
10352  35.353  -77.010  -6.070 0.3000000119
4293  35.396  -87.319  -7.475 0.4000000060
4793  35.747  -86.760  -6.926 0.4000000060
112684  39.752  -79.842  -11.182 0.3000000119
129610  39.572  -79.325  -10.990 0.3000000119
9107  39.628  -79.992  -10.345 0.3000000119
112990  36.981  -86.900  -10.410 0.4000000060
4830  37.263  -87.384  -9.339 0.4000000060
119885  36.409  -87.749  -9.176 0.4000000060
4794  35.002  -86.555  -6.481 0.4000000060
8458  37.661  -80.749  -7.911 0.3000000119
10391  37.858  -77.988  -8.707 0.3000000119
115244  36.426  -76.972  -9.723 0.3000000119
7185  36.891  -82.567  -7.586 0.4000000060
7870  39.313  -81.583  -8.880 0.4000000060
6550  39.242  -83.893  -8.560 0.4000000060
7203  40.066  -82.840  -9.171 0.4000000060
5945  38.958  -84.921  -9.906 0.4000000060
8485  39.381  -80.236  -9.621 0.4000000060
7186  35.895  -83.126  -7.170 0.4000000060
129446  37.129  -86.739  -8.080 0.4000000060
5902  37.818  -85.487  -8.098 0.4000000060
7857  35.643  -81.461  -6.961 0.3000000119
5919  38.637  -84.732  -8.416 0.4000000060
9049  35.541  -79.436  -6.761 0.3000000119
6518  35.110  -83.602  -6.540 0.4000000060
7167  35.094  -82.421  -6.672 0.3000000119
9050  35.016  -79.132  -6.210 0.3000000119
2554  28.955  -91.785  -0.997 0.3000000119
2209  28.726  -92.310  -1.586 0.3000000119
2540  30.018  -92.390  0.011 0.3000000119
2542  28.736  -91.022  -0.826 0.3000000119
2201  29.459  -92.628  -0.723 0.3000000119
2217  28.742  -93.030  -1.992 0.3000000119
2527  30.647  -92.058  0.616 0.3000000119
2887  30.384  -91.111  0.820 0.3000000119
2900  29.201  -90.820  -0.231 0.3000000119
2526  31.515  -92.742  1.099 0.3000000119
135351  29.689  -94.089  -1.277 0.3000000119
1322  32.231  -95.104  -2.515 0.3000000119
3295  31.198  -89.824  2.417 0.3000000119
3314  30.261  -90.146  0.932 0.3000000119
2508  31.126  -91.637  1.269 0.3000000119
2874  30.895  -90.722  1.441 0.3000000119
2888  29.733  -90.541  0.317 0.3000000119
1911  31.028  -94.261  -0.067 0.3000000119
119979  32.677  -95.059  -0.155 0.3000000119
1311  31.969  -95.123  -1.635 0.3000000119
2507  31.933  -92.178  1.688 0.3000000119
2192  31.036  -93.272  0.470 0.3000000119
2172  32.265  -93.231  1.359 0.3000000119
1878  32.333  -94.050  1.111 0.3000000119
1594  32.487  -95.000  0.339 0.3000000119
1602  32.243  -95.353  -0.068 0.3000000119
1909  33.003  -94.508  0.206 0.3000000119
3324  31.686  -89.668  -1.189 0.4000000060
2552  32.305  -92.392  -0.940 0.4000000060
3710  26.298  -88.388  1.932 0.3000000119
3296  26.255  -89.316  2.349 0.3000000119
2901  28.380  -90.109  -0.570 0.3000000119
2911  27.954  -90.548  -1.268 0.3000000119
4152  29.568  -87.370  2.022 0.3000000119
4163  28.971  -87.691  1.508 0.3000000119
126595  27.285  -87.457  1.372 0.3000000119
3719  26.346  -88.739  1.109 0.3000000119
125818  26.163  -89.149  1.537 0.3000000119
3707  31.127  -88.921  2.882 0.3000000119
3717  29.169  -88.384  1.249 0.3000000119
4175  27.664  -87.753  1.058 0.3000000119
3317  26.343  -89.164  0.402 0.3000000119
3304  25.938  -89.684  0.751 0.3000000119
3303  29.902  -89.135  1.207 0.3000000119
3315  29.394  -89.680  0.502 0.3000000119
3745  27.722  -88.704  0.115 0.3000000119
3327  26.317  -89.518  -0.222 0.3000000119
3316  28.489  -89.424  0.027 0.3000000119
2902  27.403  -89.918  -0.876 0.3000000119
1912  29.911  -93.729  -0.689 0.3000000119
1614  30.129  -94.676  -1.684 0.3000000119
112669  30.569  -89.022  2.059 0.3000000119
1899  31.759  -94.471  0.782 0.3000000119
3701  26.728  -87.796  2.866 0.3000000119
132960  26.428  -90.621  -1.607 0.3000000119
3709  29.777  -88.273  1.740 0.3000000119
4673  27.685  -86.891  1.925 0.3000000119
3729  28.700  -88.776  0.686 0.3000000119
3732  26.732  -88.425  0.684 0.3000000119
3328  25.825  -90.095  -0.590 0.3000000119
117164  32.911  -93.608  -0.421 0.3000000119
5794  32.634  -84.544  0.478 0.3000000119
5202  32.370  -85.464  0.416 0.3000000119
4699  31.372  -86.372  -0.316 0.3000000119
4713  30.514  -86.465  -0.827 0.4000000060
4205  30.318  -87.365  -1.440 0.4000000060
3755  30.454  -88.206  -1.957 0.3000000119
3356  30.924  -89.476  -3.257 0.3000000119
130050  31.229  -84.500  -0.247 0.3000000119
5805  30.403  -84.773  -0.830 0.4000000060
4728  29.762  -86.372  -1.492 0.4000000060
4740  29.098  -85.804  -2.661 0.4000000060
3780  29.459  -88.041  -3.506 0.3000000119
5273  30.090  -85.606  -4.500 0.4000000060
129554  28.801  -86.221  -4.021 0.4000000060
4250  28.851  -86.899  -4.280 0.3000000119
5290  30.388  -85.830  -5.280 0.3000000119
126567  36.913  -85.507  -0.133 0.3000000119
5199  35.139  -85.451  0.544 0.3000000119
4697  33.059  -86.204  0.259 0.4000000060
117925  32.066  -86.982  -0.380 0.4000000060
4193  31.412  -87.512  -0.836 0.3000000119
3754  31.010  -88.141  -1.442 0.3000000119
133855  31.426  -89.661  -1.738 0.3000000119
5791  35.107  -84.279  0.553 0.3000000119
6419  33.392  -83.956  0.477 0.3000000119
6420  32.541  -83.741  0.184 0.3000000119
132013  31.283  -83.891  -0.703 0.3000000119
5818  30.457  -84.478  -1.434 0.3000000119
5819  29.878  -84.939  -1.840 0.4000000060
6469  31.752  -83.650  -1.344 0.3000000119
135325  31.759  -84.392  -2.368 0.3000000119
5836  31.192  -84.249  -1.844 0.3000000119
115178  30.333  -84.715  -2.215 0.4000000060
5259  29.322  -85.545  -3.217 0.4000000060
5852  32.297  -84.496  -2.862 0.3000000119
5257  31.824  -85.057  -3.525 0.4000000060
5272  30.995  -85.455  -4.786 0.4000000060
5287  33.566  -85.696  -5.007 0.3000000119
5288  32.894  -85.732  -4.842 0.4000000060
119822  31.987  -85.597  -4.866 0.4000000060
5289  31.325  -85.758  -5.511 0.4000000060
5286  34.176  -85.665  -5.480 0.3000000119
4780  33.302  -85.911  -5.378 0.4000000060
4778  34.396  -86.153  -5.999 0.3000000119
4160  39.108  -87.674  0.095 0.3000000119
4173  39.184  -88.030  -0.921 0.3000000119
3727  37.672  -88.778  -0.394 0.3000000119
124008  37.450  -88.780  -1.098 0.3000000119
5217  37.963  -85.871  -0.749 0.3000000119
4709  38.166  -87.170  -1.730 0.3000000119
4710  36.694  -87.811  -1.060 0.3000000119
4188  36.300  -88.471  -0.936 0.3000000119
6428  37.135  -83.753  -0.603 0.3000000119
132701  37.353  -85.089  -0.345 0.3000000119
5218  37.206  -86.795  -0.639 0.3000000119
4695  35.488  -86.660  0.114 0.3000000119
4174  34.936  -87.396  -0.170 0.3000000119
4191  33.507  -87.945  -0.425 0.3000000119
121040  32.822  -88.548  -0.535 0.3000000119
3743  32.223  -89.121  -0.761 0.3000000119
3323  32.206  -90.088  -0.565 0.3000000119
2898  32.391  -90.965  -0.248 0.3000000119
5790  35.801  -84.039  0.215 0.3000000119
5256  32.799  -84.957  -3.644 0.3000000119
5271  32.475  -85.373  -4.227 0.3000000119
5867  33.344  -84.660  -4.008 0.3000000119
5270  33.205  -85.320  -4.372 0.3000000119
5880  34.243  -84.837  -5.230 0.3000000119
5285  34.814  -85.345  -6.025 0.3000000119
5299  34.706  -86.029  -6.089 0.3000000119
5197  39.618  -86.213  0.345 0.3000000119
4693  39.543  -87.293  -0.652 0.3000000119
4203  38.892  -88.066  -1.937 0.3000000119
3738  37.939  -88.295  -1.497 0.3000000119
5216  38.851  -86.446  -2.022 0.3000000119
4187  37.611  -87.834  -1.499 0.3000000119
134723  32.602  -91.748  0.082 0.3000000119
129944  39.456  -85.501  1.340 0.3000000119
5215  39.930  -86.561  -0.880 0.3000000119
4707  39.754  -87.052  -1.783 0.3000000119
4708  38.999  -87.251  -2.218 0.3000000119
5803  38.525  -85.412  -1.394 0.3000000119
5789  39.696  -85.097  0.665 0.3000000119
5196  40.164  -85.728  -0.443 0.3000000119
4706  40.013  -86.781  -2.504 0.3000000119
4726  39.433  -86.987  -2.277 0.3000000119
2899  31.786  -90.699  -0.820 0.3000000119
3342  31.261  -89.672  -2.424 0.3000000119
4223  29.868  -87.599  -2.073 0.3000000119
4237  28.787  -86.432  -3.653 0.4000000060
5300  32.440  -85.819  -5.646 0.4000000060
6519  34.577  -84.236  -5.981 0.3000000119
5793  33.494  -84.740  0.618 0.3000000119
5203  31.541  -85.506  0.151 0.3000000119
5200  34.088  -85.414  0.573 0.3000000119
5219  30.741  -85.520  -0.403 0.4000000060
4224  29.306  -87.169  -2.594 0.4000000060
5258  30.220  -85.073  -3.084 0.4000000060
117955  35.971  -84.934  0.308 0.3000000119
5198  36.221  -86.059  0.164 0.3000000119
4712  33.890  -87.013  -0.012 0.3000000119
4696  34.556  -86.326  0.329 0.3000000119
4192  32.468  -87.712  -0.529 0.4000000060
124919  32.099  -88.326  -0.753 0.3000000119
6417  35.143  -83.335  0.186 0.3000000119
6431  33.355  -83.218  -0.017 0.3000000119
6432  32.485  -83.230  -0.553 0.3000000119
5853  31.194  -84.664  -2.745 0.4000000060
5881  33.761  -85.130  -4.712 0.3000000119
115383  37.136  -88.443  -1.229 0.3000000119
4711  35.831  -87.679  -0.573 0.3000000119
4189  35.428  -88.278  -0.574 0.3000000119
5866  33.761  -84.334  -4.516 0.3000000119
1323  31.641  -95.456  -2.550 0.3000000119
1368  32.246  -94.847  -6.729 0.5000000000
1603  31.584  -95.178  -0.380 0.3000000119
1611  32.280  -95.063  -0.674 0.3000000119
1612  31.792  -95.174  -0.805 0.3000000119
1632  32.432  -94.864  -3.356 0.4000000060
1653  32.684  -93.715  -5.400 0.4000000060
1877  32.738  -93.352  1.314 0.3000000119
1898  32.208  -94.676  0.880 0.3000000119
1910  32.009  -95.126  0.414 0.3000000119
1920  29.228  -93.289  -1.359 0.3000000119
1970  33.368  -92.813  -6.887 0.5000000000
1979  33.179  -93.364  -7.123 0.5000000000
2191  31.903  -93.966  1.148 0.3000000119
2199  33.115  -93.724  0.288 0.3000000119
2200  30.178  -93.265  -0.158 0.3000000119
2218  28.311  -92.448  -2.397 0.3000000119
2260  33.268  -92.553  -6.322 0.4000000060
2278  33.160  -92.663  -7.350 0.5000000000
2292  32.802  -92.484  -7.859 0.4000000060
2525  33.080  -92.320  0.628 0.3000000119
2528  29.908  -91.419  0.149 0.3000000119
2538  32.734  -92.686  0.005 0.3000000119
2539  32.217  -91.583  -0.527 0.4000000060
2541  29.383  -91.668  -0.427 0.3000000119
2553  31.780  -91.339  -1.258 0.3000000119
2555  28.381  -91.361  -1.486 0.3000000119
2566  31.873  -91.467  -2.804 0.5000000000
2591  32.578  -92.238  -4.326 0.5000000000
2592  32.263  -91.478  -4.488 0.5000000000
2611  33.129  -91.717  -6.792 0.4000000060
2865  31.278  -90.427  2.019 0.3000000119
2873  31.494  -91.182  1.955 0.3000000119
2889  29.039  -90.125  0.013 0.3000000119
2910  31.546  -90.383  -1.704 0.4000000060
2913  26.163  -90.357  -1.252 0.3000000119
2914  25.693  -90.609  -1.147 0.3000000119
2953  31.707  -90.739  -4.535 0.5000000000
2979  31.066  -90.645  -6.671 0.4000000060
3302  30.778  -89.857  1.647 0.3000000119
3325  27.606  -89.339  -0.372 0.3000000119
3326  26.917  -89.476  -0.472 0.3000000119
3332  31.160  -88.971  -1.758 0.3000000119
3333  26.553  -89.927  -0.823 0.3000000119
3343  30.721  -88.839  -2.598 0.3000000119
3391  29.690  -89.449  -6.554 0.4000000060
3416  29.761  -89.423  -10.844 0.4000000060
3424  29.487  -89.990  -11.702 0.4000000060
3433  29.486  -89.906  -12.859 0.6000000238
3441  28.562  -90.038  -13.467 0.6999999881
3444  26.175  -89.661  -12.712 0.5000000000
3448  27.597  -89.875  -13.480 0.6999999881
3718  28.385  -88.025  1.097 0.3000000119
3726  38.567  -88.264  -0.454 0.3000000119
3730  27.697  -88.185  0.665 0.3000000119
3731  27.126  -88.343  0.427 0.3000000119
3737  38.201  -88.471  -1.198 0.3000000119
3744  31.648  -88.626  -1.186 0.3000000119
3746  26.890  -88.895  0.015 0.3000000119
3753  38.543  -88.172  -1.664 0.3000000119
3765  29.897  -88.084  -2.710 0.3000000119
3813  29.413  -88.527  -6.643 0.4000000060
3823  29.430  -88.205  -7.491 0.4000000060
3869  31.942  -88.159  -12.738 0.5000000000
3870  31.075  -88.698  -12.799 0.5000000000
3872  25.220  -88.962  -11.980 0.6000000238
3884  29.290  -89.430  -13.481 0.6999999881
4164  28.117  -87.385  1.391 0.3000000119
4165  26.674  -87.913  1.382 0.3000000119
4176  27.050  -87.888  0.849 0.3000000119
4185  39.240  -87.799  -1.754 0.3000000119
4186  38.848  -88.213  -1.448 0.3000000119
4190  34.502  -88.007  -0.389 0.3000000119
4204  38.512  -87.861  -1.881 0.3000000119
4206  29.565  -86.971  -1.890 0.4000000060
4236  28.978  -87.152  -3.474 0.4000000060
4262  29.193  -87.867  -5.925 0.4000000060
4263  29.045  -87.188  -5.174 0.3000000119
4278  34.824  -86.989  -6.914 0.4000000060
4292  36.247  -87.409  -8.147 0.5000000000
4310  35.792  -87.832  -8.937 0.6000000238
4312  34.377  -87.569  -8.455 0.6000000238
4327  35.952  -87.884  -9.825 0.6000000238
4328  35.325  -87.865  -9.993 0.6000000238
4348  35.856  -87.843  -10.524 0.6999999881
4349  35.289  -88.033  -11.021 0.6000000238
4354  29.655  -88.069  -10.435 0.4000000060
4366  35.075  -87.813  -11.768 0.6999999881
4367  33.703  -87.969  -12.172 0.5000000000
4373  26.384  -88.352  -12.378 0.6000000238
4380  33.646  -87.691  -12.555 0.6000000238
4682  39.391  -87.004  0.582 0.3000000119
4694  36.261  -87.040  -0.343 0.3000000119
4698  32.173  -86.283  0.111 0.3000000119
4727  39.025  -87.743  -2.099 0.3000000119
4729  29.197  -86.323  -2.189 0.4000000060
4752  28.882  -86.381  -2.987 0.4000000060
4753  28.852  -85.961  -3.441 0.4000000060
4763  29.088  -86.415  -4.673 0.4000000060
4779  33.875  -86.047  -5.649 0.3000000119
4781  29.430  -86.535  -5.484 0.4000000060
4797  32.200  -86.024  -6.651 0.4000000060
4806  36.645  -87.116  -8.086 0.4000000060
4807  35.983  -87.218  -7.506 0.4000000060
4808  35.461  -87.015  -7.007 0.4000000060
4809  33.847  -86.909  -6.989 0.4000000060
4831  32.305  -87.045  -9.741 0.4000000060
4832  31.449  -86.695  -9.402 0.4000000060
4833  30.685  -86.725  -9.488 0.4000000060
4834  29.926  -87.047  -9.542 0.4000000060
4835  27.403  -86.568  -9.956 0.5000000000
4845  29.791  -87.464  -10.135 0.4000000060
4853  35.517  -87.326  -11.440 0.6000000238
4861  33.971  -87.148  -12.693 0.6000000238
4863  26.855  -86.747  -13.051 0.5000000000
4869  31.604  -86.714  -13.429 0.6000000238
4871  28.716  -86.242  -13.641 0.6999999881
5201  33.234  -85.418  0.521 0.3000000119
5214  40.279  -86.315  -1.733 0.3000000119
5232  30.109  -85.616  -1.090 0.4000000060
5244  29.607  -85.228  -2.440 0.4000000060
5274  29.202  -85.832  -4.080 0.4000000060
5298  35.377  -86.123  -6.458 0.3000000119
5303  29.920  -86.181  -5.640 0.4000000060
5310  37.887  -86.394  -8.287 0.4000000060
5311  37.059  -86.167  -7.727 0.4000000060
5321  38.850  -85.695  -8.983 0.4000000060
5331  35.586  -85.362  -10.266 0.5000000000
5337  38.760  -85.587  -9.435 0.4000000060
5339  35.933  -86.581  -10.816 0.4000000060
5341  34.216  -85.354  -11.180 0.6999999881
5359  33.993  -86.305  -12.427 0.6999999881
5360  32.615  -85.559  -13.013 0.6000000238
5362  26.714  -85.729  -13.476 0.6999999881
5368  32.166  -85.968  -13.327 0.6000000238
5792  34.260  -84.536  0.653 0.3000000119
5795  31.832  -84.820  0.346 0.3000000119
5804  37.780  -84.648  -0.736 0.3000000119
5817  31.081  -83.887  -1.128 0.3000000119
5835  32.108  -84.110  -2.097 0.3000000119
5907  22.458  -84.706  -7.030 0.5000000000
5923  23.387  -84.219  -9.131 0.5000000000
5931  39.153  -84.914  -9.307 0.4000000060
5932  35.726  -84.616  -9.792 0.5000000000
5944  39.457  -84.160  -9.676 0.4000000060
5954  23.673  -84.343  -10.957 0.5000000000
5965  24.332  -84.506  -11.609 0.5000000000
5973  30.395  -83.996  -12.791 0.6999999881
6418  34.269  -83.656  0.428 0.3000000119
6433  31.823  -83.773  -0.275 0.3000000119
6434  30.764  -84.157  -0.887 0.3000000119
6448  31.717  -83.530  -0.874 0.3000000119
6535  30.293  -82.954  -7.789 0.6000000238
6549  39.687  -83.645  -8.921 0.4000000060
6551  38.556  -83.928  -8.256 0.4000000060
6552  34.542  -82.933  -8.965 0.6999999881
6557  29.831  -83.180  -8.643 0.6999999881
6568  39.817  -83.408  -9.354 0.4000000060
6573  31.499  -83.645  -9.524 0.6000000238
6585  39.672  -83.403  -9.975 0.4000000060
6590  30.340  -83.288  -11.223 0.8000000119
6592  23.920  -83.695  -10.931 0.5000000000
6600  31.185  -83.910  -12.075 0.6999999881
6604  24.250  -84.171  -11.610 0.5000000000
6610  30.797  -83.946  -12.539 0.6999999881
6611  29.376  -83.460  -12.893 0.6999999881
6613  26.874  -83.484  -12.951 0.6000000238
6618  28.362  -83.529  -13.207 0.6999999881
6620  26.663  -84.108  -13.199 0.6000000238
7155  28.687  -82.035  -5.903 0.6000000238
7172  29.245  -82.304  -6.465 0.6000000238
7187  32.959  -81.841  -7.876 0.6999999881
7204  39.682  -83.059  -8.781 0.4000000060
7228  28.342  -82.501  -9.885 0.6999999881
7230  26.836  -81.908  -9.847 0.6999999881
7232  24.090  -82.851  -10.102 0.5000000000
7246  25.427  -83.119  -11.281 0.5000000000
7269  28.188  -82.856  -12.586 0.6000000238
7271  26.408  -83.421  -12.641 0.6000000238
7796  27.853  -80.966  -4.043 0.6000000238
7798  26.436  -81.068  -3.892 0.6000000238
7813  26.906  -81.455  -4.457 0.6000000238
7815  25.237  -81.055  -5.020 0.6999999881
7826  29.060  -81.556  -5.481 0.6000000238
7828  27.443  -81.672  -5.155 0.6000000238
7831  24.977  -81.141  -5.840 0.6000000238
7839  34.770  -81.374  -6.548 0.3000000119
7845  24.755  -81.087  -6.759 0.6999999881
7860  25.239  -81.326  -7.232 0.6000000238
7869  39.965  -81.658  -9.491 0.4000000060
7871  38.408  -81.522  -8.255 0.4000000060
7904  38.863  -81.346  -11.404 0.4000000060
7905  37.668  -81.541  -11.546 0.5000000000
8417  27.549  -80.449  -3.672 0.6000000238
8419  26.182  -80.217  -3.609 0.6999999881
8428  28.844  -80.676  -4.745 0.6000000238
8438  29.945  -80.820  -5.616 0.6999999881
8441  24.038  -80.124  -5.599 0.6999999881
8448  35.371  -80.476  -6.781 0.3000000119
8452  22.815  -80.108  -6.783 0.6999999881
8461  33.117  -80.578  -7.773 0.6999999881
8473  39.378  -80.835  -9.232 0.3000000119
8475  33.734  -80.863  -8.253 0.6999999881
8478  21.464  -80.520  -8.694 0.4000000060
8487  34.702  -80.780  -9.353 0.6000000238
8508  35.106  -80.085  -11.319 0.6000000238
8519  38.026  -79.870  -12.227 0.4000000060
8520  36.954  -80.189  -12.241 0.4000000060
8521  36.025  -80.303  -12.180 0.6000000238
9012  28.594  -79.529  -3.950 0.6000000238
9014  26.989  -79.747  -3.367 0.6999999881
9024  24.665  -80.012  -4.551 0.6999999881
9035  29.492  -79.570  -5.057 0.6999999881
9037  23.623  -79.565  -5.847 0.6999999881
9055  22.453  -79.632  -6.928 0.6000000238
9067  32.844  -79.928  -7.884 0.6999999881
9084  31.655  -78.962  -8.259 0.6999999881
9124  39.471  -79.477  -11.693 0.4000000060
9126  34.256  -79.783  -11.042 0.6000000238
9144  32.622  -79.364  -12.148 0.5000000000
9664  28.376  -78.792  -3.582 0.8000000119
9666  27.034  -78.291  -3.333 0.8000000119
9667  26.171  -78.359  -3.549 0.6999999881
9675  25.063  -78.197  -4.552 0.6999999881
9685  29.903  -78.306  -5.554 0.6000000238
9707  23.336  -78.772  -6.161 0.6999999881
9717  37.678  -78.889  -7.892 0.3000000119
9718  37.003  -78.505  -7.542 0.3000000119
9720  30.878  -78.540  -8.050 0.6000000238
9721  30.277  -78.477  -7.516 0.6000000238
9724  21.720  -79.122  -8.057 0.6000000238
9738  22.075  -78.333  -9.083 0.6000000238
9752  22.497  -78.152  -9.830 0.6000000238
9766  39.279  -78.687  -11.157 0.3000000119
9780  31.534  -78.632  -11.769 0.5000000000
9787  37.169  -78.838  -12.856 0.5000000000
9792  31.738  -78.239  -12.230 0.5000000000
9793  23.519  -78.706  -12.865 0.5000000000
9794  23.332  -78.665  -13.105 0.5000000000
9795  22.832  -78.787  -13.310 0.4000000060
10330  29.137  -77.386  -3.610 0.8000000119
10333  26.745  -77.582  -3.494 0.8000000119
10334  26.115  -77.576  -3.813 0.6999999881
10342  29.541  -77.890  -3.994 0.6000000238
10344  25.140  -77.764  -5.142 0.6000000238
10356  25.553  -77.176  -5.493 0.6000000238
10379  36.678  -77.792  -7.685 0.3000000119
10384  22.821  -77.837  -7.785 0.6999999881
10395  25.193  -76.790  -8.902 0.6000000238
10411  24.932  -77.101  -9.765 0.6000000238
10412  24.208  -77.475  -9.645 0.5000000000
10424  25.153  -76.987  -10.572 0.6000000238
10426  24.520  -77.884  -11.623 0.5000000000
10427  23.995  -77.892  -10.767 0.5000000000
10435  24.696  -77.488  -12.113 0.5000000000
10448  23.267  -78.144  -13.265 0.6000000238
10452  18.539  -77.936  -12.168 0.5000000000
10456  35.756  -77.729  -13.294 0.4000000060
11017  29.329  -76.316  -3.550 0.8000000119
11018  27.378  -76.077  -3.538 0.6999999881
11027  30.265  -76.619  -4.391 0.6999999881
11028  26.419  -76.214  -4.299 0.6999999881
11052  25.701  -76.169  -6.665 0.6999999881
11067  35.902  -76.842  -8.020 0.3000000119
11076  36.376  -77.067  -8.776 0.3000000119
11079  25.289  -76.273  -9.383 0.6000000238
11085  25.106  -76.500  -11.258 0.5000000000
11093  24.862  -76.814  -12.037 0.5000000000
11094  24.535  -76.365  -12.412 0.5000000000
11653  30.279  -75.330  -3.958 0.6000000238
11655  28.979  -75.329  -3.423 0.6000000238
11658  21.739  -75.154  -3.140 0.4000000060
11660  19.889  -75.063  -3.987 0.4000000060
11703  25.815  -75.674  -7.280 0.6000000238
11704  22.443  -75.098  -6.339 0.6000000238
11731  25.051  -75.768  -9.863 0.5000000000
11738  24.855  -75.592  -10.840 0.5000000000
11750  22.559  -75.035  -12.526 0.6000000238
11754  16.090  -75.901  -10.857 0.5000000000
11757  23.887  -76.303  -12.922 0.6000000238
11758  22.991  -75.785  -13.160 0.6000000238
11760  20.344  -75.662  -12.267 0.6000000238
11761  19.509  -76.236  -12.106 0.5000000000
12279  20.453  -74.724  -2.435 0.4000000060
12280  19.515  -74.610  -2.563 0.4000000060
12281  18.482  -74.300  -2.870 0.4000000060
12340  26.497  -74.131  -5.882 0.5000000000
12344  20.054  -74.834  -6.349 0.6000000238
12346  18.740  -74.450  -5.481 0.5000000000
12364  30.858  -75.217  -6.468 0.5000000000
12366  26.153  -74.802  -7.205 0.5000000000
12369  21.973  -75.088  -7.015 0.6000000238
12383  30.894  -74.313  -7.360 0.5000000000
12384  30.853  -75.077  -7.698 0.6000000238
12404  25.434  -74.749  -8.216 0.5000000000
12411  18.672  -74.016  -9.228 0.6000000238
12423  22.729  -74.379  -10.180 0.6000000238
12424  18.748  -73.960  -10.285 0.6000000238
12434  24.144  -74.767  -10.632 0.5000000000
12435  23.490  -74.583  -11.493 0.5000000000
12452  20.863  -74.558  -11.605 0.6000000238
12962  19.944  -73.033  -0.976 0.4000000060
12986  18.241  -73.547  -2.160 0.4000000060
12996  29.062  -73.658  -3.655 0.5000000000
13010  30.391  -73.746  -4.319 0.6000000238
13011  29.753  -73.233  -3.977 0.6000000238
13035  17.188  -73.528  -4.808 0.6000000238
13049  26.206  -73.850  -6.247 0.6000000238
13051  25.339  -73.706  -6.989 0.4000000060
13075  17.588  -73.260  -9.478 0.6000000238
13082  18.180  -73.520  -10.143 0.6000000238
13083  17.696  -73.153  -10.002 0.6000000238
13092  16.752  -73.199  -10.694 0.5000000000
13644  18.559  -71.570  -1.107 0.4000000060
13664  18.243  -72.884  -1.749 0.4000000060
13692  16.913  -72.225  -3.888 0.4000000060
13722  16.109  -72.127  -6.927 0.6000000238
13731  16.115  -72.116  -7.803 0.6000000238
13739  17.077  -72.936  -9.627 0.6000000238
13748  15.756  -72.247  -9.855 0.5000000000
13757  15.308  -72.324  -10.249 0.5000000000
14380  18.065  -72.108  -1.762 0.4000000060
14410  17.493  -71.302  -3.544 0.4000000060
14452  16.052  -71.090  -6.587 0.6000000238
14461  15.349  -70.830  -7.738 0.6000000238
15219  17.499  -70.618  -4.164 0.3000000119
15947  19.802  -69.783  0.048 0.4000000060
15987  15.004  -69.919  -1.209 0.3000000119
16733  21.296  -69.016  0.596 0.4000000060
17500  19.595  -67.256  -0.638 0.4000000060
17502  15.174  -67.611  -0.795 0.3000000119
17503  14.468  -67.927  -0.697 0.3000000119
17517  16.983  -67.681  -1.571 0.3000000119
18275  18.804  -66.319  -1.221 0.4000000060
18276  18.077  -66.333  -1.436 0.4000000060
18278  16.634  -66.797  -1.253 0.3000000119
18279  14.887  -66.577  -0.985 0.3000000119
18280  13.904  -66.840  -1.238 0.3000000119
19078  16.927  -65.223  -1.336 0.4000000060
19081  14.881  -65.658  -1.397 0.3000000119
19112  13.965  -65.076  -4.097 0.3000000119
19113  13.376  -65.419  -4.810 0.4000000060
19115  11.454  -65.710  -5.250 0.3000000119
19131  11.045  -65.588  -6.401 0.3000000119
19142  15.105  -64.881  -7.500 0.3000000119
19146  11.281  -65.479  -7.309 0.3000000119
19946  19.113  -64.509  -1.480 0.4000000060
19985  15.841  -64.563  -5.961 0.3000000119
20004  14.890  -64.760  -8.509 0.3000000119
20005  14.003  -65.139  -8.738 0.3000000119
20014  15.068  -64.237  -8.589 0.3000000119
20782  22.221  -63.730  -1.014 0.3000000119
20789  23.284  -62.969  -0.887 0.3000000119
20793  19.592  -63.613  -1.851 0.3000000119
20808  17.754  -63.485  -2.901 0.3000000119
20817  18.234  -63.463  -4.006 0.3000000119
20827  17.249  -64.059  -4.981 0.3000000119
21697  19.486  -62.436  -4.420 0.3000000119
21709  19.053  -62.337  -4.929 0.3000000119
21711  17.917  -63.263  -5.715 0.3000000119
21721  18.151  -62.661  -5.817 0.3000000119
21722  17.524  -62.734  -6.439 0.3000000119
21733  16.532  -62.597  -7.911 0.3000000119
21743  16.083  -62.715  -8.449 0.3000000119
21744  15.513  -62.694  -8.599 0.3000000119
22658  19.793  -61.948  -4.703 0.3000000119
22683  17.450  -61.747  -7.030 0.3000000119
22691  16.910  -61.675  -7.938 0.3000000119
23607  19.128  -60.766  -5.716 0.3000000119
23627  16.837  -60.770  -8.179 0.3000000119
23639  15.456  -60.895  -8.353 0.3000000119
111756  29.836  -82.663  -7.021 0.6000000238
111833  22.660  -81.865  -8.700 0.5000000000
112401  24.742  -82.937  -10.708 0.5000000000
112886  30.032  -85.054  -1.382 0.4000000060
113182  36.730  -84.438  -0.155 0.3000000119
113313  29.424  -87.919  -8.261 0.4000000060
113514  26.920  -82.112  -10.673 0.6000000238
113654  30.557  -94.617  -0.882 0.3000000119
113666  15.227  -63.610  -8.614 0.3000000119
113710  20.112  -74.370  -9.626 0.6000000238
113776  32.656  -94.059  -3.609 0.5000000000
113964  23.315  -74.417  -10.736 0.5000000000
114120  38.549  -85.660  -8.577 0.4000000060
114159  40.200  -81.559  -9.948 0.4000000060
114635  18.526  -63.204  -4.575 0.3000000119
114747  26.843  -82.555  -11.586 0.5000000000
114851  31.541  -90.705  -5.282 0.5000000000
114882  30.774  -85.239  -3.913 0.4000000060
115071  30.123  -77.565  -5.553 0.6000000238
115098  25.018  -77.023  -6.962 0.6000000238
115169  33.268  -91.987  -6.199 0.4000000060
115179  32.822  -86.587  -7.105 0.4000000060
115228  39.958  -80.925  -9.911 0.4000000060
115342  37.514  -85.966  -10.176 0.4000000060
115377  22.164  -75.340  -3.839 0.4000000060
115387  21.095  -63.641  -1.449 0.3000000119
115421  34.764  -79.883  -6.323 0.3000000119
115675  35.196  -84.551  -6.409 0.3000000119
115745  26.324  -81.603  -7.991 0.6999999881
117052  26.800  -82.922  -12.324 0.6000000238
118052  29.547  -87.244  -13.642 0.6999999881
118088  19.198  -74.126  -9.791 0.6000000238
118141  29.567  -89.553  -11.954 0.5000000000
118339  13.338  -65.565  -8.148 0.3000000119
118445  39.917  -82.352  -9.124 0.4000000060
119126  36.275  -80.752  -7.209 0.3000000119
119144  18.719  -74.331  -6.991 0.6000000238
119173  32.972  -91.618  -7.527 0.4000000060
119357  32.584  -79.355  -11.305 0.6000000238
119523  27.465  -78.958  -3.357 0.6999999881
120022  26.673  -85.741  -12.878 0.6999999881
120447  30.741  -75.960  -7.988 0.6000000238
121523  21.765  -74.334  -10.333 0.6000000238
121840  15.520  -73.951  -10.857 0.5000000000
122794  21.167  -68.273  0.541 0.4000000060
122907  31.222  -82.919  -7.845 0.6999999881
122951  16.529  -72.937  -7.110 0.6000000238
123567  39.172  -83.461  -10.517 0.5000000000
123890  29.301  -81.019  -5.258 0.6000000238
124021  19.331  -65.907  -1.082 0.4000000060
124078  18.736  -61.511  -5.764 0.3000000119
124394  16.466  -65.954  -1.207 0.3000000119
124569  23.100  -78.174  -10.619 0.5000000000
125411  26.973  -87.367  1.869 0.3000000119
125658  22.297  -79.214  -13.117 0.4000000060
125774  30.295  -72.903  -4.396 0.6000000238
125806  36.982  -80.967  -7.489 0.3000000119
125823  28.986  -84.020  -13.318 0.6999999881
125834  24.527  -84.567  -11.658 0.5000000000
126292  29.537  -85.580  -1.830 0.4000000060
126352  29.856  -85.452  -3.758 0.4000000060
126382  32.889  -87.018  -0.183 0.3000000119
126492  30.934  -90.390  -7.486 0.4000000060
126572  28.850  -90.501  -13.067 0.6000000238
127643  36.184  -87.654  -8.575 0.4000000060
128345  17.851  -65.467  -1.358 0.3000000119
128755  32.642  -93.156  -3.830 0.5000000000
128997  19.947  -62.572  -3.468 0.3000000119
129198  33.773  -86.064  0.355 0.4000000060
129783  30.311  -77.024  -5.112 0.6000000238
129999  32.478  -79.219  -10.616 0.6000000238
130049  18.502  -74.493  -3.871 0.5000000000
130200  20.800  -75.118  -6.045 0.6000000238
130322  30.789  -88.675  -13.279 0.6999999881
130642  24.857  -84.321  -12.011 0.5000000000
131336  25.672  -88.365  -11.214 0.5000000000
131491  31.629  -85.362  -4.254 0.4000000060
131542  23.688  -77.923  -6.610 0.6999999881
131612  30.948  -74.701  -5.965 0.6000000238
132022  26.173  -76.978  -4.149 0.6000000238
132229  26.753  -78.925  -3.318 0.6999999881
132307  31.952  -84.202  0.209 0.3000000119
132704  29.369  -87.629  -3.065 0.3000000119
132834  30.005  -78.094  -7.262 0.6000000238
132867  25.391  -84.074  -12.519 0.5000000000
132891  24.953  -80.598  -4.747 0.6000000238
133626  24.022  -77.226  -13.128 0.6000000238
133843  16.313  -63.588  -7.232 0.3000000119
133906  30.329  -76.677  -8.321 0.6000000238
134040  32.519  -94.708  -0.825 0.5000000000
134539  29.021  -87.444  -4.687 0.3000000119
134924  24.733  -73.843  -6.850 0.4000000060
135184  35.436  -81.089  -10.034 0.6000000238
135391  30.969  -84.949  -3.332 0.4000000060
135417  35.567  -77.541  -6.492 0.3000000119
135429  26.478  -88.066  2.422 0.3000000119
135630  17.035  -72.862  -3.406 0.4000000060
