#!ascii label  , from subject bert vox2ras=TkReg
233
20719  38.801  -64.070  4.910 0.0000000000
15169  43.480  -70.432  -0.692 0.0000000000
19828  44.513  -64.827  5.159 0.0000000000
19044  40.915  -65.841  0.846 0.0000000000
18232  49.691  -65.092  0.832 0.0000000000
19890  46.305  -64.076  2.778 0.0000000000
18225  47.052  -66.350  2.405 0.0000000000
17491  42.567  -67.413  -0.332 0.0000000000
18240  37.563  -66.080  -0.326 0.0000000000
19854  41.904  -64.425  4.711 0.0000000000
19916  42.912  -64.788  2.122 0.0000000000
18233  44.326  -65.851  0.236 0.0000000000
16746  46.845  -67.957  -0.663 0.0000000000
15952  50.841  -68.780  -0.147 0.0000000000
20686  38.060  -63.280  6.895 0.0000000000
120494  41.754  -64.132  7.061 0.0000000000
18152  43.444  -66.168  6.776 0.0000000000
19922  36.714  -64.270  1.379 0.0000000000
18211  46.858  -66.111  3.021 0.0000000000
16749  42.692  -68.888  -0.474 0.0000000000
16752  39.865  -68.497  -0.700 0.0000000000
19853  42.884  -64.374  4.713 0.0000000000
19868  44.190  -64.372  3.717 0.0000000000
19038  48.050  -64.313  1.151 0.0000000000
19025  45.839  -64.516  1.580 0.0000000000
19057  46.872  -65.067  0.489 0.0000000000
17488  45.466  -66.926  -0.499 0.0000000000
17486  47.535  -66.289  -0.445 0.0000000000
15164  49.856  -69.899  -0.646 0.0000000000
18945  41.661  -64.947  7.535 0.0000000000
18954  42.932  -65.172  6.650 0.0000000000
18142  42.820  -66.746  7.191 0.0000000000
19918  40.224  -65.245  2.167 0.0000000000
130607  39.341  -65.621  0.933 0.0000000000
19086  36.155  -65.308  -1.877 0.0000000000
19060  35.839  -64.717  -0.747 0.0000000000
18987  46.310  -65.841  4.778 0.0000000000
19867  45.328  -64.269  3.719 0.0000000000
18996  46.891  -65.007  3.409 0.0000000000
19012  47.254  -64.709  2.723 0.0000000000
18223  48.876  -65.374  1.402 0.0000000000
18236  41.289  -66.447  0.351 0.0000000000
18238  39.286  -66.095  0.452 0.0000000000
17493  39.649  -67.585  -0.392 0.0000000000
18271  37.071  -66.969  -1.221 0.0000000000
14357  43.905  -71.272  -0.949 0.0000000000
113631  40.907  -64.498  4.959 0.0000000000
19894  41.569  -64.875  2.844 0.0000000000
19029  41.471  -65.461  1.423 0.0000000000
132125  44.846  -64.343  2.358 0.0000000000
19027  43.398  -65.114  1.488 0.0000000000
19042  42.839  -65.649  0.786 0.0000000000
18256  43.821  -66.486  -0.214 0.0000000000
16748  43.972  -67.938  -0.485 0.0000000000
127928  45.424  -69.055  -0.473 0.0000000000
18250  50.403  -66.264  0.031 0.0000000000
16744  49.206  -67.508  -0.845 0.0000000000
122262  47.382  -68.741  -0.625 0.0000000000
15167  45.326  -70.619  -0.572 0.0000000000
21605  37.332  -63.181  5.039 0.0000000000
20701  38.978  -63.922  5.889 0.0000000000
20684  39.846  -63.435  7.018 0.0000000000
20700  39.905  -64.059  5.998 0.0000000000
19831  41.533  -64.372  5.744 0.0000000000
18971  43.290  -64.761  6.125 0.0000000000
18970  44.084  -64.976  5.770 0.0000000000
17389  45.168  -67.503  6.462 0.0000000000
18167  45.638  -66.606  5.743 0.0000000000
19048  36.796  -65.123  0.151 0.0000000000
128934  37.704  -63.397  4.366 0.0000000000
20729  38.363  -63.832  4.177 0.0000000000
15959  43.080  -69.663  -0.572 0.0000000000
16750  41.823  -68.815  -0.528 0.0000000000
19852  43.855  -64.469  4.532 0.0000000000
19851  44.952  -64.570  4.473 0.0000000000
19037  48.976  -64.689  0.921 0.0000000000
19056  48.313  -64.759  0.519 0.0000000000
130551  47.554  -65.431  -0.033 0.0000000000
18252  48.551  -65.474  -0.087 0.0000000000
14371  49.872  -71.189  -0.825 0.0000000000
18944  42.430  -65.564  7.095 0.0000000000
19030  40.582  -65.526  1.458 0.0000000000
122225  39.741  -65.457  1.484 0.0000000000
19045  40.021  -65.820  0.929 0.0000000000
19955  35.923  -64.676  -1.880 0.0000000000
18997  46.560  -65.426  4.100 0.0000000000
18191  47.070  -65.449  3.201 0.0000000000
18210  47.463  -65.391  2.755 0.0000000000
18209  47.934  -64.767  2.051 0.0000000000
18224  47.966  -65.679  2.186 0.0000000000
18258  41.987  -66.908  -0.058 0.0000000000
18259  40.420  -66.973  0.018 0.0000000000
130612  41.187  -67.127  -0.075 0.0000000000
16753  38.992  -68.239  -0.831 0.0000000000
17510  37.480  -67.494  -1.537 0.0000000000
17511  36.987  -67.132  -1.760 0.0000000000
19855  40.231  -64.430  4.236 0.0000000000
114027  41.100  -64.546  4.054 0.0000000000
19917  41.984  -65.075  2.138 0.0000000000
19891  45.528  -64.111  2.932 0.0000000000
19914  45.678  -64.195  2.268 0.0000000000
19040  44.983  -65.223  0.885 0.0000000000
19026  44.627  -64.770  1.640 0.0000000000
19041  43.876  -65.465  0.819 0.0000000000
18234  43.326  -66.053  0.241 0.0000000000
17487  46.541  -67.109  -0.635 0.0000000000
17489  44.357  -67.103  -0.466 0.0000000000
129146  44.795  -67.756  -0.527 0.0000000000
122260  44.611  -68.720  -0.485 0.0000000000
16747  45.671  -68.066  -0.607 0.0000000000
14326  49.125  -72.341  3.533 0.0000000000
15138  50.919  -69.490  0.958 0.0000000000
112803  50.571  -69.519  1.288 0.0000000000
15927  51.021  -68.803  1.045 0.0000000000
17474  51.011  -67.518  -0.006 0.0000000000
121641  49.942  -66.675  -0.476 0.0000000000
16743  50.123  -67.653  -0.602 0.0000000000
126360  48.940  -70.229  -0.981 0.0000000000
15955  48.065  -69.508  -0.672 0.0000000000
15956  46.866  -69.718  -0.550 0.0000000000
15166  46.390  -70.640  -0.613 0.0000000000
21592  37.276  -63.207  6.249 0.0000000000
20702  38.046  -63.668  6.014 0.0000000000
20667  41.135  -63.753  7.499 0.0000000000
20668  40.626  -63.410  7.816 0.0000000000
20683  40.606  -63.490  7.369 0.0000000000
20699  40.500  -63.757  6.634 0.0000000000
19818  41.227  -63.913  6.723 0.0000000000
19832  40.689  -64.237  5.879 0.0000000000
126782  41.876  -64.349  6.399 0.0000000000
121714  42.368  -64.611  6.502 0.0000000000
18953  44.064  -65.605  6.334 0.0000000000
16627  45.069  -68.935  6.483 0.0000000000
17388  45.662  -68.172  6.178 0.0000000000
18150  45.704  -67.284  6.044 0.0000000000
18239  38.371  -66.041  0.093 0.0000000000
112795  36.999  -65.673  -0.241 0.0000000000
19931  35.750  -64.270  -0.360 0.0000000000
134849  42.374  -68.167  -0.423 0.0000000000
17492  41.625  -67.787  -0.330 0.0000000000
132785  42.446  -64.424  4.212 0.0000000000
19892  43.481  -64.487  2.885 0.0000000000
19913  46.644  -64.135  2.252 0.0000000000
118748  46.952  -64.366  1.485 0.0000000000
19039  46.009  -64.947  0.942 0.0000000000
19058  45.433  -65.592  0.346 0.0000000000
18255  44.826  -66.322  -0.160 0.0000000000
18254  45.782  -65.948  -0.149 0.0000000000
18253  46.566  -66.086  -0.334 0.0000000000
122279  47.495  -67.149  -0.652 0.0000000000
122016  50.476  -69.509  -0.338 0.0000000000
15163  50.300  -70.378  -0.361 0.0000000000
15185  49.698  -70.795  -1.072 0.0000000000
19813  41.491  -64.155  7.571 0.0000000000
19812  42.085  -64.671  7.100 0.0000000000
19031  38.922  -65.309  1.379 0.0000000000
19032  38.046  -65.194  1.177 0.0000000000
19071  36.341  -65.790  -1.404 0.0000000000
19059  36.341  -65.373  -0.609 0.0000000000
19072  35.968  -65.113  -1.302 0.0000000000
126048  35.686  -63.999  -1.675 0.0000000000
18988  45.505  -65.324  4.967 0.0000000000
19850  45.933  -64.890  4.299 0.0000000000
19866  46.303  -64.452  3.468 0.0000000000
19865  46.884  -64.289  2.786 0.0000000000
19024  47.526  -64.347  1.998 0.0000000000
19023  48.515  -64.614  1.211 0.0000000000
18237  40.243  -66.331  0.477 0.0000000000
18260  39.517  -66.787  0.025 0.0000000000
115001  38.089  -66.598  -0.434 0.0000000000
17494  38.665  -67.296  -0.509 0.0000000000
18262  37.372  -66.658  -0.741 0.0000000000
18272  36.681  -66.550  -1.608 0.0000000000
19085  36.515  -65.874  -2.230 0.0000000000
19833  40.054  -64.363  5.115 0.0000000000
19856  39.300  -64.252  4.405 0.0000000000
19915  43.927  -64.566  2.195 0.0000000000
19028  42.393  -65.314  1.434 0.0000000000
19043  41.866  -65.791  0.808 0.0000000000
18235  42.363  -66.257  0.323 0.0000000000
18257  42.902  -66.690  -0.125 0.0000000000
17490  43.427  -67.219  -0.416 0.0000000000
126202  43.106  -68.057  -0.440 0.0000000000
122881  43.579  -68.835  -0.478 0.0000000000
15958  43.996  -69.666  -0.503 0.0000000000
17466  48.867  -66.587  1.545 0.0000000000
115945  49.326  -71.514  2.795 0.0000000000
16718  50.291  -66.971  0.781 0.0000000000
18231  50.127  -65.704  0.594 0.0000000000
18251  49.697  -65.658  -0.014 0.0000000000
122280  48.713  -66.548  -0.639 0.0000000000
16745  48.013  -67.739  -0.683 0.0000000000
121871  49.507  -68.289  -0.780 0.0000000000
122263  48.592  -68.497  -0.765 0.0000000000
122261  46.285  -68.898  -0.526 0.0000000000
122996  44.902  -69.754  -0.458 0.0000000000
15168  44.387  -70.546  -0.581 0.0000000000
14356  44.828  -71.333  -0.900 0.0000000000
22530  35.939  -62.101  4.974 0.0000000000
21593  36.521  -62.723  5.517 0.0000000000
21606  36.573  -62.498  4.516 0.0000000000
20720  38.158  -63.766  5.024 0.0000000000
20650  40.374  -63.293  8.111 0.0000000000
20685  38.853  -63.413  6.933 0.0000000000
20718  39.393  -64.182  5.243 0.0000000000
19830  42.499  -64.439  5.669 0.0000000000
19829  43.520  -64.568  5.340 0.0000000000
18952  45.018  -66.577  6.124 0.0000000000
18969  44.987  -65.718  5.637 0.0000000000
19046  38.635  -65.620  0.688 0.0000000000
19047  37.685  -65.519  0.325 0.0000000000
19926  37.174  -64.925  0.906 0.0000000000
19930  36.108  -64.713  -0.091 0.0000000000
15139  50.259  -70.191  1.430 0.0000000000
15140  49.800  -70.197  1.748 0.0000000000
15942  51.086  -68.800  0.457 0.0000000000
15953  50.215  -68.741  -0.579 0.0000000000
15954  49.250  -69.197  -0.756 0.0000000000
15957  45.814  -69.810  -0.457 0.0000000000
16730  50.988  -67.995  0.400 0.0000000000
16741  51.041  -68.167  0.045 0.0000000000
16742  50.776  -67.935  -0.268 0.0000000000
17485  50.678  -67.051  -0.191 0.0000000000
17495  38.199  -67.870  -1.187 0.0000000000
17496  37.702  -67.245  -0.891 0.0000000000
18261  38.796  -66.538  -0.057 0.0000000000
18263  36.807  -66.221  -0.853 0.0000000000
19055  49.160  -65.007  0.523 0.0000000000
19941  35.617  -64.098  -0.923 0.0000000000
20777  35.629  -63.668  -0.336 0.0000000000
119436  50.691  -66.801  0.280 0.0000000000
126575  40.596  -67.746  -0.339 0.0000000000
135599  35.764  -64.531  -1.315 0.0000000000
