#!ascii label  , from subject bert vox2ras=TkReg
1829
10314  45.429  -78.075  -2.957 0.2000000030
130827  45.605  -77.782  -2.268 0.2000000030
112340  45.366  -77.632  -3.308 0.2000000030
10998  44.073  -76.890  -3.185 0.1000000015
10991  46.300  -76.553  -2.286 0.3000000119
11627  46.226  -76.528  -3.354 0.2000000030
10315  45.123  -78.144  -3.433 0.1000000015
9650  45.084  -78.757  -3.009 0.2000000030
11014  44.950  -76.302  -3.760 0.1000000015
10997  44.857  -77.208  -3.463 0.1000000015
11645  44.183  -76.242  -3.527 0.1000000015
119661  43.389  -75.639  -3.779 0.1000000015
11628  43.336  -76.235  -3.095 0.1000000015
12332  43.149  -75.217  -6.356 0.1000000015
11646  42.679  -75.715  -3.332 0.1000000015
11667  42.491  -75.295  -4.297 0.1000000015
12359  42.750  -75.209  -7.033 0.2000000030
11683  41.941  -75.018  -5.243 0.1000000015
12310  45.953  -74.767  -5.485 0.1000000015
12330  45.935  -74.325  -6.209 0.1000000015
11013  45.647  -76.323  -3.815 0.2000000030
11666  44.238  -75.698  -4.207 0.1000000015
11644  45.232  -75.667  -4.380 0.1000000015
11680  44.401  -75.297  -5.173 0.1000000015
12358  43.581  -75.093  -6.982 0.1000000015
13725  43.097  -73.727  -8.556 0.2000000030
12379  43.216  -74.779  -7.595 0.2000000030
13734  42.909  -73.233  -9.331 0.1000000015
12380  42.394  -74.695  -7.581 0.2000000030
14474  43.212  -72.481  -10.405 0.2000000030
14475  42.636  -72.552  -10.247 0.1000000015
15281  43.290  -72.074  -10.902 0.1000000015
12311  45.072  -74.894  -6.013 0.1000000015
12356  45.201  -74.370  -6.554 0.1000000015
12331  44.018  -75.093  -6.226 0.1000000015
14473  43.334  -72.386  -10.221 0.2000000030
16097  44.239  -71.055  -10.823 0.2000000030
16096  44.525  -69.906  -11.179 0.2000000030
15293  43.947  -71.555  -11.329 0.2000000030
16109  44.122  -70.656  -11.406 0.1000000015
126529  43.878  -70.965  -11.534 0.2000000030
12357  44.435  -74.747  -6.751 0.1000000015
13043  44.820  -74.111  -7.031 0.1000000015
13044  44.007  -74.522  -7.382 0.1000000015
13059  43.562  -74.167  -7.957 0.2000000030
123450  43.224  -72.083  -8.866 0.2000000030
13733  43.136  -73.141  -8.853 0.3000000119
16839  45.521  -68.611  -10.843 0.3000000119
16107  45.100  -69.149  -11.846 0.2000000030
115508  44.032  -70.037  -11.643 0.2000000030
16098  42.126  -69.894  -10.400 0.2000000030
16081  43.648  -70.647  -9.363 0.3000000119
16840  44.942  -69.096  -10.514 0.3000000119
17572  45.786  -67.791  -10.470 0.3000000119
19185  46.727  -66.022  -10.567 0.3000000119
17580  45.863  -68.134  -11.340 0.3000000119
17590  45.619  -68.105  -11.978 0.2000000030
16853  44.012  -68.970  -11.960 0.2000000030
16854  43.133  -69.046  -11.250 0.2000000030
117170  46.007  -65.429  -10.101 0.4000000060
17573  45.194  -68.037  -9.768 0.3000000119
18348  45.624  -67.088  -9.841 0.3000000119
124237  43.861  -69.991  -9.434 0.2000000030
16841  44.318  -69.640  -10.132 0.2000000030
18377  46.252  -67.196  -11.650 0.3000000119
17591  45.114  -68.493  -12.332 0.2000000030
17606  45.472  -67.479  -12.408 0.2000000030
17592  44.495  -68.348  -12.260 0.2000000030
20018  45.607  -64.455  -10.001 0.3000000119
19195  47.181  -65.873  -11.728 0.2000000030
19209  46.015  -65.962  -12.918 0.2000000030
19208  46.791  -66.152  -12.278 0.2000000030
19196  44.969  -66.033  -12.870 0.1000000015
119891  44.821  -67.794  -12.513 0.2000000030
18366  43.240  -67.103  -11.359 0.2000000030
18365  44.149  -67.241  -11.989 0.2000000030
17582  43.107  -68.024  -11.305 0.2000000030
20878  46.636  -63.772  -10.665 0.3000000119
20029  47.025  -64.519  -10.873 0.3000000119
20030  46.543  -65.026  -10.471 0.3000000119
21766  46.488  -62.494  -11.325 0.2000000030
20040  47.335  -64.854  -11.803 0.3000000119
20901  47.295  -63.921  -12.359 0.2000000030
19184  47.249  -65.530  -11.015 0.3000000119
114412  47.000  -65.516  -12.587 0.1000000015
20053  47.144  -64.666  -12.975 0.1000000015
20055  45.289  -65.177  -13.324 0.1000000015
20054  46.346  -65.114  -13.353 0.1000000015
20060  46.560  -64.390  -13.707 0.1000000015
19197  44.068  -66.036  -12.155 0.1000000015
22713  45.787  -62.109  -10.714 0.3000000119
21758  46.490  -63.012  -10.758 0.2000000030
22721  46.140  -61.878  -11.655 0.2000000030
135516  45.448  -60.693  -12.441 0.2000000030
24614  45.499  -60.418  -13.286 0.1000000015
22720  46.802  -62.494  -12.270 0.1000000015
23669  46.001  -61.114  -13.143 0.1000000015
22729  47.065  -62.647  -13.360 0.1000000015
21779  47.211  -63.242  -12.923 0.1000000015
131391  46.213  -64.203  -14.059 0.1000000015
20902  45.126  -64.339  -13.603 0.1000000015
22722  45.498  -61.290  -11.110 0.2000000030
24619  45.799  -59.929  -14.219 0.1000000015
23679  46.435  -60.851  -14.299 0.1000000015
22743  46.637  -61.546  -13.899 0.1000000015
23678  46.958  -61.497  -14.633 0.1000000015
21791  47.099  -63.145  -14.062 0.1000000015
21803  46.847  -62.497  -14.816 0.1000000015
21792  46.451  -63.199  -14.552 0.1000000015
24626  46.519  -59.991  -15.000 0.1000000015
22755  46.655  -61.978  -15.279 0.1000000015
21793  45.438  -63.051  -14.372 0.1000000015
25485  46.109  -59.148  -14.947 0.1000000015
122189  43.443  -75.377  -4.740 0.1000000015
11665  45.325  -75.150  -5.103 0.1000000015
13735  42.449  -73.076  -9.499 0.1000000015
19855  40.231  -64.430  4.236 0.5000000000
19831  41.533  -64.372  5.744 0.5000000000
113631  40.907  -64.498  4.959 0.5000000000
19872  39.583  -64.428  3.572 0.5000000000
19813  41.491  -64.155  7.571 0.2000000030
120494  41.754  -64.132  7.061 0.2000000030
126782  41.876  -64.349  6.399 0.3000000119
19832  40.689  -64.237  5.879 0.5000000000
19833  40.054  -64.363  5.115 0.5000000000
20718  39.393  -64.182  5.243 0.5000000000
20719  38.801  -64.070  4.910 0.5000000000
19856  39.300  -64.252  4.405 0.5000000000
19873  38.837  -64.207  3.680 0.5000000000
19896  39.861  -64.782  2.833 0.5000000000
19029  41.471  -65.461  1.423 0.5000000000
20667  41.135  -63.753  7.499 0.3000000119
20683  40.606  -63.490  7.369 0.3000000119
20700  39.905  -64.059  5.998 0.5000000000
20729  38.363  -63.832  4.177 0.5000000000
19897  38.858  -64.488  2.861 0.5000000000
19919  39.337  -65.040  2.117 0.5000000000
18233  44.326  -65.851  0.236 0.4000000060
18234  43.326  -66.053  0.241 0.5000000000
19042  42.839  -65.649  0.786 0.5000000000
19918  40.224  -65.245  2.167 0.5000000000
18255  44.826  -66.322  -0.160 0.4000000060
18933  41.128  -64.377  7.957 0.3000000119
20668  40.626  -63.410  7.816 0.4000000060
20684  39.846  -63.435  7.018 0.4000000060
20701  38.978  -63.922  5.889 0.5000000000
20720  38.158  -63.766  5.024 0.5000000000
128934  37.704  -63.397  4.366 0.5000000000
20730  37.596  -63.405  3.697 0.5000000000
19898  37.855  -64.245  2.518 0.5000000000
19043  41.866  -65.791  0.808 0.5000000000
19030  40.582  -65.526  1.458 0.5000000000
122225  39.741  -65.457  1.484 0.5000000000
17487  46.541  -67.109  -0.635 0.4000000060
17488  45.466  -66.926  -0.499 0.4000000060
18256  43.821  -66.486  -0.214 0.5000000000
16618  39.123  -68.680  8.696 0.1000000015
17371  39.252  -67.056  8.427 0.1000000015
18131  38.218  -66.170  8.831 0.1000000015
18130  38.890  -66.232  8.535 0.1000000015
18936  38.596  -65.339  8.691 0.1000000015
18129  39.699  -66.227  8.289 0.1000000015
18935  39.453  -65.402  8.445 0.1000000015
19801  38.666  -64.425  8.806 0.1000000015
128047  40.638  -64.729  8.195 0.1000000015
20649  40.921  -63.741  7.894 0.3000000119
20650  40.374  -63.293  8.111 0.4000000060
20669  40.078  -62.965  7.888 0.4000000060
20702  38.046  -63.668  6.014 0.4000000060
21605  37.332  -63.181  5.039 0.5000000000
21618  37.133  -62.896  4.067 0.5000000000
19044  40.915  -65.841  0.846 0.5000000000
18235  42.363  -66.257  0.323 0.5000000000
17489  44.357  -67.103  -0.466 0.4000000060
16745  48.013  -67.739  -0.683 0.5000000000
14226  38.897  -71.112  10.897 0.1000000015
15050  39.069  -70.225  9.549 0.1000000015
15802  39.001  -69.512  9.115 0.1000000015
115682  38.875  -67.802  8.608 0.1000000015
17372  38.304  -67.066  8.834 0.1000000015
18120  37.574  -66.420  9.309 0.1000000015
129797  38.442  -68.954  9.323 0.1000000015
17359  38.180  -68.132  9.164 0.1000000015
18921  37.908  -65.678  8.994 0.1000000015
22483  37.377  -61.941  8.509 0.2000000030
125920  40.199  -65.442  8.218 0.1000000015
18934  40.081  -64.586  8.439 0.1000000015
118571  39.331  -64.501  8.611 0.1000000015
19800  39.167  -63.654  8.693 0.1000000015
21536  38.057  -62.344  8.708 0.2000000030
19799  39.980  -63.660  8.493 0.2000000030
20651  39.559  -63.010  8.299 0.1000000015
21534  39.250  -62.780  8.092 0.2000000030
21555  37.869  -62.366  8.081 0.2000000030
22495  36.595  -61.686  8.077 0.2000000030
115092  39.456  -62.951  7.678 0.3000000119
20686  38.060  -63.280  6.895 0.3000000119
21592  37.276  -63.207  6.249 0.4000000060
19031  38.922  -65.309  1.379 0.5000000000
21606  36.573  -62.498  4.516 0.4000000060
18239  38.371  -66.041  0.093 0.5000000000
19047  37.685  -65.519  0.325 0.5000000000
19032  38.046  -65.194  1.177 0.5000000000
18238  39.286  -66.095  0.452 0.5000000000
19046  38.635  -65.620  0.688 0.5000000000
130607  39.341  -65.621  0.933 0.5000000000
20731  36.930  -62.941  3.286 0.5000000000
18236  41.289  -66.447  0.351 0.5000000000
18237  40.243  -66.331  0.477 0.5000000000
19921  37.498  -64.608  1.712 0.5000000000
17490  43.427  -67.219  -0.416 0.5000000000
18257  42.902  -66.690  -0.125 0.5000000000
19045  40.021  -65.820  0.929 0.5000000000
19920  38.412  -64.837  1.969 0.6000000238
16746  46.845  -67.957  -0.663 0.4000000060
15020  38.568  -70.276  11.385 0.1000000015
15035  38.645  -70.392  10.378 0.1000000015
16596  37.847  -69.077  11.005 0.1000000015
16597  37.550  -68.253  10.735 0.1000000015
17349  37.313  -67.653  11.493 0.1000000015
15787  38.319  -69.588  9.969 0.1000000015
16607  37.877  -68.725  9.986 0.1000000015
16608  37.652  -68.024  9.953 0.1000000015
18922  37.376  -65.513  9.389 0.1000000015
114628  37.974  -64.874  9.003 0.1000000015
20632  37.531  -62.837  9.552 0.1000000015
19782  38.320  -63.781  9.102 0.1000000015
21518  37.866  -62.327  9.126 0.2000000030
21537  37.425  -61.842  9.003 0.2000000030
132355  38.863  -63.179  8.751 0.1000000015
133465  38.269  -62.480  8.912 0.2000000030
21576  37.563  -62.824  7.300 0.3000000119
21578  35.881  -62.179  6.799 0.3000000119
121307  35.839  -61.661  7.368 0.2000000030
21577  36.515  -62.666  6.732 0.3000000119
21593  36.521  -62.723  5.517 0.4000000060
22531  35.493  -61.569  5.498 0.3000000119
22530  35.939  -62.101  4.974 0.4000000060
19930  36.108  -64.713  -0.091 0.5000000000
19927  36.440  -64.504  0.593 0.5000000000
19922  36.714  -64.270  1.379 0.5000000000
21660  35.649  -62.342  0.067 0.5000000000
21651  35.922  -62.496  0.922 0.5000000000
20774  36.122  -63.821  0.953 0.5000000000
21619  36.515  -62.335  3.644 0.5000000000
22587  35.877  -61.633  0.571 0.5000000000
22580  36.054  -61.915  1.344 0.5000000000
20765  36.408  -63.523  1.696 0.6000000238
20744  37.360  -63.580  2.932 0.5000000000
20764  36.999  -63.945  2.172 0.5000000000
121871  49.507  -68.289  -0.780 0.4000000060
122263  48.592  -68.497  -0.765 0.4000000060
122279  47.495  -67.149  -0.652 0.4000000060
18093  36.534  -66.005  12.211 0.1000000015
18092  36.956  -66.823  12.030 0.1000000015
18905  36.114  -65.318  11.678 0.1000000015
18111  36.696  -66.137  10.383 0.1000000015
18909  36.401  -65.376  10.709 0.1000000015
17351  37.297  -67.520  10.434 0.1000000015
118234  37.338  -64.476  9.516 0.1000000015
19783  37.047  -63.665  9.855 0.1000000015
20633  36.874  -62.997  9.948 0.1000000015
22468  36.730  -61.449  9.261 0.2000000030
22485  36.345  -60.778  9.010 0.2000000030
22496  35.975  -61.035  8.207 0.2000000030
26103  40.039  -57.044  2.353 0.2000000030
22513  35.503  -61.666  6.486 0.2000000030
26121  39.744  -57.158  1.402 0.2000000030
26122  38.618  -56.883  1.197 0.2000000030
26123  37.684  -57.116  1.398 0.2000000030
26124  36.892  -57.492  1.784 0.2000000030
26144  39.049  -57.252  0.462 0.2000000030
26145  38.002  -57.369  0.584 0.2000000030
25307  37.124  -57.742  0.924 0.2000000030
25308  36.491  -58.309  1.485 0.2000000030
25288  36.397  -58.061  2.329 0.3000000119
24417  36.104  -59.066  2.280 0.2000000030
24405  35.925  -60.013  2.769 0.4000000060
25326  37.383  -57.922  -0.003 0.2000000030
25327  36.679  -58.488  0.510 0.3000000119
24438  36.245  -59.255  1.276 0.4000000060
131299  35.880  -60.693  3.139 0.5000000000
22554  35.748  -60.986  3.773 0.4000000060
22544  36.068  -61.803  4.072 0.5000000000
23542  36.054  -60.541  -0.670 0.5000000000
23535  35.995  -60.588  0.230 0.4000000060
24453  36.337  -59.496  0.333 0.4000000060
23529  36.022  -60.195  1.132 0.4000000060
121920  35.964  -60.753  1.806 0.5000000000
23513  35.934  -60.784  2.508 0.5000000000
22586  35.999  -61.117  1.210 0.5000000000
21650  36.213  -62.639  1.817 0.5000000000
20745  36.658  -63.190  2.490 0.5000000000
19752  35.611  -65.032  12.630 0.1000000015
135157  36.329  -65.899  13.006 0.1000000015
135580  36.148  -65.571  12.374 0.1000000015
20598  35.230  -64.128  12.302 0.1000000015
19763  35.601  -64.454  11.679 0.1000000015
19775  35.709  -63.914  11.054 0.1000000015
20608  35.290  -63.483  11.632 0.1000000015
20620  36.282  -63.677  10.413 0.1000000015
21506  35.686  -62.268  10.585 0.1000000015
21520  36.291  -61.806  9.908 0.2000000030
22469  36.087  -61.039  9.598 0.2000000030
125332  35.510  -60.404  7.906 0.2000000030
23460  35.316  -60.933  7.128 0.2000000030
26941  39.070  -56.577  1.940 0.2000000030
26942  38.209  -56.576  1.798 0.2000000030
26104  37.394  -56.744  2.230 0.2000000030
23476  35.144  -60.992  6.044 0.2000000030
26927  40.461  -56.939  3.068 0.1000000015
26928  39.470  -56.438  2.723 0.1000000015
26929  38.366  -56.242  2.526 0.1000000015
131003  36.064  -59.373  3.077 0.2000000030
22545  35.644  -61.298  4.587 0.3000000119
23489  35.328  -60.778  5.134 0.2000000030
122984  36.366  -57.873  2.976 0.1000000015
25276  36.231  -58.611  3.026 0.1000000015
122019  35.794  -60.051  3.557 0.3000000119
22579  36.100  -61.606  2.115 0.5000000000
22553  36.061  -61.530  3.144 0.5000000000
21632  36.418  -62.380  2.770 0.5000000000
19733  35.287  -64.864  13.649 0.1000000015
20573  34.433  -63.335  13.489 0.1000000015
21481  34.362  -62.520  12.752 0.1000000015
19753  34.939  -64.194  13.068 0.1000000015
20599  34.751  -63.416  12.493 0.1000000015
21492  35.064  -61.794  11.211 0.1000000015
126371  34.589  -60.920  11.590 0.1000000015
22453  35.627  -61.409  10.335 0.1000000015
23398  35.570  -60.697  10.065 0.2000000030
23414  35.736  -60.245  9.394 0.2000000030
24327  35.526  -59.625  8.872 0.2000000030
23445  35.813  -60.260  8.632 0.2000000030
24342  35.356  -59.691  8.152 0.2000000030
24358  35.130  -60.013  7.285 0.2000000030
130294  34.964  -60.280  6.391 0.2000000030
26912  39.881  -56.291  3.396 0.1000000015
129662  37.474  -56.315  2.985 0.1000000015
26930  36.904  -56.790  2.910 0.1000000015
26090  36.432  -57.274  3.229 0.1000000015
25248  35.050  -59.028  4.883 0.1000000015
119104  35.235  -59.983  4.943 0.2000000030
134999  35.048  -60.371  5.602 0.2000000030
25277  35.943  -58.027  3.663 0.1000000015
24406  35.917  -59.090  3.625 0.1000000015
23503  35.548  -60.444  4.350 0.2000000030
21449  34.277  -62.867  14.356 0.1000000015
117479  34.389  -60.480  14.332 0.1000000015
22432  34.131  -61.567  13.050 0.1000000015
23357  34.168  -60.650  13.382 0.1000000015
116371  34.274  -59.914  12.823 0.1000000015
22443  34.468  -61.721  12.150 0.1000000015
23382  34.645  -60.160  11.080 0.1000000015
112006  34.781  -59.309  10.127 0.1000000015
24308  35.181  -59.479  9.496 0.1000000015
117648  34.737  -58.615  9.689 0.1000000015
24343  34.984  -59.187  7.452 0.2000000030
24359  34.841  -59.434  6.570 0.2000000030
24377  34.798  -58.780  5.849 0.1000000015
115760  41.221  -55.912  4.465 0.1000000015
27726  39.264  -55.760  3.769 0.1000000015
26914  37.584  -55.911  3.558 0.1000000015
24376  34.881  -59.669  5.663 0.2000000030
27728  37.814  -55.572  3.965 0.1000000015
27729  37.117  -55.857  4.128 0.1000000015
26915  36.706  -56.490  3.602 0.1000000015
122434  35.594  -58.783  4.170 0.1000000015
132570  34.652  -59.694  14.296 0.1000000015
24254  34.379  -59.051  13.103 0.1000000015
126163  34.326  -59.186  12.263 0.1000000015
24279  34.451  -59.383  11.387 0.1000000015
25199  34.802  -58.246  9.052 0.1000000015
24328  35.144  -58.930  8.909 0.2000000030
26040  34.787  -57.636  7.995 0.1000000015
25206  34.845  -58.304  8.433 0.1000000015
25217  34.843  -58.385  7.664 0.2000000030
26049  34.801  -57.693  7.122 0.1000000015
25229  34.780  -58.545  6.791 0.2000000030
28575  37.943  -54.748  4.799 0.1000000015
27693  37.065  -54.917  5.028 0.1000000015
27694  36.385  -55.292  5.429 0.1000000015
26882  35.475  -56.430  5.452 0.1000000015
26054  35.128  -56.950  5.915 0.1000000015
26055  34.896  -57.766  6.109 0.1000000015
120841  40.480  -55.939  4.287 0.1000000015
27710  39.650  -55.450  4.305 0.1000000015
27712  37.513  -55.309  4.434 0.1000000015
124295  36.694  -55.540  4.711 0.1000000015
26899  35.707  -56.565  4.674 0.1000000015
26065  35.250  -57.302  5.153 0.1000000015
127732  35.015  -58.196  5.288 0.1000000015
26898  36.323  -56.147  4.353 0.1000000015
26916  36.034  -56.684  4.083 0.1000000015
26078  35.687  -57.271  4.272 0.1000000015
25160  34.620  -58.375  13.317 0.1000000015
25173  34.434  -58.261  12.510 0.1000000015
26010  34.425  -57.784  11.701 0.1000000015
112787  34.337  -58.059  11.103 0.1000000015
26030  34.663  -57.728  9.476 0.1000000015
124309  34.731  -57.651  8.763 0.1000000015
116387  37.865  -53.205  6.698 0.1000000015
29443  37.124  -53.735  6.689 0.1000000015
28540  36.146  -54.427  7.357 0.1000000015
27677  35.503  -55.486  7.442 0.1000000015
26861  34.851  -56.851  8.465 0.1000000015
116978  38.978  -53.459  5.562 0.1000000015
29451  38.375  -53.290  5.997 0.1000000015
28546  37.041  -54.162  6.069 0.1000000015
28547  36.493  -54.400  6.626 0.1000000015
27684  35.607  -55.608  6.620 0.1000000015
26874  35.017  -56.989  6.671 0.1000000015
28554  39.323  -53.950  5.053 0.1000000015
28555  38.345  -54.043  5.345 0.1000000015
28556  37.434  -54.370  5.472 0.1000000015
27683  36.116  -55.091  6.198 0.1000000015
26873  35.349  -56.325  6.251 0.1000000015
26837  35.021  -56.100  10.209 0.1000000015
28503  35.890  -54.681  9.627 0.1000000015
26849  34.904  -56.414  9.272 0.1000000015
28520  35.725  -54.849  8.916 0.1000000015
27664  35.354  -55.483  9.328 0.1000000015
29442  38.553  -52.885  6.626 0.1000000015
29433  36.648  -53.897  7.440 0.1000000015
28533  36.189  -54.236  8.037 0.1000000015
28534  35.813  -54.654  8.374 0.1000000015
26867  35.186  -56.146  7.926 0.1000000015
29441  39.200  -52.873  6.090 0.1000000015
19818  41.227  -63.913  6.723 0.4000000060
20743  38.138  -63.955  3.328 0.5000000000
20699  40.500  -63.757  6.634 0.4000000060
20685  38.853  -63.413  6.933 0.4000000060
118946  39.816  -67.894  8.344 0.1000000015
19798  40.621  -63.940  8.259 0.2000000030
130064  38.259  -69.801  10.907 0.1000000015
17360  37.595  -67.368  9.558 0.1000000015
22484  36.777  -61.438  8.787 0.2000000030
21535  38.657  -62.746  8.536 0.2000000030
125121  38.553  -62.612  8.264 0.2000000030
20670  38.630  -62.784  7.714 0.2000000030
21556  37.083  -62.233  7.748 0.3000000119
21557  36.315  -62.125  7.380 0.2000000030
21594  35.796  -62.303  5.985 0.3000000119
19926  37.174  -64.925  0.906 0.5000000000
16594  37.655  -68.380  11.530 0.1000000015
18104  36.922  -66.868  10.934 0.1000000015
135362  37.005  -66.089  9.768 0.1000000015
18110  37.072  -66.782  10.012 0.1000000015
120010  37.717  -63.480  9.466 0.1000000015
20631  38.272  -62.821  9.142 0.1000000015
21519  37.056  -62.208  9.538 0.1000000015
19928  35.845  -64.078  0.239 0.5000000000
20775  35.730  -63.238  0.420 0.5000000000
119586  35.571  -62.970  -0.353 0.5000000000
18105  36.555  -66.111  11.323 0.1000000015
19774  36.032  -64.598  10.923 0.1000000015
118183  36.598  -64.550  10.199 0.1000000015
135438  40.584  -57.503  2.077 0.2000000030
26105  36.711  -57.338  2.572 0.1000000015
25325  38.416  -57.684  -0.183 0.2000000030
113286  35.901  -60.001  1.963 0.5000000000
114058  36.414  -59.833  -0.517 0.5000000000
25340  36.960  -58.831  -0.469 0.5000000000
20621  35.721  -63.145  10.827 0.1000000015
21491  35.325  -62.667  11.235 0.1000000015
21505  36.311  -62.682  10.215 0.1000000015
19734  34.716  -64.190  13.944 0.1000000015
122101  34.448  -63.599  14.303 0.1000000015
20609  34.788  -62.630  11.880 0.1000000015
120771  34.256  -60.809  12.486 0.1000000015
22454  35.072  -60.854  10.744 0.1000000015
23399  35.097  -60.040  10.225 0.2000000030
130365  35.105  -58.961  8.199 0.2000000030
26896  40.981  -56.490  4.213 0.1000000015
26897  40.172  -56.161  4.004 0.1000000015
26913  38.921  -55.967  3.161 0.1000000015
133753  38.136  -55.937  3.139 0.1000000015
26091  36.088  -57.131  3.709 0.1000000015
24393  35.549  -59.565  4.241 0.1000000015
21461  34.193  -62.284  13.682 0.1000000015
22401  34.242  -62.002  14.520 0.1000000015
22415  34.124  -61.367  13.945 0.1000000015
24244  34.398  -59.784  13.649 0.1000000015
24266  34.355  -60.070  11.935 0.1000000015
24294  34.644  -59.544  10.688 0.1000000015
27711  38.493  -55.306  4.204 0.1000000015
27727  38.379  -55.686  3.614 0.1000000015
25264  35.388  -58.102  4.547 0.1000000015
25145  34.708  -58.943  13.937 0.1000000015
25183  34.353  -58.562  11.624 0.1000000015
25191  34.498  -58.746  10.708 0.1000000015
26019  34.507  -57.774  10.361 0.1000000015
26868  34.954  -56.930  7.546 0.1000000015
28574  38.904  -54.695  4.672 0.1000000015
28557  36.730  -54.684  5.780 0.1000000015
116679  35.775  -55.740  5.815 0.1000000015
27695  35.954  -55.875  5.019 0.1000000015
25999  34.738  -57.333  12.326 0.1000000015
26809  34.699  -57.033  11.517 0.1000000015
26838  34.681  -56.922  10.698 0.1000000015
26850  34.691  -56.988  9.860 0.1000000015
124836  34.716  -57.122  9.160 0.1000000015
29452  37.630  -53.723  5.973 0.1000000015
29432  37.427  -53.349  7.547 0.1000000015
28541  35.754  -54.786  7.741 0.1000000015
28548  35.858  -54.918  6.983 0.1000000015
114822  35.232  -56.248  7.074 0.1000000015
26860  35.119  -56.034  8.658 0.1000000015
28519  36.291  -54.292  8.924 0.1000000015
29431  38.463  -52.804  7.587 0.1000000015
30405  39.061  -52.669  6.879 0.1000000015
18151  44.386  -66.645  6.558 0.1000000015
18952  45.018  -66.577  6.124 0.1000000015
18953  44.064  -65.605  6.334 0.1000000015
18971  43.290  -64.761  6.125 0.1000000015
121714  42.368  -64.611  6.502 0.1000000015
18152  43.444  -66.168  6.776 0.1000000015
18944  42.430  -65.564  7.095 0.1000000015
17389  45.168  -67.503  6.462 0.2000000030
19812  42.085  -64.671  7.100 0.1000000015
18969  44.987  -65.718  5.637 0.2000000030
18970  44.084  -64.976  5.770 0.1000000015
18988  45.505  -65.324  4.967 0.2000000030
18968  45.979  -66.227  5.342 0.2000000030
19828  44.513  -64.827  5.159 0.2000000030
19829  43.520  -64.568  5.340 0.2000000030
19830  42.499  -64.439  5.669 0.3000000119
19852  43.855  -64.469  4.532 0.2000000030
19853  42.884  -64.374  4.713 0.2000000030
19850  45.933  -64.890  4.299 0.2000000030
19851  44.952  -64.570  4.473 0.2000000030
18211  46.858  -66.111  3.021 0.1000000015
18987  46.310  -65.841  4.778 0.2000000030
19854  41.904  -64.425  4.711 0.3000000119
18192  46.717  -66.012  3.724 0.1000000015
18997  46.560  -65.426  4.100 0.1000000015
132785  42.446  -64.424  4.212 0.2000000030
114027  41.100  -64.546  4.054 0.4000000060
18996  46.891  -65.007  3.409 0.2000000030
19866  46.303  -64.452  3.468 0.2000000030
18210  47.463  -65.391  2.755 0.1000000015
18209  47.934  -64.767  2.051 0.2000000030
18191  47.070  -65.449  3.201 0.1000000015
19012  47.254  -64.709  2.723 0.1000000015
19867  45.328  -64.269  3.719 0.2000000030
19868  44.190  -64.372  3.717 0.2000000030
19869  43.030  -64.428  3.776 0.2000000030
19870  41.952  -64.539  3.675 0.4000000060
19893  42.476  -64.663  2.877 0.4000000060
19891  45.528  -64.111  2.932 0.3000000119
19865  46.884  -64.289  2.786 0.2000000030
19890  46.305  -64.076  2.778 0.4000000060
19894  41.569  -64.875  2.844 0.4000000060
19871  40.443  -64.626  3.475 0.4000000060
120957  44.530  -64.295  2.936 0.3000000119
19026  44.627  -64.770  1.640 0.4000000060
19914  45.678  -64.195  2.268 0.3000000119
25287  42.801  -58.264  3.246 0.1000000015
26102  40.980  -57.576  2.757 0.1000000015
117582  41.158  -64.731  3.379 0.4000000060
19916  42.912  -64.788  2.122 0.4000000060
19915  43.927  -64.566  2.195 0.4000000060
132125  44.846  -64.343  2.358 0.3000000119
26101  41.980  -58.069  2.995 0.1000000015
116064  42.755  -58.533  2.828 0.1000000015
26119  41.371  -57.941  2.271 0.1000000015
19895  40.724  -64.964  2.827 0.4000000060
19013  41.092  -65.258  2.159 0.5000000000
19917  41.984  -65.075  2.138 0.5000000000
26120  40.755  -57.713  1.420 0.1000000015
25322  41.759  -58.692  0.818 0.1000000015
25306  41.576  -58.293  1.630 0.1000000015
26143  40.030  -57.621  0.589 0.1000000015
17379  45.035  -68.456  6.741 0.1000000015
18954  42.932  -65.172  6.650 0.1000000015
18141  44.111  -67.458  6.947 0.1000000015
18142  42.820  -66.746  7.191 0.1000000015
18945  41.661  -64.947  7.535 0.1000000015
17388  45.662  -68.172  6.178 0.1000000015
19892  43.481  -64.487  2.885 0.3000000119
129294  42.045  -58.369  2.420 0.1000000015
25323  40.941  -58.117  0.671 0.1000000015
17380  43.238  -67.876  7.477 0.1000000015
14318  32.901  -72.070  2.673 0.1000000015
13603  33.326  -72.530  2.259 0.1000000015
12935  36.811  -73.663  1.421 0.1000000015
13604  32.535  -72.829  2.611 0.1000000015
13623  36.193  -73.018  1.542 0.1000000015
13593  32.335  -72.071  3.161 0.1000000015
128917  31.666  -72.017  3.655 0.1000000015
120835  30.422  -72.779  5.211 0.1000000015
13605  31.763  -72.812  3.237 0.1000000015
6200  28.833  -83.730  18.809 0.1000000015
134236  27.035  -74.106  11.337 0.1000000015
12851  27.442  -73.501  9.213 0.1000000015
14338  35.741  -71.824  1.790 0.1000000015
135686  28.479  -72.801  8.611 0.1000000015
13602  34.066  -72.228  2.016 0.1000000015
13556  29.817  -72.259  7.217 0.1000000015
126410  36.587  -72.196  1.560 0.1000000015
123149  30.229  -72.722  6.053 0.1000000015
12934  37.527  -73.458  1.302 0.1000000015
6184  28.869  -85.013  18.991 0.1000000015
6854  28.610  -82.612  18.564 0.1000000015
6872  28.781  -82.137  17.967 0.1000000015
5042  29.862  -86.099  18.154 0.1000000015
5570  29.445  -85.560  18.462 0.1000000015
6199  29.211  -84.747  18.126 0.1000000015
6853  29.201  -83.238  17.845 0.1000000015
8206  29.305  -80.601  16.252 0.1000000015
10832  28.035  -76.899  14.066 0.1000000015
11495  27.470  -75.231  12.612 0.1000000015
124174  34.308  -71.429  2.261 0.1000000015
14308  32.908  -71.286  3.053 0.1000000015
14300  31.464  -71.314  4.048 0.1000000015
14337  36.489  -71.305  1.825 0.1000000015
133789  38.391  -72.368  1.135 0.1000000015
12933  38.346  -73.711  1.067 0.1000000015
7540  29.203  -82.072  17.233 0.1000000015
5604  30.070  -85.667  16.709 0.1000000015
5588  29.643  -85.562  17.491 0.1000000015
6891  29.843  -83.239  16.783 0.1000000015
7562  29.741  -81.735  16.350 0.1000000015
8829  29.429  -79.483  15.621 0.1000000015
9483  28.776  -78.656  15.464 0.1000000015
119446  28.258  -78.106  15.239 0.1000000015
9498  28.989  -77.980  15.036 0.1000000015
10153  28.622  -77.336  14.524 0.1000000015
11483  29.060  -75.463  13.444 0.1000000015
11484  28.242  -75.375  13.161 0.1000000015
12138  27.809  -74.427  12.347 0.1000000015
130890  28.044  -72.764  11.073 0.1000000015
128281  30.089  -70.745  7.875 0.1000000015
14316  35.120  -71.230  2.151 0.1000000015
15119  32.557  -70.655  3.715 0.1000000015
15120  31.892  -70.789  4.001 0.1000000015
15101  30.709  -70.587  5.648 0.1000000015
14284  30.335  -71.223  6.081 0.1000000015
117891  37.283  -71.626  1.521 0.1000000015
13622  37.365  -72.311  1.407 0.1000000015
113231  30.716  -81.061  15.562 0.1000000015
5052  30.605  -86.088  16.690 0.1000000015
6233  29.852  -84.718  16.653 0.1000000015
6890  30.291  -82.670  16.106 0.1000000015
7561  30.428  -81.824  15.783 0.1000000015
113027  30.291  -80.208  15.587 0.1000000015
9481  30.380  -78.729  15.090 0.1000000015
10152  29.432  -77.426  14.607 0.1000000015
11482  29.936  -75.464  13.598 0.1000000015
5620  30.551  -85.578  16.240 0.1000000015
121980  30.236  -84.956  16.226 0.1000000015
6232  30.354  -83.838  16.074 0.1000000015
111607  30.760  -82.737  15.731 0.1000000015
10831  28.964  -76.784  14.185 0.1000000015
10842  29.436  -76.142  13.849 0.1000000015
12123  28.822  -74.813  13.055 0.1000000015
132424  28.963  -72.803  11.927 0.1000000015
13507  28.238  -73.210  11.700 0.1000000015
14231  28.986  -71.834  11.107 0.1000000015
12834  28.632  -72.481  11.387 0.1000000015
120457  29.480  -71.232  9.245 0.1000000015
14240  28.858  -71.731  10.329 0.1000000015
15863  31.104  -69.726  6.973 0.1000000015
131778  29.847  -70.833  8.631 0.1000000015
14252  28.918  -71.801  9.429 0.1000000015
15118  33.343  -70.427  3.387 0.1000000015
15108  31.396  -70.619  4.553 0.1000000015
15100  31.189  -70.249  5.292 0.1000000015
15130  35.410  -70.514  2.437 0.1000000015
15149  37.218  -70.770  1.815 0.1000000015
119527  39.549  -71.964  0.830 0.1000000015
121626  38.677  -71.911  1.109 0.1000000015
14334  40.148  -71.160  1.150 0.1000000015
14335  39.132  -71.221  1.284 0.1000000015
8224  31.013  -80.498  15.418 0.1000000015
8827  30.937  -79.843  15.348 0.1000000015
5062  30.985  -86.183  16.209 0.1000000015
133794  31.548  -85.614  15.455 0.1000000015
6252  30.698  -84.695  15.847 0.1000000015
6907  31.041  -83.638  15.626 0.1000000015
6906  31.472  -82.664  15.404 0.1000000015
7580  31.119  -81.841  15.483 0.1000000015
8846  30.842  -79.218  15.182 0.1000000015
133818  30.575  -78.128  14.824 0.1000000015
10841  30.385  -76.097  13.964 0.1000000015
5619  31.047  -85.528  15.804 0.1000000015
12121  31.021  -74.457  13.406 0.1000000015
12135  30.140  -74.247  13.178 0.1000000015
12136  29.353  -74.213  12.846 0.1000000015
125963  30.365  -73.028  12.818 0.1000000015
13506  29.729  -72.738  12.346 0.1000000015
13505  30.560  -72.313  12.673 0.1000000015
14221  30.072  -71.841  12.146 0.1000000015
15807  30.916  -69.709  9.278 0.1000000015
15053  30.410  -70.133  9.875 0.1000000015
15117  34.176  -70.179  3.117 0.1000000015
15908  34.643  -69.645  3.558 0.1000000015
15909  33.792  -69.775  3.817 0.1000000015
113486  32.645  -69.802  4.911 0.1000000015
15839  30.837  -69.674  7.890 0.1000000015
118604  30.347  -70.173  8.229 0.1000000015
15907  35.528  -69.454  3.315 0.1000000015
15880  31.593  -69.821  5.672 0.1000000015
15921  35.688  -69.918  2.678 0.1000000015
119328  36.336  -69.552  2.757 0.1000000015
15129  36.301  -70.389  2.242 0.1000000015
14336  38.128  -71.197  1.454 0.1000000015
127624  40.937  -70.555  1.465 0.1000000015
111149  31.907  -86.428  15.397 0.1000000015
111147  31.703  -86.878  15.758 0.1000000015
111152  31.373  -86.695  16.013 0.1000000015
6250  32.362  -83.846  15.128 0.1000000015
113677  31.718  -83.445  15.319 0.1000000015
8845  31.520  -79.371  15.124 0.1000000015
6251  31.468  -84.535  15.407 0.1000000015
7579  31.940  -81.753  15.180 0.1000000015
8244  31.732  -80.246  15.262 0.1000000015
9496  31.183  -78.570  14.878 0.1000000015
112724  31.848  -78.093  14.570 0.1000000015
116716  31.433  -76.099  13.890 0.1000000015
9495  32.062  -78.759  14.769 0.1000000015
124725  32.237  -75.912  13.722 0.1000000015
12120  31.850  -74.342  13.467 0.1000000015
12816  30.654  -73.635  13.139 0.1000000015
13494  31.019  -72.892  13.149 0.1000000015
12815  31.482  -73.643  13.343 0.1000000015
14220  30.928  -71.394  12.482 0.1000000015
15013  30.978  -70.700  11.999 0.1000000015
15038  30.574  -70.304  10.770 0.1000000015
15821  31.308  -69.499  8.540 0.1000000015
15791  31.313  -69.722  10.302 0.1000000015
15894  33.475  -69.638  4.651 0.1000000015
15838  31.571  -69.445  7.699 0.1000000015
131660  35.072  -69.285  3.993 0.1000000015
112909  33.934  -69.511  5.172 0.1000000015
15906  36.359  -69.021  3.547 0.1000000015
15128  37.249  -69.853  2.281 0.1000000015
129770  37.910  -70.398  1.831 0.1000000015
15148  38.697  -70.496  1.652 0.1000000015
15147  40.189  -70.471  1.587 0.1000000015
115629  33.230  -81.042  14.945 0.1000000015
8843  33.226  -79.530  14.645 0.1000000015
111427  32.703  -85.893  14.989 0.1000000015
118602  32.996  -84.612  14.973 0.1000000015
6249  33.233  -83.556  15.025 0.1000000015
6905  32.323  -82.729  15.177 0.1000000015
127460  32.520  -81.204  15.102 0.1000000015
9493  33.310  -78.113  14.305 0.1000000015
111155  32.103  -85.165  15.098 0.1000000015
7601  32.807  -81.830  15.103 0.1000000015
8223  32.065  -80.958  15.193 0.1000000015
9494  32.564  -78.113  14.434 0.1000000015
10839  32.871  -76.235  13.834 0.1000000015
12119  32.457  -74.654  13.696 0.1000000015
10166  32.220  -77.395  14.264 0.1000000015
10840  32.257  -76.576  13.922 0.1000000015
13493  31.912  -72.775  13.430 0.1000000015
15012  31.849  -70.662  12.360 0.1000000015
15024  32.355  -69.931  11.655 0.1000000015
15025  31.349  -70.128  11.425 0.1000000015
115557  33.122  -69.622  7.877 0.1000000015
15806  31.821  -69.415  9.382 0.1000000015
114165  34.028  -69.659  5.925 0.1000000015
15878  33.153  -69.611  5.604 0.1000000015
15837  32.351  -69.502  7.438 0.1000000015
111977  35.174  -69.167  4.723 0.1000000015
15892  35.721  -69.023  4.139 0.1000000015
15920  37.080  -69.131  2.978 0.1000000015
120935  34.772  -81.630  14.714 0.1000000015
5618  33.582  -85.270  14.839 0.1000000015
6922  34.333  -82.457  14.893 0.1000000015
7600  33.752  -81.724  14.987 0.1000000015
8842  34.098  -79.432  14.473 0.1000000015
5061  33.628  -86.544  14.922 0.1000000015
6248  34.089  -84.173  14.891 0.1000000015
6268  33.955  -83.182  14.955 0.1000000015
116358  33.701  -78.758  14.388 0.1000000015
9492  34.014  -78.051  14.233 0.1000000015
10827  33.649  -76.651  14.022 0.1000000015
10149  33.540  -77.450  14.125 0.1000000015
12813  33.066  -73.446  14.222 0.1000000015
125194  32.606  -72.906  13.916 0.1000000015
13492  32.547  -72.272  13.681 0.1000000015
15011  32.783  -70.276  12.204 0.1000000015
15784  32.896  -69.592  10.959 0.1000000015
15790  32.371  -69.416  10.232 0.1000000015
15820  33.348  -69.519  8.767 0.1000000015
15877  34.637  -69.419  5.325 0.1000000015
15091  33.437  -69.735  6.542 0.1000000015
16686  36.512  -68.710  4.549 0.1000000015
16700  37.824  -68.454  3.956 0.1000000015
6267  34.878  -83.304  14.794 0.1000000015
8241  34.570  -80.090  14.555 0.1000000015
7599  34.167  -80.902  14.774 0.1000000015
114629  34.605  -77.970  14.304 0.1000000015
10826  34.478  -76.686  14.384 0.1000000015
11471  34.107  -75.917  14.289 0.1000000015
130038  34.466  -75.292  14.627 0.1000000015
131861  33.855  -73.335  14.452 0.1000000015
123305  33.401  -72.391  14.153 0.1000000015
14217  33.497  -70.922  13.073 0.1000000015
14218  32.802  -70.784  12.771 0.1000000015
15037  34.621  -70.250  10.351 0.1000000015
15010  33.635  -70.370  12.399 0.1000000015
15803  34.121  -69.757  9.057 0.1000000015
15788  34.050  -69.768  9.924 0.1000000015
130958  35.018  -70.879  7.211 0.1000000015
15078  33.724  -69.958  7.338 0.1000000015
15859  35.623  -69.968  6.246 0.1000000015
15860  34.848  -69.830  6.102 0.1000000015
16669  36.297  -68.876  5.453 0.1000000015
131410  38.294  -68.184  4.644 0.1000000015
16697  40.387  -68.180  3.471 0.1000000015
6921  35.427  -82.467  14.643 0.1000000015
7598  35.820  -81.598  14.546 0.1000000015
133583  35.273  -79.035  14.418 0.1000000015
113952  34.926  -77.427  14.452 0.1000000015
120836  36.071  -83.448  14.508 0.1000000015
9491  34.568  -78.685  14.336 0.1000000015
11470  34.826  -75.913  14.788 0.1000000015
13477  34.317  -72.728  14.401 0.1000000015
13491  34.497  -71.970  14.092 0.1000000015
14205  34.733  -71.328  13.471 0.1000000015
14216  34.605  -70.416  12.180 0.1000000015
14263  35.014  -70.998  7.959 0.1000000015
15052  34.625  -70.306  9.433 0.1000000015
15064  34.556  -70.371  8.523 0.1000000015
15875  36.265  -69.363  6.052 0.1000000015
16668  37.031  -68.603  5.379 0.1000000015
17446  40.851  -67.651  4.002 0.1000000015
17444  42.771  -66.920  3.311 0.1000000015
7597  36.763  -81.599  14.431 0.1000000015
8240  36.129  -80.749  14.462 0.1000000015
9490  36.080  -79.069  14.495 0.1000000015
10137  35.750  -77.414  14.869 0.1000000015
10825  35.264  -76.668  14.843 0.1000000015
119557  35.503  -79.851  14.447 0.1000000015
10147  35.364  -78.251  14.470 0.1000000015
124316  35.158  -75.065  15.018 0.1000000015
12108  34.481  -74.447  14.642 0.1000000015
12800  34.734  -73.484  14.584 0.1000000015
14215  35.319  -71.008  12.748 0.1000000015
15036  35.299  -70.703  10.723 0.1000000015
15085  41.700  -70.806  6.533 0.1000000015
15086  40.447  -70.618  6.623 0.1000000015
15087  39.348  -70.445  6.636 0.1000000015
123677  37.290  -70.425  6.549 0.1000000015
15089  36.381  -71.065  6.654 0.1000000015
14262  35.496  -71.604  8.348 0.1000000015
15063  35.117  -70.894  8.870 0.1000000015
15854  40.929  -69.783  6.507 0.1000000015
15855  39.833  -69.643  6.553 0.1000000015
15088  38.352  -70.346  6.572 0.1000000015
14269  35.529  -71.532  7.555 0.1000000015
15853  42.217  -69.978  6.495 0.1000000015
16642  42.729  -69.232  6.266 0.1000000015
16643  41.388  -69.028  6.345 0.1000000015
16666  39.757  -68.404  5.987 0.1000000015
15857  37.918  -69.485  6.388 0.1000000015
126560  36.369  -70.135  6.410 0.1000000015
16663  43.214  -68.503  5.882 0.1000000015
16664  41.825  -68.357  5.974 0.1000000015
16667  38.358  -68.339  5.630 0.1000000015
17408  41.097  -67.839  5.484 0.1000000015
17410  39.197  -68.069  5.290 0.1000000015
17428  44.723  -67.562  5.008 0.1000000015
17430  41.439  -67.407  4.770 0.1000000015
18195  43.762  -66.637  3.617 0.1000000015
8239  37.038  -80.933  14.445 0.1000000015
8840  36.434  -80.014  14.490 0.1000000015
130184  36.748  -79.505  14.630 0.1000000015
8826  36.874  -78.814  14.853 0.1000000015
10146  36.301  -78.138  14.834 0.1000000015
10817  36.094  -76.608  15.301 0.1000000015
11460  35.648  -75.820  15.246 0.1000000015
12094  36.158  -74.871  15.252 0.1000000015
12107  35.417  -74.173  14.909 0.1000000015
13476  35.156  -72.623  14.322 0.1000000015
13490  35.514  -71.849  13.662 0.1000000015
14228  35.898  -71.293  11.054 0.1000000015
13532  35.962  -72.235  8.780 0.1000000015
15051  35.176  -70.820  9.801 0.1000000015
120879  38.834  -71.277  6.605 0.1000000015
14282  37.196  -71.694  6.707 0.1000000015
128971  36.374  -71.849  6.924 0.1000000015
118882  39.932  -71.473  6.626 0.1000000015
16640  44.851  -69.313  6.421 0.1000000015
16662  44.680  -68.801  5.899 0.1000000015
8222  37.806  -80.221  14.949 0.1000000015
113066  37.700  -78.717  15.314 0.1000000015
8825  37.375  -79.508  14.963 0.1000000015
116001  37.574  -77.101  15.509 0.1000000015
11458  37.418  -76.113  15.395 0.1000000015
111734  37.151  -77.989  15.261 0.1000000015
10816  36.843  -76.586  15.426 0.1000000015
11459  36.551  -75.856  15.382 0.1000000015
115344  36.935  -74.285  15.006 0.1000000015
12106  36.189  -73.973  14.988 0.1000000015
13475  36.051  -72.655  14.171 0.1000000015
14227  36.447  -71.913  11.397 0.1000000015
14204  36.127  -71.698  12.811 0.1000000015
13531  36.429  -72.558  9.515 0.1000000015
14237  36.308  -72.094  10.419 0.1000000015
14280  39.331  -72.322  6.524 0.1000000015
14281  38.217  -72.077  6.589 0.1000000015
134578  36.263  -72.576  8.276 0.1000000015
14238  35.673  -71.405  10.158 0.1000000015
14278  42.419  -71.817  6.560 0.1000000015
14268  35.966  -71.903  7.283 0.1000000015
15084  43.008  -71.018  6.554 0.1000000015
9480  38.635  -78.518  15.545 0.1000000015
10135  37.957  -77.939  15.483 0.1000000015
11457  38.050  -75.590  15.174 0.1000000015
12093  37.164  -75.207  15.254 0.1000000015
12797  37.514  -73.887  14.400 0.1000000015
12798  36.631  -73.436  14.475 0.1000000015
12811  37.301  -73.283  13.765 0.1000000015
13488  37.053  -72.764  13.176 0.1000000015
12840  36.877  -72.937  10.172 0.1000000015
13544  36.547  -72.863  8.697 0.1000000015
12849  36.974  -73.271  9.332 0.1000000015
13554  36.657  -72.955  7.835 0.1000000015
118785  41.195  -71.697  6.497 0.1000000015
15851  44.464  -70.175  6.600 0.1000000015
16627  45.069  -68.935  6.483 0.1000000015
10134  38.754  -77.489  15.528 0.1000000015
11456  38.941  -75.915  15.082 0.1000000015
10815  38.334  -76.463  15.396 0.1000000015
126726  39.414  -75.633  14.293 0.1000000015
12117  38.192  -74.211  14.145 0.1000000015
12105  37.856  -74.705  14.777 0.1000000015
123414  38.027  -73.752  13.550 0.1000000015
124544  37.737  -73.251  12.905 0.1000000015
13502  37.327  -72.834  12.340 0.1000000015
13511  37.394  -73.078  11.479 0.1000000015
13553  37.188  -73.196  7.025 0.1000000015
12872  37.328  -73.679  7.590 0.1000000015
12103  39.119  -75.045  13.787 0.1000000015
12104  38.548  -74.670  14.201 0.1000000015
12116  38.734  -74.419  13.290 0.1000000015
12810  38.386  -73.896  12.525 0.1000000015
12825  37.914  -73.472  11.961 0.1000000015
13519  37.353  -73.375  10.707 0.1000000015
12839  37.396  -73.694  9.963 0.1000000015
15074  44.430  -70.683  6.947 0.1000000015
125784  43.346  -71.674  6.806 0.1000000015
13564  38.626  -73.205  6.524 0.1000000015
16628  44.835  -69.351  7.076 0.1000000015
12133  39.322  -75.190  12.684 0.1000000015
12145  38.822  -75.241  11.029 0.1000000015
12134  38.961  -74.715  12.043 0.1000000015
12162  38.248  -74.869  8.935 0.1000000015
12146  38.268  -74.735  10.561 0.1000000015
12824  38.392  -74.290  11.511 0.1000000015
12171  38.628  -75.256  8.158 0.1000000015
131967  37.761  -74.035  10.456 0.1000000015
12848  37.598  -74.036  9.101 0.1000000015
121754  43.877  -71.421  7.039 0.1000000015
14277  42.826  -72.372  6.806 0.1000000015
125085  41.887  -72.722  6.613 0.1000000015
14279  40.586  -72.560  6.510 0.1000000015
13563  39.890  -73.350  6.541 0.1000000015
12871  37.939  -74.184  7.009 0.1000000015
113411  44.316  -68.635  7.343 0.1000000015
11540  39.205  -75.444  7.686 0.1000000015
12152  37.951  -74.482  9.809 0.1000000015
12172  38.578  -75.011  7.300 0.1000000015
126858  41.023  -73.412  6.677 0.1000000015
12880  39.312  -74.147  6.555 0.1000000015
12859  37.872  -74.431  8.004 0.1000000015
132318  38.456  -74.042  6.626 0.1000000015
10853  26.984  -76.003  12.831 0.1000000015
12828  27.591  -73.905  11.787 0.1000000015
116459  28.402  -72.273  10.722 0.1000000015
13522  27.818  -72.759  10.424 0.1000000015
13533  28.318  -72.447  9.177 0.1000000015
12937  34.810  -73.297  1.592 0.1000000015
13545  28.901  -72.284  8.632 0.1000000015
13624  35.374  -72.644  1.634 0.1000000015
14291  30.526  -71.275  5.220 0.1000000015
132602  29.780  -71.763  7.572 0.1000000015
13583  30.573  -72.017  4.808 0.1000000015
127512  31.211  -73.157  3.691 0.1000000015
13574  30.274  -71.992  5.591 0.1000000015
6185  28.507  -84.088  19.688 0.1000000015
12153  26.857  -74.051  10.600 0.1000000015
12147  27.100  -74.625  11.912 0.1000000015
117878  29.437  -72.168  7.954 0.1000000015
6215  29.499  -84.398  17.318 0.1000000015
8225  29.623  -80.209  15.835 0.1000000015
10844  27.426  -76.401  13.490 0.1000000015
15132  33.762  -70.886  2.719 0.1000000015
15109  30.830  -70.728  4.974 0.1000000015
7581  30.005  -80.934  15.819 0.1000000015
9482  29.637  -78.737  15.290 0.1000000015
8828  30.247  -79.395  15.368 0.1000000015
9497  29.879  -78.111  14.919 0.1000000015
12122  29.596  -74.833  13.283 0.1000000015
12827  28.990  -73.514  12.337 0.1000000015
15079  30.470  -70.232  7.431 0.1000000015
14264  29.383  -71.627  8.651 0.1000000015
15131  34.609  -70.662  2.561 0.1000000015
15106  32.978  -69.996  4.098 0.1000000015
10829  30.798  -76.811  14.310 0.1000000015
10830  29.876  -76.788  14.292 0.1000000015
15039  29.914  -70.705  10.319 0.1000000015
15027  30.089  -70.892  11.104 0.1000000015
15066  30.287  -70.144  9.013 0.1000000015
15862  31.690  -69.633  6.294 0.1000000015
125439  31.435  -81.068  15.353 0.1000000015
111992  31.377  -86.344  15.802 0.1000000015
10150  31.211  -77.617  14.563 0.1000000015
11480  31.814  -75.186  13.576 0.1000000015
14229  30.390  -71.138  11.814 0.1000000015
15861  32.470  -69.577  6.498 0.1000000015
133071  32.783  -83.152  15.102 0.1000000015
8844  32.357  -79.526  14.921 0.1000000015
129657  31.594  -76.887  14.205 0.1000000015
115862  32.881  -78.793  14.550 0.1000000015
11479  32.651  -75.459  13.770 0.1000000015
12814  32.328  -73.724  13.691 0.1000000015
13504  31.325  -72.093  13.037 0.1000000015
116868  32.326  -69.395  8.450 0.1000000015
16701  37.139  -68.701  3.800 0.1000000015
117892  39.007  -69.399  2.375 0.1000000015
15126  39.212  -69.961  1.960 0.1000000015
8242  33.646  -80.231  14.722 0.1000000015
8243  32.674  -80.403  14.978 0.1000000015
6923  33.289  -82.631  15.055 0.1000000015
10828  32.948  -76.989  13.924 0.1000000015
11472  33.371  -75.741  14.000 0.1000000015
12118  33.119  -74.916  14.032 0.1000000015
134939  32.242  -71.239  12.938 0.1000000015
15805  32.809  -69.385  9.435 0.1000000015
16670  35.808  -68.906  4.893 0.1000000015
15905  37.788  -68.798  3.253 0.1000000015
10148  34.195  -77.391  14.206 0.1000000015
12801  33.610  -74.187  14.364 0.1000000015
14206  33.878  -71.428  13.603 0.1000000015
15789  33.298  -69.493  10.180 0.1000000015
131963  33.876  -69.759  10.913 0.1000000015
15876  35.510  -69.308  5.583 0.1000000015
16685  37.400  -68.444  4.614 0.1000000015
16699  38.604  -68.446  3.541 0.1000000015
118887  35.159  -80.780  14.551 0.1000000015
135240  34.161  -73.862  14.536 0.1000000015
114039  34.047  -70.028  11.720 0.1000000015
15022  34.663  -70.245  11.279 0.1000000015
15077  34.428  -70.415  7.624 0.1000000015
15076  35.140  -70.557  6.640 0.1000000015
16684  39.216  -68.084  4.280 0.1000000015
16698  39.578  -68.363  3.499 0.1000000015
17447  40.005  -67.942  4.079 0.1000000015
16696  41.173  -67.869  3.267 0.1000000015
15021  35.366  -70.710  11.685 0.1000000015
16647  36.818  -68.910  5.930 0.1000000015
17445  41.882  -67.199  3.874 0.1000000015
131506  39.778  -67.906  4.720 0.1000000015
17431  40.496  -67.705  4.712 0.1000000015
17429  43.023  -66.809  4.165 0.1000000015
12799  35.706  -73.350  14.642 0.1000000015
120700  35.990  -71.344  11.986 0.1000000015
122024  37.956  -71.143  6.624 0.1000000015
16645  39.345  -68.889  6.356 0.1000000015
15858  37.011  -69.405  6.302 0.1000000015
123342  35.774  -70.673  6.555 0.1000000015
14250  35.541  -71.497  9.267 0.1000000015
16644  40.281  -68.945  6.359 0.1000000015
123749  38.503  -68.827  6.244 0.1000000015
15852  43.616  -70.263  6.433 0.1000000015
135624  39.014  -68.422  6.012 0.1000000015
17409  40.142  -68.006  5.390 0.1000000015
16665  40.710  -68.381  6.019 0.1000000015
16641  44.112  -69.468  6.261 0.1000000015
17407  42.243  -67.741  5.484 0.1000000015
123459  42.569  -67.219  4.853 0.1000000015
18194  44.853  -66.720  3.959 0.1000000015
125926  43.575  -67.211  4.786 0.1000000015
14249  35.951  -71.972  9.632 0.1000000015
13565  37.625  -72.727  6.705 0.1000000015
132899  36.951  -72.402  6.900 0.1000000015
12812  36.697  -72.858  13.837 0.1000000015
13512  36.902  -72.421  11.829 0.1000000015
15083  44.042  -71.008  6.692 0.1000000015
15833  44.689  -69.791  6.797 0.1000000015
12860  37.130  -73.549  8.421 0.1000000015
12833  37.842  -73.841  11.110 0.1000000015
19025  45.839  -64.516  1.580 0.3000000119
19027  43.398  -65.114  1.488 0.3000000119
19028  42.393  -65.314  1.434 0.4000000060
19041  43.876  -65.465  0.819 0.3000000119
12247  47.839  -74.103  2.452 0.1000000015
12947  48.233  -73.467  1.550 0.1000000015
13633  49.688  -71.566  0.797 0.2000000030
15164  49.856  -69.899  -0.646 0.3000000119
18259  40.420  -66.973  0.018 0.4000000060
19913  46.644  -64.135  2.252 0.3000000119
122262  47.382  -68.741  -0.625 0.4000000060
129146  44.795  -67.756  -0.527 0.4000000060
15163  50.300  -70.378  -0.361 0.2000000030
15955  48.065  -69.508  -0.672 0.3000000119
16747  45.671  -68.066  -0.607 0.4000000060
16748  43.972  -67.938  -0.485 0.4000000060
18258  41.987  -66.908  -0.058 0.4000000060
12248  47.430  -74.841  2.910 0.1000000015
14371  49.872  -71.189  -0.825 0.3000000119
122260  44.611  -68.720  -0.485 0.4000000060
17491  42.567  -67.413  -0.332 0.4000000060
130884  47.144  -74.558  1.452 0.1000000015
18260  39.517  -66.787  0.025 0.5000000000
132304  49.811  -71.515  -0.430 0.2000000030
15185  49.698  -70.795  -1.072 0.3000000119
126202  43.106  -68.057  -0.440 0.4000000060
19048  36.796  -65.123  0.151 0.4000000060
122261  46.285  -68.898  -0.526 0.4000000060
127928  45.424  -69.055  -0.473 0.4000000060
134849  42.374  -68.167  -0.423 0.4000000060
17492  41.625  -67.787  -0.330 0.4000000060
130612  41.187  -67.127  -0.075 0.5000000000
12255  46.954  -74.778  0.210 0.2000000030
12254  47.493  -74.103  0.763 0.2000000030
12960  48.056  -73.603  -0.327 0.2000000030
121552  49.429  -72.174  0.039 0.2000000030
15956  46.866  -69.718  -0.550 0.3000000119
11611  46.581  -75.217  1.301 0.1000000015
122881  43.579  -68.835  -0.478 0.4000000060
126360  48.940  -70.229  -0.981 0.3000000119
122996  44.902  -69.754  -0.458 0.4000000060
16749  42.692  -68.888  -0.474 0.4000000060
17493  39.649  -67.585  -0.392 0.5000000000
115001  38.089  -66.598  -0.434 0.5000000000
112795  36.999  -65.673  -0.241 0.4000000060
15958  43.996  -69.666  -0.503 0.4000000060
16751  40.862  -68.637  -0.637 0.4000000060
17494  38.665  -67.296  -0.509 0.5000000000
18240  37.563  -66.080  -0.326 0.4000000060
12959  48.947  -72.802  -1.028 0.2000000030
13639  49.511  -71.914  -1.514 0.2000000030
14353  48.747  -71.041  -1.446 0.4000000060
14372  49.454  -71.525  -1.507 0.2000000030
15165  47.690  -70.575  -0.745 0.3000000119
15166  46.390  -70.640  -0.613 0.3000000119
16752  39.865  -68.497  -0.700 0.5000000000
18262  37.372  -66.658  -0.741 0.5000000000
19059  36.341  -65.373  -0.609 0.4000000060
14354  47.208  -71.248  -1.001 0.4000000060
15168  44.387  -70.546  -0.581 0.4000000060
15959  43.080  -69.663  -0.572 0.4000000060
16753  38.992  -68.239  -0.831 0.5000000000
124884  47.073  -75.045  -0.984 0.2000000030
19060  35.839  -64.717  -0.747 0.4000000060
14387  49.254  -71.803  -2.364 0.2000000030
15167  45.326  -70.619  -0.572 0.3000000119
15169  43.480  -70.432  -0.692 0.4000000060
16750  41.823  -68.815  -0.528 0.4000000060
11615  46.559  -75.543  -0.402 0.2000000030
12969  48.948  -72.754  -2.220 0.2000000030
134746  49.204  -71.553  -1.900 0.3000000119
13649  48.304  -71.602  -1.862 0.4000000060
19931  35.750  -64.270  -0.360 0.4000000060
14355  45.910  -71.305  -0.908 0.3000000119
18271  37.071  -66.969  -1.221 0.5000000000
22592  35.764  -61.412  -0.476 0.4000000060
12970  48.367  -73.588  -1.750 0.2000000030
15960  42.200  -69.635  -0.691 0.4000000060
18272  36.681  -66.550  -1.608 0.5000000000
19072  35.968  -65.113  -1.302 0.4000000060
10986  46.165  -76.319  -1.105 0.2000000030
12982  48.397  -73.484  -2.727 0.2000000030
13661  49.165  -72.106  -2.725 0.2000000030
14356  44.828  -71.333  -0.900 0.4000000060
15963  39.383  -68.967  -1.264 0.5000000000
17510  37.480  -67.494  -1.537 0.5000000000
10987  45.649  -76.789  -0.526 0.2000000030
13650  46.666  -71.724  -1.489 0.4000000060
15962  40.193  -69.332  -1.092 0.5000000000
19071  36.341  -65.790  -1.404 0.5000000000
10992  45.837  -77.114  -1.756 0.2000000030
24470  36.986  -59.550  -1.190 0.4000000060
21665  35.601  -62.345  -0.839 0.4000000060
20785  35.597  -63.262  -1.152 0.4000000060
12263  47.658  -74.389  -1.356 0.2000000030
13662  47.399  -71.826  -2.359 0.4000000060
19086  36.155  -65.308  -1.877 0.4000000060
126048  35.686  -63.999  -1.675 0.4000000060
12264  47.155  -75.113  -2.023 0.2000000030
12981  48.808  -72.697  -3.002 0.2000000030
113525  48.887  -71.734  -3.273 0.2000000030
12273  47.760  -74.338  -2.370 0.2000000030
22599  35.870  -60.853  -1.339 0.4000000060
21669  35.580  -62.486  -1.734 0.4000000060
20801  35.729  -63.279  -2.121 0.4000000060
15170  42.610  -70.315  -0.861 0.3000000119
16771  38.011  -68.063  -1.889 0.5000000000
17511  36.987  -67.132  -1.760 0.5000000000
19955  35.923  -64.676  -1.880 0.4000000060
13651  46.154  -72.008  -2.119 0.4000000060
14357  43.905  -71.272  -0.949 0.4000000060
14358  42.997  -70.959  -1.241 0.3000000119
15980  40.524  -70.007  -1.619 0.4000000060
14373  45.496  -71.761  -1.416 0.4000000060
16780  38.616  -68.599  -2.291 0.5000000000
125916  48.430  -73.143  -3.649 0.2000000030
126791  35.706  -61.139  -2.002 0.4000000060
19085  36.515  -65.874  -2.230 0.5000000000
18289  36.879  -66.770  -2.214 0.5000000000
15187  41.385  -70.447  -1.661 0.4000000060
15981  39.787  -69.606  -1.736 0.5000000000
17529  37.411  -67.437  -2.224 0.5000000000
132300  39.137  -69.026  -2.650 0.5000000000
130680  40.167  -70.052  -2.151 0.5000000000
22600  35.633  -61.663  -1.440 0.4000000060
18288  37.354  -66.809  -2.740 0.5000000000
19056  48.313  -64.759  0.519 0.3000000119
19057  46.872  -65.067  0.489 0.3000000119
19058  45.433  -65.592  0.346 0.2000000030
18221  49.896  -65.249  0.863 0.2000000030
18252  48.551  -65.474  -0.087 0.3000000119
17486  47.535  -66.289  -0.445 0.3000000119
18253  46.566  -66.086  -0.334 0.3000000119
18250  50.403  -66.264  0.031 0.2000000030
121641  49.942  -66.675  -0.476 0.2000000030
122280  48.713  -66.548  -0.639 0.2000000030
14352  50.145  -70.960  0.079 0.2000000030
8962  44.447  -79.196  -1.459 0.1000000015
8974  44.461  -79.674  -2.290 0.1000000015
13701  46.878  -71.431  -5.851 0.1000000015
19024  47.526  -64.347  1.998 0.1000000015
118748  46.952  -64.366  1.485 0.2000000030
19039  46.009  -64.947  0.942 0.2000000030
19037  48.976  -64.689  0.921 0.2000000030
19038  48.050  -64.313  1.151 0.2000000030
18224  47.966  -65.679  2.186 0.1000000015
17466  48.867  -66.587  1.545 0.1000000015
19022  49.459  -64.997  0.895 0.2000000030
125488  48.210  -66.405  1.756 0.1000000015
9630  44.634  -78.590  -0.976 0.1000000015
12308  47.609  -73.911  -4.030 0.1000000015
13005  48.231  -73.002  -4.588 0.1000000015
14416  48.433  -71.214  -4.997 0.1000000015
14417  47.913  -70.675  -4.835 0.1000000015
135336  47.013  -74.543  -4.326 0.1000000015
13699  48.096  -71.937  -5.466 0.1000000015
14432  47.824  -71.215  -5.402 0.1000000015
14418  46.888  -70.450  -4.718 0.1000000015
13700  47.454  -71.978  -5.803 0.1000000015
15226  45.832  -70.214  -4.972 0.1000000015
15227  45.015  -69.985  -4.726 0.1000000015
15228  44.397  -69.435  -4.829 0.1000000015
16019  43.749  -68.951  -5.033 0.1000000015
19023  48.515  -64.614  1.211 0.2000000030
18223  48.876  -65.374  1.402 0.1000000015
14375  43.443  -71.494  -1.844 0.3000000119
12274  47.295  -75.144  -2.985 0.1000000015
12287  47.750  -74.165  -3.229 0.1000000015
13670  48.843  -72.168  -3.517 0.1000000015
119206  47.917  -71.449  -3.242 0.1000000015
14390  45.716  -71.792  -2.811 0.2000000030
125607  43.179  -71.368  -2.766 0.3000000119
15215  41.348  -70.468  -3.051 0.3000000119
16009  40.093  -69.612  -3.316 0.3000000119
9643  44.965  -78.999  -2.074 0.1000000015
11642  46.790  -75.762  -3.584 0.1000000015
115800  48.355  -70.905  -4.426 0.1000000015
14403  46.423  -71.016  -3.855 0.1000000015
127794  44.177  -71.371  -3.200 0.2000000030
16008  40.976  -69.660  -3.691 0.3000000119
14419  45.734  -70.507  -4.467 0.1000000015
16006  42.689  -69.702  -4.147 0.2000000030
16022  41.197  -68.741  -4.414 0.3000000119
15229  43.681  -69.398  -4.529 0.1000000015
16793  42.095  -68.423  -4.814 0.2000000030
17545  40.648  -67.431  -4.842 0.4000000060
16020  42.953  -68.858  -4.798 0.1000000015
17551  41.803  -67.365  -5.460 0.3000000119
17403  45.920  -67.642  5.846 0.1000000015
18179  46.245  -66.716  5.137 0.1000000015
18301  37.122  -66.104  -2.868 0.4000000060
17528  38.168  -67.933  -2.702 0.4000000060
15216  40.441  -70.066  -2.815 0.3000000119
16789  39.518  -69.123  -3.360 0.4000000060
17537  38.445  -67.584  -3.624 0.4000000060
112960  39.558  -68.446  -4.093 0.4000000060
17546  38.893  -67.092  -4.325 0.4000000060
16794  40.463  -68.169  -4.506 0.4000000060
18310  40.281  -66.855  -5.089 0.5000000000
17544  41.387  -67.830  -4.909 0.3000000119
18319  40.714  -66.424  -5.654 0.5000000000
17549  42.898  -68.019  -5.776 0.2000000030
16799  43.185  -68.473  -5.350 0.1000000015
17552  41.114  -67.050  -5.237 0.4000000060
111556  43.624  -69.564  -6.465 0.1000000015
128765  43.218  -68.362  -6.006 0.1000000015
17550  42.414  -67.625  -5.701 0.2000000030
14445  43.967  -71.381  -6.773 0.1000000015
17555  42.813  -67.552  -6.271 0.2000000030
13716  44.217  -72.489  -7.014 0.1000000015
15257  43.516  -70.868  -7.291 0.1000000015
115118  36.474  -64.266  -3.352 0.4000000060
114576  36.017  -64.067  -2.452 0.3000000119
19094  36.810  -65.262  -3.100 0.4000000060
18299  38.219  -66.739  -3.907 0.4000000060
18300  37.659  -66.395  -3.420 0.4000000060
18312  38.682  -66.239  -4.563 0.4000000060
19108  37.644  -65.230  -4.509 0.4000000060
18311  39.448  -66.591  -4.848 0.4000000060
19122  39.487  -65.591  -5.749 0.4000000060
18321  39.098  -65.845  -5.164 0.4000000060
18320  39.841  -66.220  -5.490 0.5000000000
19121  40.253  -65.725  -6.143 0.4000000060
18317  42.117  -67.116  -5.946 0.3000000119
18318  41.576  -66.686  -5.904 0.4000000060
18328  41.118  -66.041  -6.267 0.4000000060
16815  43.437  -68.405  -7.484 0.2000000030
18326  42.298  -66.618  -6.463 0.2000000030
113872  43.578  -69.639  -8.187 0.1000000015
16067  43.492  -69.924  -7.417 0.2000000030
12360  41.911  -74.919  -6.802 0.1000000015
20812  36.430  -63.459  -3.887 0.4000000060
20800  36.170  -63.211  -3.029 0.4000000060
20821  37.050  -63.724  -4.935 0.4000000060
19124  38.006  -64.755  -5.229 0.4000000060
19970  37.295  -64.436  -4.771 0.4000000060
19980  38.430  -64.089  -5.727 0.4000000060
19138  39.624  -64.984  -6.242 0.4000000060
19123  38.885  -64.985  -5.557 0.4000000060
19990  39.902  -64.178  -6.855 0.3000000119
19989  41.085  -65.010  -7.073 0.4000000060
19137  40.373  -64.997  -6.701 0.4000000060
19135  42.233  -65.907  -7.025 0.3000000119
19136  41.502  -65.636  -6.842 0.4000000060
17565  43.557  -67.712  -7.935 0.2000000030
17558  43.203  -67.518  -6.984 0.2000000030
18325  42.889  -66.952  -6.691 0.2000000030
114037  43.427  -70.801  -8.452 0.2000000030
12335  40.719  -74.431  -5.914 0.1000000015
12334  41.433  -74.865  -5.888 0.1000000015
12381  41.467  -74.354  -7.322 0.1000000015
22616  35.691  -61.819  -2.247 0.3000000119
125634  36.301  -62.679  -3.886 0.4000000060
21679  36.107  -62.108  -3.086 0.3000000119
20822  36.663  -63.086  -4.634 0.4000000060
22668  37.243  -61.723  -5.454 0.4000000060
20831  37.264  -63.109  -5.329 0.4000000060
20830  38.076  -63.172  -5.810 0.4000000060
19991  39.135  -64.181  -6.168 0.4000000060
19992  38.731  -63.510  -6.128 0.4000000060
20850  39.920  -63.265  -7.311 0.4000000060
20840  39.294  -63.395  -6.635 0.3000000119
19161  42.734  -64.626  -8.170 0.3000000119
19998  41.955  -64.089  -8.022 0.3000000119
20848  41.290  -63.501  -7.896 0.3000000119
19999  41.233  -64.327  -7.546 0.3000000119
20849  40.591  -63.769  -7.465 0.3000000119
18338  44.690  -66.945  -8.990 0.2000000030
125695  43.855  -67.092  -8.327 0.2000000030
19160  43.676  -65.657  -8.269 0.3000000119
19150  42.900  -65.529  -7.717 0.2000000030
19151  41.922  -65.048  -7.535 0.3000000119
17564  44.261  -67.862  -8.824 0.2000000030
19149  43.319  -66.109  -7.753 0.2000000030
23552  36.151  -60.470  -2.193 0.3000000119
24491  36.789  -60.026  -2.818 0.3000000119
22615  35.962  -61.202  -2.706 0.3000000119
23565  36.437  -60.655  -3.102 0.4000000060
21680  35.826  -62.578  -2.448 0.3000000119
23604  36.824  -60.528  -5.025 0.3000000119
24529  36.667  -60.028  -4.416 0.4000000060
23616  37.702  -60.663  -5.940 0.4000000060
24539  37.204  -60.170  -5.514 0.4000000060
22669  36.825  -61.431  -4.939 0.4000000060
23615  38.161  -60.349  -6.340 0.4000000060
22679  37.699  -61.484  -5.864 0.4000000060
128832  38.975  -61.159  -6.859 0.3000000119
21729  38.811  -61.868  -6.719 0.4000000060
124571  38.180  -62.013  -6.189 0.4000000060
112425  41.909  -62.330  -8.621 0.3000000119
22695  41.398  -61.580  -8.421 0.2000000030
21739  40.689  -61.834  -8.043 0.2000000030
22686  40.089  -61.276  -7.770 0.2000000030
21728  39.417  -62.531  -7.104 0.3000000119
21737  42.693  -62.864  -8.845 0.3000000119
21738  41.385  -62.825  -8.182 0.3000000119
116622  40.635  -62.794  -7.824 0.2000000030
129086  39.965  -62.698  -7.543 0.2000000030
18349  45.158  -66.303  -9.439 0.2000000030
20019  44.552  -64.343  -9.379 0.3000000119
20010  43.570  -64.244  -8.795 0.3000000119
124445  43.415  -65.021  -8.324 0.3000000119
24478  37.560  -59.409  -1.855 0.3000000119
117006  36.376  -60.148  -1.315 0.3000000119
24479  36.826  -59.814  -2.011 0.3000000119
24555  38.412  -59.625  -6.562 0.3000000119
25430  40.543  -58.645  -7.937 0.2000000030
25420  39.994  -58.618  -7.393 0.2000000030
116507  39.184  -59.866  -7.044 0.2000000030
24564  38.949  -59.184  -6.978 0.2000000030
24573  41.540  -59.355  -8.677 0.2000000030
22696  40.854  -60.954  -8.133 0.2000000030
23622  40.262  -60.384  -7.747 0.2000000030
125298  39.823  -59.933  -7.349 0.2000000030
24469  37.639  -58.985  -1.227 0.2000000030
14454  43.424  -72.305  -7.670 0.1000000015
19170  45.110  -65.375  -9.504 0.3000000119
16827  44.477  -68.666  -9.586 0.2000000030
18254  45.782  -65.948  -0.149 0.3000000119
16744  49.206  -67.508  -0.845 0.2000000030
18167  45.638  -66.606  5.743 0.1000000015
19040  44.983  -65.223  0.885 0.2000000030
14388  48.664  -71.554  -2.922 0.1000000015
14374  44.453  -71.722  -1.676 0.3000000119
14401  48.469  -71.269  -3.781 0.1000000015
15200  41.501  -70.678  -2.349 0.2000000030
14391  44.734  -71.685  -2.624 0.2000000030
18232  49.691  -65.092  0.832 0.2000000030
130551  47.554  -65.431  -0.033 0.3000000119
18231  50.127  -65.704  0.594 0.1000000015
18251  49.697  -65.658  -0.014 0.2000000030
14433  46.462  -70.629  -5.348 0.1000000015
12288  47.154  -74.875  -3.710 0.1000000015
13006  47.263  -73.683  -4.878 0.1000000015
13671  48.633  -72.346  -4.202 0.1000000015
14402  47.716  -70.774  -4.029 0.1000000015
129480  47.317  -70.728  -5.219 0.1000000015
15213  44.240  -69.909  -4.277 0.1000000015
14389  46.846  -71.747  -3.022 0.2000000030
14392  42.169  -70.996  -2.735 0.3000000119
14404  44.698  -70.656  -4.040 0.2000000030
14406  42.850  -70.928  -3.332 0.3000000119
16788  40.239  -69.042  -3.992 0.4000000060
17536  39.014  -67.881  -4.098 0.4000000060
14405  43.706  -70.840  -3.603 0.3000000119
16007  41.823  -69.970  -3.740 0.3000000119
16021  41.958  -69.265  -4.329 0.3000000119
19963  36.992  -64.832  -4.007 0.4000000060
19107  38.396  -65.523  -4.892 0.4000000060
117376  43.371  -68.898  -6.843 0.2000000030
16807  43.158  -68.049  -6.497 0.2000000030
19971  36.751  -63.983  -4.309 0.4000000060
18313  37.997  -65.953  -4.182 0.4000000060
21694  36.545  -62.160  -4.489 0.4000000060
18333  42.867  -66.298  -7.142 0.2000000030
18339  43.839  -66.391  -8.305 0.2000000030
22653  36.496  -61.409  -4.222 0.4000000060
22635  36.295  -61.341  -3.479 0.4000000060
20860  41.981  -63.221  -8.335 0.3000000119
19159  44.460  -65.927  -8.834 0.2000000030
20009  44.167  -65.057  -8.771 0.2000000030
24516  36.690  -60.040  -3.597 0.4000000060
22678  38.322  -61.148  -6.370 0.4000000060
22687  39.434  -61.611  -7.287 0.2000000030
22694  42.169  -61.423  -8.930 0.2000000030
23630  41.629  -60.653  -8.641 0.2000000030
23631  40.984  -60.006  -8.268 0.2000000030
23581  36.539  -60.711  -3.882 0.3000000119
133190  37.164  -59.050  -3.807 0.3000000119
24490  37.476  -59.549  -2.688 0.2000000030
17474  51.011  -67.518  -0.006 0.1000000015
15927  51.021  -68.803  1.045 0.1000000015
15952  50.841  -68.780  -0.147 0.1000000015
16743  50.123  -67.653  -0.602 0.1000000015
14345  49.941  -70.920  1.302 0.1000000015
122016  50.476  -69.509  -0.338 0.1000000015
15154  50.503  -70.206  0.600 0.1000000015
25339  37.907  -58.310  -0.701 0.1000000015
24468  38.425  -58.645  -1.241 0.1000000015
24466  40.389  -59.099  -1.208 0.1000000015
24467  39.304  -58.856  -1.452 0.1000000015
24477  38.393  -59.112  -1.756 0.1000000015
24489  38.307  -59.324  -2.345 0.1000000015
113618  39.104  -59.315  -2.093 0.1000000015
120126  37.054  -59.550  -3.387 0.2000000030
135660  38.930  -59.281  -2.589 0.1000000015
24513  39.114  -59.021  -3.004 0.2000000030
24540  36.875  -59.245  -4.712 0.2000000030
25370  38.206  -58.707  -3.401 0.2000000030
25371  37.623  -58.581  -3.900 0.2000000030
24528  36.845  -59.394  -4.042 0.2000000030
25369  39.780  -58.366  -3.131 0.2000000030
26188  38.870  -57.997  -3.333 0.2000000030
26189  38.237  -57.752  -3.898 0.2000000030
25397  37.222  -58.589  -4.945 0.2000000030
128174  37.559  -58.573  -5.495 0.2000000030
24556  37.828  -59.001  -6.046 0.2000000030
25413  38.782  -57.679  -6.426 0.1000000015
25368  40.681  -58.836  -3.176 0.2000000030
26190  37.705  -58.182  -4.489 0.2000000030
25396  37.770  -58.005  -5.131 0.2000000030
26215  38.281  -57.384  -5.462 0.1000000015
27039  38.649  -56.736  -4.921 0.1000000015
115649  38.079  -58.187  -5.865 0.1000000015
25338  38.872  -58.212  -0.793 0.1000000015
25337  39.840  -58.461  -0.661 0.1000000015
24476  39.924  -59.453  -1.897 0.1000000015
24514  38.284  -59.275  -2.952 0.2000000030
20858  43.411  -63.313  -9.085 0.2000000030
20870  44.070  -63.639  -9.387 0.2000000030
21747  44.689  -62.487  -9.931 0.2000000030
21749  42.774  -62.047  -9.159 0.2000000030
115039  44.062  -62.935  -9.614 0.2000000030
21748  43.435  -62.527  -9.331 0.2000000030
21759  45.514  -62.735  -10.244 0.2000000030
22706  43.847  -61.062  -9.615 0.1000000015
22705  44.463  -61.685  -9.842 0.2000000030
113896  43.628  -61.796  -9.484 0.2000000030
22707  43.030  -61.243  -9.315 0.2000000030
23641  44.469  -60.855  -10.052 0.1000000015
23642  43.887  -60.424  -9.856 0.1000000015
24597  44.636  -59.733  -11.261 0.1000000015
131066  45.202  -60.606  -11.591 0.1000000015
114373  40.906  -59.543  -2.812 0.1000000015
23629  42.462  -60.610  -9.162 0.1000000015
24590  43.918  -59.186  -10.376 0.1000000015
23643  43.274  -60.479  -9.498 0.1000000015
23657  44.892  -60.637  -10.739 0.1000000015
23650  44.273  -59.987  -10.376 0.1000000015
132839  44.577  -59.432  -12.167 0.1000000015
117301  44.324  -58.893  -11.632 0.1000000015
25478  44.667  -58.685  -13.527 0.1000000015
23580  42.563  -60.416  -2.962 0.1000000015
122359  41.422  -59.338  -3.203 0.1000000015
132870  40.837  -59.205  -8.299 0.1000000015
125297  42.005  -59.959  -9.009 0.1000000015
25438  43.391  -58.779  -9.842 0.1000000015
24584  42.990  -59.186  -9.474 0.1000000015
24598  44.225  -58.937  -10.928 0.1000000015
25471  44.380  -58.808  -12.529 0.1000000015
25472  44.067  -58.174  -11.924 0.1000000015
113489  42.153  -59.694  -3.276 0.1000000015
26187  40.547  -57.635  -3.332 0.1000000015
26245  42.255  -57.722  -8.897 0.1000000015
26246  41.525  -57.836  -8.472 0.1000000015
134209  42.853  -56.866  -9.390 0.1000000015
26256  42.814  -57.521  -9.354 0.1000000015
24572  42.331  -59.214  -9.139 0.1000000015
25428  41.945  -58.514  -8.826 0.1000000015
26255  43.145  -57.175  -9.922 0.1000000015
125472  43.204  -57.976  -9.835 0.1000000015
27918  43.506  -55.972  -11.224 0.1000000015
26261  43.435  -57.370  -10.631 0.1000000015
25446  43.654  -58.261  -10.546 0.1000000015
134361  43.334  -57.703  -10.234 0.1000000015
119868  43.550  -56.365  -12.029 0.1000000015
27099  43.483  -56.878  -11.312 0.1000000015
26274  43.730  -57.721  -11.305 0.1000000015
26289  43.685  -57.314  -12.225 0.1000000015
25366  42.613  -59.021  -3.542 0.1000000015
25367  41.424  -58.404  -3.373 0.1000000015
26247  40.857  -57.947  -7.992 0.1000000015
119158  43.534  -55.103  -11.077 0.1000000015
27086  43.368  -56.438  -10.433 0.1000000015
26239  40.456  -57.384  -7.532 0.1000000015
131735  45.110  -62.080  -10.196 0.1000000015
26296  43.904  -57.290  -13.249 0.1000000015
125199  41.806  -57.082  -8.542 0.1000000015
15258  39.215  -70.922  -7.865 0.1000000015
16068  38.845  -70.063  -7.928 0.1000000015
15259  38.359  -70.599  -7.443 0.1000000015
14446  38.217  -71.682  -6.409 0.1000000015
14435  36.599  -71.615  -5.529 0.1000000015
13686  35.528  -72.491  -4.606 0.1000000015
12316  34.414  -74.180  -4.606 0.1000000015
14466  40.024  -71.372  -8.363 0.1000000015
130625  39.891  -70.451  -8.510 0.1000000015
14447  37.239  -71.303  -6.179 0.1000000015
13719  37.652  -71.951  -5.726 0.1000000015
16082  40.292  -69.587  -8.918 0.1000000015
16099  41.172  -69.730  -9.655 0.1000000015
123348  41.917  -70.678  -10.275 0.1000000015
15269  40.584  -71.301  -9.066 0.1000000015
13728  38.925  -72.077  -6.734 0.1000000015
16110  43.132  -70.057  -11.071 0.1000000015
15282  42.285  -71.644  -10.448 0.1000000015
16830  39.820  -68.734  -8.783 0.1000000015
16842  41.341  -68.858  -9.815 0.1000000015
17583  42.220  -67.995  -10.626 0.1000000015
17566  39.858  -68.030  -9.127 0.1000000015
17574  41.400  -68.029  -10.035 0.1000000015
18350  41.423  -67.167  -10.134 0.1000000015
15283  41.028  -70.774  -9.555 0.1000000015
12337  34.289  -74.448  -5.395 0.1000000015
8839  37.146  -80.170  14.616 0.1000000015
8841  34.816  -79.395  14.443 0.1000000015
9629  45.082  -78.382  -1.442 0.1000000015
9642  45.357  -78.375  -2.229 0.2000000030
10136  36.610  -77.293  15.297 0.1000000015
10151  30.287  -77.491  14.609 0.1000000015
10154  27.593  -77.361  14.423 0.1000000015
10307  45.364  -77.686  -1.266 0.1000000015
10843  28.406  -76.162  13.603 0.1000000015
10996  45.477  -76.939  -3.447 0.2000000030
11469  38.653  -75.228  14.641 0.1000000015
11481  30.829  -75.354  13.632 0.1000000015
11494  28.167  -74.812  12.787 0.1000000015
11620  46.656  -75.765  -1.614 0.2000000030
11626  46.813  -75.927  -2.719 0.1000000015
11643  46.189  -75.935  -4.079 0.2000000030
11663  46.656  -75.300  -4.246 0.1000000015
11664  46.013  -75.276  -4.700 0.1000000015
11681  43.546  -75.231  -5.618 0.1000000015
11682  42.784  -75.172  -5.434 0.1000000015
12109  33.840  -75.109  14.320 0.1000000015
12137  28.570  -74.278  12.577 0.1000000015
12312  40.742  -74.651  -5.186 0.1000000015
12333  42.298  -75.119  -6.199 0.1000000015
12361  41.233  -74.636  -6.531 0.1000000015
12826  29.883  -73.565  12.768 0.1000000015
12835  27.453  -73.382  11.042 0.1000000015
12841  27.294  -73.379  10.099 0.1000000015
12850  27.925  -73.016  8.883 0.1000000015
12870  38.833  -74.738  6.730 0.1000000015
12881  37.892  -73.532  6.719 0.1000000015
12919  31.991  -73.457  2.758 0.1000000015
13009  35.502  -73.204  -4.176 0.1000000015
13023  48.022  -72.699  -5.213 0.1000000015
13060  42.907  -74.295  -8.207 0.2000000030
13489  36.380  -72.309  13.428 0.1000000015
13503  36.735  -72.291  12.636 0.1000000015
13513  29.317  -72.169  11.764 0.1000000015
13520  36.879  -72.639  10.999 0.1000000015
13521  28.281  -72.252  9.950 0.1000000015
13534  27.774  -72.824  9.605 0.1000000015
13555  35.973  -72.243  7.860 0.1000000015
13566  36.516  -72.430  7.293 0.1000000015
13567  30.062  -72.020  6.456 0.1000000015
13582  31.102  -72.016  4.202 0.1000000015
13594  31.289  -72.577  3.806 0.1000000015
13621  37.950  -72.033  1.305 0.1000000015
13625  34.584  -72.646  1.726 0.1000000015
13652  45.266  -71.904  -2.090 0.2000000030
13682  48.641  -71.528  -4.183 0.1000000015
13683  48.527  -72.071  -4.918 0.1000000015
13704  37.078  -72.259  -4.897 0.1000000015
13724  43.629  -73.460  -7.996 0.1000000015
13742  43.016  -72.962  -10.064 0.1000000015
14207  32.888  -71.517  13.420 0.1000000015
14208  32.074  -71.872  13.259 0.1000000015
14219  31.672  -71.439  12.828 0.1000000015
14230  29.696  -71.503  11.468 0.1000000015
14239  29.459  -71.285  10.715 0.1000000015
14251  29.359  -71.188  9.935 0.1000000015
14270  30.129  -71.248  7.149 0.1000000015
14271  29.763  -71.390  7.966 0.1000000015
14276  43.316  -72.001  6.982 0.1000000015
14283  35.643  -71.329  6.916 0.1000000015
14301  30.881  -71.284  4.561 0.1000000015
14309  32.135  -71.350  3.602 0.1000000015
14315  35.818  -71.054  2.105 0.1000000015
14317  33.519  -71.715  2.459 0.1000000015
14339  34.839  -71.961  1.817 0.1000000015
14376  42.575  -71.209  -2.027 0.3000000119
14377  41.925  -70.882  -2.044 0.2000000030
14455  39.564  -71.584  -7.739 0.1000000015
14456  38.789  -71.445  -7.200 0.1000000015
14457  37.883  -70.974  -6.807 0.1000000015
14463  43.119  -72.920  -9.924 0.1000000015
15000  34.318  -70.787  12.977 0.1000000015
15019  38.916  -70.704  11.832 0.1000000015
15023  33.284  -69.902  11.675 0.1000000015
15026  30.659  -70.601  11.451 0.1000000015
15054  29.838  -70.669  9.503 0.1000000015
15065  33.928  -69.907  8.202 0.1000000015
15090  34.333  -70.183  6.760 0.1000000015
15092  31.126  -69.995  6.056 0.1000000015
15093  30.608  -70.420  6.540 0.1000000015
15107  32.206  -70.286  4.373 0.1000000015
15127  38.317  -69.774  2.190 0.1000000015
15162  50.822  -69.555  0.167 0.1000000015
15171  41.867  -70.240  -1.046 0.3000000119
15186  42.192  -70.730  -1.461 0.3000000119
15201  40.832  -70.374  -2.261 0.3000000119
15214  42.302  -70.487  -3.490 0.3000000119
15268  43.519  -71.636  -9.905 0.2000000030
15280  43.567  -71.904  -10.788 0.2000000030
15294  43.074  -71.197  -11.126 0.1000000015
15785  32.047  -69.635  10.954 0.1000000015
15804  33.562  -69.517  9.489 0.1000000015
15822  30.700  -69.771  8.573 0.1000000015
15836  32.994  -69.740  7.131 0.1000000015
15856  38.860  -69.537  6.521 0.1000000015
15879  32.210  -69.638  5.669 0.1000000015
15893  34.374  -69.411  4.435 0.1000000015
15895  31.850  -70.009  5.061 0.1000000015
15919  38.435  -69.027  2.736 0.1000000015
15922  34.983  -69.987  2.885 0.1000000015
15942  51.086  -68.800  0.457 0.1000000015
15953  50.215  -68.741  -0.579 0.1000000015
15954  49.250  -69.197  -0.756 0.4000000060
15957  45.814  -69.810  -0.457 0.4000000060
15961  41.214  -69.666  -0.966 0.5000000000
15994  39.693  -69.606  -2.522 0.5000000000
16083  39.280  -69.240  -8.316 0.1000000015
16108  44.606  -69.516  -11.757 0.2000000030
16646  37.584  -68.732  6.001 0.1000000015
16730  50.988  -67.995  0.400 0.1000000015
16741  51.041  -68.167  0.045 0.1000000015
16742  50.776  -67.935  -0.268 0.1000000015
16770  38.696  -68.531  -1.534 0.5000000000
16779  39.160  -69.143  -1.942 0.5000000000
16790  38.838  -68.456  -3.312 0.4000000060
16795  39.756  -67.490  -4.569 0.4000000060
16800  42.643  -68.196  -5.220 0.1000000015
16801  42.109  -67.868  -5.180 0.3000000119
16828  43.831  -68.844  -8.731 0.2000000030
16829  40.482  -68.797  -9.297 0.1000000015
16851  45.417  -68.828  -11.534 0.2000000030
16852  45.070  -69.240  -11.410 0.3000000119
16855  42.188  -68.942  -10.508 0.2000000030
16867  45.349  -68.744  -11.916 0.2000000030
16868  45.025  -69.098  -12.093 0.2000000030
17464  50.104  -65.770  0.674 0.2000000030
17465  49.741  -66.089  1.165 0.2000000030
17485  50.678  -67.051  -0.191 0.1000000015
17495  38.199  -67.870  -1.187 0.5000000000
17496  37.702  -67.245  -0.891 0.5000000000
17538  37.867  -67.170  -3.086 0.4000000060
17556  42.489  -67.194  -6.216 0.2000000030
17575  40.626  -68.043  -9.563 0.1000000015
17581  43.826  -67.985  -11.812 0.2000000030
18128  40.368  -66.193  8.032 0.1000000015
18150  45.704  -67.284  6.044 0.1000000015
18182  44.210  -66.941  4.381 0.1000000015
18222  49.828  -65.229  0.960 0.2000000030
18261  38.796  -66.538  -0.057 0.5000000000
18263  36.807  -66.221  -0.853 0.5000000000
18327  41.753  -66.198  -6.502 0.4000000060
18332  43.352  -66.805  -7.525 0.2000000030
18363  46.990  -66.401  -11.191 0.3000000119
18364  46.358  -67.044  -10.696 0.3000000119
18367  42.279  -66.935  -10.683 0.1000000015
18376  46.792  -66.451  -11.783 0.2000000030
18378  44.817  -66.937  -12.628 0.2000000030
18392  46.207  -66.696  -12.335 0.2000000030
18393  45.433  -66.646  -12.750 0.2000000030
19055  49.160  -65.007  0.523 0.2000000030
19093  37.383  -65.627  -3.688 0.4000000060
19169  45.883  -66.233  -10.023 0.3000000119
19941  35.617  -64.098  -0.923 0.4000000060
19954  36.321  -64.907  -2.485 0.3000000119
19981  37.655  -63.900  -5.346 0.4000000060
20000  40.622  -64.474  -7.161 0.4000000060
20061  45.886  -64.543  -13.796 0.1000000015
20766  36.042  -63.157  1.181 0.6000000238
20777  35.629  -63.668  -0.336 0.4000000060
20841  37.611  -62.338  -5.716 0.4000000060
20859  42.715  -63.736  -8.535 0.3000000119
20868  45.933  -63.551  -10.291 0.2000000030
20869  44.895  -63.423  -9.869 0.2000000030
20877  47.102  -63.825  -11.296 0.3000000119
20910  47.161  -63.900  -13.450 0.1000000015
20911  46.592  -63.811  -14.072 0.1000000015
20912  45.816  -63.924  -14.211 0.1000000015
21707  36.986  -62.319  -5.126 0.4000000060
21718  38.671  -62.714  -6.356 0.4000000060
21804  46.050  -62.517  -15.112 0.1000000015
22714  45.073  -61.428  -10.371 0.1000000015
22730  46.511  -61.845  -12.919 0.1000000015
22742  47.009  -62.218  -14.252 0.1000000015
22754  47.005  -61.772  -15.009 0.1000000015
23595  36.634  -60.817  -4.520 0.4000000060
23623  39.513  -60.676  -7.259 0.2000000030
23624  38.750  -60.476  -6.752 0.3000000119
23656  45.793  -61.212  -12.075 0.2000000030
24512  40.106  -59.171  -2.838 0.1000000015
24515  37.597  -59.173  -3.374 0.2000000030
24562  40.286  -59.447  -7.731 0.2000000030
24583  43.533  -59.698  -9.806 0.1000000015
25286  43.493  -58.585  3.182 0.1000000015
25385  37.180  -58.814  -4.335 0.2000000030
25414  38.517  -58.689  -6.523 0.1000000015
25429  41.170  -58.588  -8.426 0.1000000015
25439  42.745  -58.411  -9.313 0.1000000015
25457  44.049  -58.369  -11.242 0.1000000015
25987  34.865  -57.678  13.108 0.1000000015
26204  38.170  -57.421  -4.624 0.2000000030
26288  44.127  -58.041  -12.871 0.1000000015
26911  40.769  -56.784  3.715 0.1000000015
27082  43.123  -56.349  -9.637 0.1000000015
27671  35.478  -55.332  8.336 0.1000000015
27906  43.461  -55.641  -10.551 0.1000000015
112424  39.975  -62.138  -7.720 0.2000000030
112763  32.956  -77.592  14.184 0.1000000015
114205  48.738  -72.846  0.571 0.1000000015
115020  34.465  -57.497  11.086 0.1000000015
115830  43.255  -70.226  -3.895 0.3000000119
116856  37.233  -61.002  -5.475 0.4000000060
117334  45.774  -77.289  -2.839 0.2000000030
117907  37.694  -59.832  -6.016 0.2000000030
118388  37.760  -69.303  2.669 0.1000000015
118541  41.193  -62.268  -8.211 0.2000000030
118621  38.885  -72.742  0.905 0.1000000015
118883  37.929  -72.794  1.247 0.1000000015
119004  37.075  -72.909  1.434 0.1000000015
119436  50.691  -66.801  0.280 0.2000000030
119631  39.544  -70.568  1.560 0.1000000015
120352  37.701  -68.357  5.278 0.1000000015
120509  31.801  -69.527  6.974 0.1000000015
120581  42.770  -59.860  -9.358 0.1000000015
120800  43.687  -55.388  -12.010 0.1000000015
120987  40.334  -58.063  -7.565 0.1000000015
122758  45.213  -71.286  -3.556 0.2000000030
123274  47.076  -63.116  -11.739 0.2000000030
123325  28.225  -73.852  12.170 0.1000000015
123655  30.307  -74.865  13.422 0.1000000015
123719  37.195  -59.263  -5.436 0.2000000030
123863  46.345  -64.232  -10.438 0.3000000119
124531  44.712  -68.976  -12.171 0.2000000030
125260  32.882  -74.198  14.059 0.1000000015
125426  30.804  -72.883  4.342 0.1000000015
125898  36.501  -71.870  12.146 0.1000000015
126575  40.596  -67.746  -0.339 0.4000000060
128516  41.973  -58.938  -3.396 0.1000000015
129011  42.459  -56.977  -8.975 0.1000000015
130287  42.606  -73.351  -9.120 0.1000000015
131265  36.794  -65.392  9.925 0.1000000015
131452  30.066  -72.708  6.719 0.1000000015
132080  47.426  -74.401  -0.411 0.2000000030
132875  40.867  -65.495  -6.607 0.4000000060
133361  38.145  -62.547  -5.998 0.4000000060
133726  41.541  -60.000  -8.635 0.2000000030
133729  43.932  -71.630  -2.445 0.3000000119
133888  36.833  -59.802  -5.053 0.3000000119
134020  35.973  -72.420  1.635 0.1000000015
134280  44.082  -62.254  -9.632 0.2000000030
134301  36.282  -61.954  -3.873 0.4000000060
134427  35.324  -59.306  8.549 0.2000000030
135401  44.314  -59.443  -10.719 0.1000000015
135599  35.764  -64.531  -1.315 0.4000000060
135661  28.109  -77.294  14.447 0.1000000015
