#!ascii label  , from subject bert vox2ras=TkReg
213
116301  30.139  -9.119  -20.896 0.0000000000
60858  29.535  -17.697  -18.889 0.0000000000
72541  27.570  -3.256  -21.835 0.0000000000
114580  27.687  7.390  -21.082 0.0000000000
59183  27.383  -19.181  -18.528 0.0000000000
113075  28.954  -1.897  -20.508 0.0000000000
76494  28.507  1.830  -20.291 0.0000000000
115501  28.954  -11.120  -21.918 0.0000000000
65084  30.296  -13.046  -21.138 0.0000000000
65980  31.336  -11.613  -20.380 0.0000000000
121397  31.219  -7.152  -20.656 0.0000000000
67669  32.820  -9.703  -20.664 0.0000000000
70079  28.760  -6.678  -21.148 0.0000000000
71788  30.185  -4.345  -20.321 0.0000000000
125397  27.397  5.070  -21.401 0.0000000000
78711  29.611  3.997  -19.968 0.0000000000
62491  30.889  -15.374  -19.105 0.0000000000
74810  27.561  0.923  -20.902 0.0000000000
77283  27.926  2.389  -20.985 0.0000000000
67672  29.711  -9.744  -21.241 0.0000000000
65982  29.933  -11.164  -21.470 0.0000000000
66828  30.626  -10.661  -20.888 0.0000000000
60859  28.610  -17.947  -18.921 0.0000000000
124678  28.195  -4.877  -21.576 0.0000000000
70958  28.915  -5.050  -21.005 0.0000000000
72533  29.079  -3.629  -20.859 0.0000000000
74808  29.589  -0.605  -19.713 0.0000000000
74064  30.129  -1.746  -19.976 0.0000000000
80836  26.199  7.102  -21.644 0.0000000000
79456  26.059  4.995  -22.520 0.0000000000
79449  27.050  5.702  -21.516 0.0000000000
80822  32.979  8.205  -21.009 0.0000000000
80152  32.656  6.748  -20.654 0.0000000000
79442  30.630  5.577  -20.213 0.0000000000
79441  31.683  5.659  -20.204 0.0000000000
77973  31.047  3.608  -19.646 0.0000000000
63276  31.092  -13.900  -20.019 0.0000000000
63277  30.294  -14.408  -20.276 0.0000000000
59184  26.529  -19.539  -18.388 0.0000000000
73275  28.466  -2.401  -20.871 0.0000000000
74824  27.819  -0.822  -20.975 0.0000000000
117047  28.866  0.030  -19.861 0.0000000000
76492  30.373  1.224  -19.546 0.0000000000
64185  28.675  -13.433  -21.904 0.0000000000
113243  29.385  -11.915  -21.937 0.0000000000
65083  30.810  -12.260  -20.731 0.0000000000
65069  31.691  -12.598  -19.784 0.0000000000
69264  30.696  -7.774  -20.731 0.0000000000
67670  31.872  -9.538  -20.794 0.0000000000
116318  32.295  -8.211  -21.229 0.0000000000
68469  28.373  -8.897  -22.015 0.0000000000
69276  28.452  -7.438  -21.514 0.0000000000
69266  29.171  -7.443  -20.975 0.0000000000
70078  29.504  -6.720  -20.668 0.0000000000
70956  30.760  -5.840  -20.256 0.0000000000
71787  31.302  -4.368  -20.201 0.0000000000
73262  29.179  -2.831  -20.619 0.0000000000
72531  30.686  -3.614  -20.254 0.0000000000
77991  27.085  3.601  -21.737 0.0000000000
80155  29.759  7.069  -20.481 0.0000000000
79444  28.675  5.581  -20.681 0.0000000000
120875  29.144  4.774  -20.487 0.0000000000
77983  28.278  3.188  -20.854 0.0000000000
77270  29.359  2.672  -19.777 0.0000000000
77269  30.192  2.735  -19.512 0.0000000000
61677  29.293  -16.395  -19.671 0.0000000000
64176  29.129  -14.147  -21.389 0.0000000000
116931  32.058  -10.273  -20.499 0.0000000000
65966  32.419  -11.427  -19.558 0.0000000000
76504  27.363  1.767  -21.320 0.0000000000
77284  27.178  2.476  -21.631 0.0000000000
66829  30.036  -10.372  -21.214 0.0000000000
67671  30.463  -9.878  -20.813 0.0000000000
58255  26.070  -20.689  -17.679 0.0000000000
59171  26.675  -20.367  -18.110 0.0000000000
71797  27.925  -4.049  -21.606 0.0000000000
71796  28.673  -4.185  -21.191 0.0000000000
72540  28.368  -3.244  -21.175 0.0000000000
74807  30.543  -0.411  -19.612 0.0000000000
80835  26.871  7.059  -21.320 0.0000000000
80162  26.623  6.401  -21.575 0.0000000000
80157  27.364  6.439  -21.176 0.0000000000
122970  32.416  6.110  -20.455 0.0000000000
78709  32.081  4.745  -20.154 0.0000000000
64164  31.607  -13.339  -19.629 0.0000000000
122360  31.560  -14.069  -19.278 0.0000000000
60869  27.007  -17.578  -19.643 0.0000000000
134078  27.651  -1.483  -21.355 0.0000000000
130602  27.243  -0.889  -21.662 0.0000000000
75620  28.409  0.905  -20.184 0.0000000000
74809  28.056  0.018  -20.553 0.0000000000
135008  29.005  0.635  -19.604 0.0000000000
76493  29.230  1.296  -19.598 0.0000000000
81537  27.498  8.371  -21.128 0.0000000000
65995  28.613  -11.756  -22.232 0.0000000000
65981  30.699  -11.463  -20.908 0.0000000000
65095  30.196  -12.119  -21.470 0.0000000000
65082  31.352  -12.274  -20.224 0.0000000000
126308  27.231  -20.001  -18.312 0.0000000000
68455  31.479  -8.602  -20.934 0.0000000000
69263  31.702  -7.704  -21.017 0.0000000000
70966  28.407  -5.831  -21.550 0.0000000000
70086  28.114  -6.736  -21.824 0.0000000000
69265  29.881  -7.399  -20.648 0.0000000000
70957  29.789  -5.217  -20.444 0.0000000000
119512  30.686  -4.987  -20.228 0.0000000000
120791  31.723  -5.191  -20.282 0.0000000000
73244  30.480  -2.267  -20.070 0.0000000000
72530  31.975  -3.669  -20.402 0.0000000000
125266  26.766  4.993  -21.873 0.0000000000
78721  26.563  4.217  -22.103 0.0000000000
77992  26.404  3.351  -22.335 0.0000000000
78720  27.284  4.368  -21.558 0.0000000000
80823  32.180  7.445  -20.537 0.0000000000
115309  31.763  8.266  -20.550 0.0000000000
123336  30.144  6.288  -20.374 0.0000000000
115176  30.126  4.844  -20.111 0.0000000000
78712  28.657  3.955  -20.642 0.0000000000
77982  29.012  3.295  -20.205 0.0000000000
77981  31.625  3.343  -19.947 0.0000000000
77268  30.993  2.940  -19.556 0.0000000000
76482  30.905  2.066  -19.645 0.0000000000
61689  27.974  -16.294  -20.599 0.0000000000
132044  29.522  -13.466  -21.462 0.0000000000
64175  29.912  -13.910  -20.976 0.0000000000
62501  30.245  -15.154  -19.696 0.0000000000
61676  30.225  -16.077  -19.353 0.0000000000
132654  32.638  -10.364  -20.254 0.0000000000
120130  27.224  0.056  -21.358 0.0000000000
76503  27.924  1.589  -20.735 0.0000000000
66841  29.388  -10.398  -21.663 0.0000000000
66827  31.348  -10.870  -20.511 0.0000000000
60056  27.976  -18.512  -18.699 0.0000000000
59182  28.336  -19.223  -18.389 0.0000000000
59181  29.014  -19.046  -18.206 0.0000000000
60030  29.778  -18.918  -17.400 0.0000000000
70075  32.060  -6.834  -20.999 0.0000000000
69262  32.568  -7.516  -21.473 0.0000000000
70967  27.683  -5.451  -22.309 0.0000000000
123668  29.155  -5.931  -20.776 0.0000000000
71789  29.376  -4.327  -20.697 0.0000000000
74075  29.538  -1.426  -20.058 0.0000000000
74797  30.257  -1.169  -19.752 0.0000000000
74063  30.772  -1.694  -19.869 0.0000000000
79445  27.786  5.648  -21.049 0.0000000000
80151  33.046  7.422  -20.979 0.0000000000
80153  31.712  6.664  -20.374 0.0000000000
134343  30.977  6.216  -20.325 0.0000000000
78710  31.128  4.869  -19.955 0.0000000000
78700  30.632  4.173  -19.758 0.0000000000
121697  32.341  3.857  -20.369 0.0000000000
64174  30.567  -13.673  -20.582 0.0000000000
63265  30.946  -14.617  -19.541 0.0000000000
59172  25.828  -19.922  -17.974 0.0000000000
60057  26.433  -18.643  -18.685 0.0000000000
60070  27.128  -18.254  -18.905 0.0000000000
60069  27.701  -17.880  -19.105 0.0000000000
60868  27.997  -17.314  -19.456 0.0000000000
60867  29.010  -17.212  -19.379 0.0000000000
73276  27.783  -2.331  -21.429 0.0000000000
74091  28.207  -1.650  -20.869 0.0000000000
74076  28.710  -0.912  -20.342 0.0000000000
75619  29.771  0.350  -19.447 0.0000000000
75618  30.983  0.417  -19.644 0.0000000000
80828  26.546  8.016  -21.416 0.0000000000
80827  28.479  8.242  -20.841 0.0000000000
65096  29.498  -12.747  -21.745 0.0000000000
65070  31.064  -13.024  -20.310 0.0000000000
65059  32.060  -12.884  -19.322 0.0000000000
68456  30.598  -8.598  -20.779 0.0000000000
120960  30.959  -9.317  -20.687 0.0000000000
68454  32.544  -8.930  -21.125 0.0000000000
68453  33.420  -8.980  -21.088 0.0000000000
67681  28.969  -9.676  -21.863 0.0000000000
68468  29.256  -9.003  -21.263 0.0000000000
119490  28.168  -8.083  -21.883 0.0000000000
68458  28.821  -8.192  -21.341 0.0000000000
68457  29.769  -8.228  -20.837 0.0000000000
70077  30.418  -6.792  -20.478 0.0000000000
120795  29.878  -6.096  -20.435 0.0000000000
70076  31.258  -6.546  -20.452 0.0000000000
70955  31.872  -6.018  -20.543 0.0000000000
72532  29.723  -3.600  -20.465 0.0000000000
73245  29.709  -2.167  -20.275 0.0000000000
73261  30.108  -2.886  -20.283 0.0000000000
117492  26.948  3.001  -21.848 0.0000000000
80826  29.453  7.895  -20.614 0.0000000000
118265  28.792  7.238  -20.712 0.0000000000
80156  28.242  6.442  -20.846 0.0000000000
79443  29.656  5.571  -20.400 0.0000000000
78713  28.083  4.715  -20.957 0.0000000000
125214  27.835  3.786  -21.223 0.0000000000
77984  27.567  3.071  -21.430 0.0000000000
77276  28.681  2.588  -20.366 0.0000000000
124777  29.085  2.085  -19.894 0.0000000000
77974  30.359  3.466  -19.593 0.0000000000
76483  29.858  2.004  -19.597 0.0000000000
61678  28.381  -16.644  -19.823 0.0000000000
63286  28.741  -14.911  -21.208 0.0000000000
63285  29.503  -14.645  -20.834 0.0000000000
63278  29.723  -15.016  -20.261 0.0000000000
62514  29.104  -15.332  -20.634 0.0000000000
62502  29.526  -15.623  -19.910 0.0000000000
124828  31.237  -10.111  -20.598 0.0000000000
129717  32.779  -10.702  -19.807 0.0000000000
130163  32.079  -10.993  -20.130 0.0000000000
65967  31.811  -11.828  -19.870 0.0000000000
65068  32.203  -12.207  -19.361 0.0000000000
60039  29.552  -18.683  -17.945 0.0000000000
77975  29.660  3.261  -19.689 0.0000000000
78699  31.495  4.103  -19.903 0.0000000000
120483  28.668  -18.632  -18.535 0.0000000000
131368  32.515  8.015  -20.728 0.0000000000
