#!ascii label  , from subject bert vox2ras=TkReg
575
53716  24.434  -25.530  -13.758 0.1428571492
121486  23.774  -25.653  -13.807 0.1428571492
54532  24.343  -24.377  -14.616 0.1428571492
53715  25.332  -25.369  -13.602 0.1428571492
54531  25.102  -24.139  -14.548 0.2857142985
118935  23.931  -25.044  -14.274 0.1428571492
54523  25.648  -24.649  -13.930 0.1428571492
55365  25.367  -22.972  -15.540 0.5714285970
114531  25.615  -23.470  -14.832 0.1428571492
56230  27.702  -22.812  -14.703 0.2857142985
56231  26.870  -23.021  -15.139 0.2857142985
56239  28.930  -22.011  -14.823 0.1428571492
56229  28.507  -22.546  -14.584 0.2857142985
58244  29.449  -20.042  -16.284 0.2857142985
58245  28.581  -20.498  -16.805 0.1428571492
58238  28.882  -20.757  -15.832 0.2857142985
60029  30.295  -18.739  -16.788 0.2857142985
59159  30.202  -19.417  -16.215 0.2857142985
60847  30.359  -17.528  -17.735 0.2857142985
60038  30.069  -18.298  -17.522 0.2857142985
61665  31.220  -15.974  -17.869 0.2857142985
122360  31.560  -14.069  -19.278 0.8571428657
62490  31.355  -15.439  -18.418 0.4285714328
61652  31.187  -16.450  -17.389 0.2857142985
65069  31.691  -12.598  -19.784 0.7142857313
65059  32.060  -12.884  -19.322 0.7142857313
64164  31.607  -13.339  -19.629 0.7142857313
63265  30.946  -14.617  -19.541 0.7142857313
65966  32.419  -11.427  -19.558 0.8571428657
65068  32.203  -12.207  -19.361 0.5714285970
65082  31.352  -12.274  -20.224 0.8571428657
63276  31.092  -13.900  -20.019 0.7142857313
66826  33.223  -10.108  -20.121 0.4285714328
130163  32.079  -10.993  -20.130 0.7142857313
65967  31.811  -11.828  -19.870 0.8571428657
68453  33.420  -8.980  -21.088 0.2857142985
132654  32.638  -10.364  -20.254 0.8571428657
67669  32.820  -9.703  -20.664 0.7142857313
116931  32.058  -10.273  -20.499 0.8571428657
68466  33.876  -7.763  -21.780 0.1428571492
130791  33.810  -8.393  -21.336 0.1428571492
68467  33.169  -8.201  -21.499 0.4285714328
68454  32.544  -8.930  -21.125 0.5714285970
67670  31.872  -9.538  -20.794 0.8571428657
70965  33.120  -5.702  -22.743 0.1428571492
69274  33.936  -7.085  -22.226 0.1428571492
69275  33.348  -7.324  -22.050 0.1428571492
69262  32.568  -7.516  -21.473 0.4285714328
68455  31.479  -8.602  -20.934 0.8571428657
117155  32.705  -4.197  -22.946 0.1428571492
71795  33.200  -5.100  -23.529 0.1428571492
123011  32.820  -4.987  -22.688 0.1428571492
70085  32.843  -6.650  -22.034 0.1428571492
70954  32.602  -5.982  -21.670 0.4285714328
69263  31.702  -7.704  -21.017 0.7142857313
68456  30.598  -8.598  -20.779 0.8571428657
71786  32.558  -4.494  -21.019 0.1428571492
72530  31.975  -3.669  -20.402 0.1428571492
123798  32.436  -5.379  -21.064 0.1428571492
120791  31.723  -5.191  -20.282 0.5714285970
121397  31.219  -7.152  -20.656 0.8571428657
69264  30.696  -7.774  -20.731 0.8571428657
119184  32.339  -3.051  -20.781 0.1428571492
71787  31.302  -4.368  -20.201 0.8571428657
70955  31.872  -6.018  -20.543 0.8571428657
70075  32.060  -6.834  -20.999 0.7142857313
70956  30.760  -5.840  -20.256 0.8571428657
74062  31.539  -1.704  -20.130 0.1428571492
73260  31.231  -2.865  -20.213 0.4285714328
73261  30.108  -2.886  -20.283 0.8571428657
72531  30.686  -3.614  -20.254 0.8571428657
119512  30.686  -4.987  -20.228 0.8571428657
70957  29.789  -5.217  -20.444 0.8571428657
73244  30.480  -2.267  -20.070 0.4285714328
72532  29.723  -3.600  -20.465 0.8571428657
71788  30.185  -4.345  -20.321 0.8571428657
71789  29.376  -4.327  -20.697 0.8571428657
74796  31.116  -1.066  -19.839 0.1428571492
74806  31.569  -0.341  -19.913 0.2857142985
74063  30.772  -1.694  -19.869 0.5714285970
74797  30.257  -1.169  -19.752 0.8571428657
74064  30.129  -1.746  -19.976 0.8571428657
73245  29.709  -2.167  -20.275 0.8571428657
73262  29.179  -2.831  -20.619 0.8571428657
113075  28.954  -1.897  -20.508 0.8571428657
72533  29.079  -3.629  -20.859 0.8571428657
75618  30.983  0.417  -19.644 0.2857142985
74807  30.543  -0.411  -19.612 0.7142857313
74808  29.589  -0.605  -19.713 0.8571428657
74076  28.710  -0.912  -20.342 0.8571428657
75619  29.771  0.350  -19.447 0.8571428657
135008  29.005  0.635  -19.604 0.8571428657
74809  28.056  0.018  -20.553 0.7142857313
76492  30.373  1.224  -19.546 0.8571428657
76493  29.230  1.296  -19.598 0.8571428657
117047  28.866  0.030  -19.861 0.8571428657
76494  28.507  1.830  -20.291 0.8571428657
124777  29.085  2.085  -19.894 0.8571428657
75620  28.409  0.905  -20.184 0.7142857313
77268  30.993  2.940  -19.556 0.7142857313
77269  30.192  2.735  -19.512 0.8571428657
77974  30.359  3.466  -19.593 0.8571428657
78711  29.611  3.997  -19.968 0.8571428657
115176  30.126  4.844  -20.111 0.7142857313
77270  29.359  2.672  -19.777 0.8571428657
79448  33.703  5.926  -21.613 0.1428571492
78700  30.632  4.173  -19.758 0.8571428657
78710  31.128  4.869  -19.955 0.7142857313
79441  31.683  5.659  -20.204 0.7142857313
80848  33.654  7.406  -22.784 0.1428571492
122970  32.416  6.110  -20.455 0.5714285970
80152  32.656  6.748  -20.654 0.5714285970
80823  32.180  7.445  -20.537 0.5714285970
131182  33.519  7.377  -21.589 0.1428571492
81581  33.084  8.409  -24.411 0.1428571492
115309  31.763  8.266  -20.550 0.5714285970
82204  33.110  9.297  -24.051 0.1428571492
82205  32.716  9.822  -24.587 0.1428571492
81557  33.611  8.728  -22.014 0.1428571492
82801  32.277  10.285  -25.179 0.1428571492
80822  32.979  8.205  -21.009 0.5714285970
82785  32.916  10.091  -23.767 0.1428571492
82786  32.543  10.975  -23.461 0.1428571492
83398  32.024  11.080  -25.195 0.1428571492
52923  24.027  -26.212  -13.518 0.1428571492
52915  24.461  -26.772  -13.016 0.1428571492
54522  26.395  -24.411  -13.763 0.1428571492
55356  27.715  -23.493  -14.074 0.2857142985
55357  26.432  -23.422  -14.629 0.2857142985
122030  29.709  -20.543  -15.334 0.2857142985
57205  29.295  -21.258  -15.039 0.1428571492
61653  30.699  -16.709  -18.007 0.2857142985
60857  30.195  -17.324  -18.606 0.2857142985
63264  31.452  -14.769  -18.833 0.4285714328
62491  30.889  -15.374  -19.105 0.5714285970
65965  32.914  -11.024  -19.199 0.2857142985
124828  31.237  -10.111  -20.598 0.8571428657
116318  32.295  -8.211  -21.229 0.7142857313
72529  32.590  -3.729  -21.594 0.1428571492
120795  29.878  -6.096  -20.435 0.8571428657
77973  31.047  3.608  -19.646 0.8571428657
133446  33.133  6.750  -20.942 0.2857142985
80834  33.409  8.054  -21.479 0.1428571492
81569  33.383  8.722  -23.467 0.1428571492
82802  31.086  10.467  -26.224 0.1428571492
52916  23.447  -26.980  -13.344 0.1428571492
129253  26.106  -23.081  -15.188 0.4285714328
56241  27.295  -22.465  -15.541 0.2857142985
57206  28.474  -21.491  -15.498 0.1428571492
58236  30.965  -20.045  -14.986 0.2857142985
60017  30.680  -18.898  -16.065 0.2857142985
59160  29.690  -19.427  -16.984 0.2857142985
59161  29.032  -19.945  -17.340 0.2857142985
70964  33.688  -5.535  -23.169 0.1428571492
73259  31.903  -2.369  -20.432 0.1428571492
73243  31.177  -2.199  -20.010 0.2857142985
70077  30.418  -6.792  -20.478 0.8571428657
69265  29.881  -7.399  -20.648 1.0000000000
75617  31.956  0.432  -20.104 0.1428571492
115467  31.415  1.209  -19.845 0.2857142985
74824  27.819  -0.822  -20.975 0.8571428657
77981  31.625  3.343  -19.947 0.5714285970
78709  32.081  4.745  -20.154 0.7142857313
119197  32.685  5.383  -20.472 0.4285714328
78708  32.907  4.575  -20.597 0.2857142985
79440  33.470  5.119  -20.990 0.2857142985
80170  33.772  6.883  -22.052 0.1428571492
80844  33.697  7.793  -22.099 0.1428571492
82768  32.605  10.024  -21.270 0.2857142985
116564  33.627  8.258  -22.761 0.1428571492
82776  33.061  10.243  -22.844 0.1428571492
82767  33.004  10.202  -21.995 0.1428571492
82777  32.614  10.928  -22.396 0.1428571492
81582  32.837  9.138  -24.741 0.1428571492
83391  32.202  11.469  -24.403 0.1428571492
83385  32.247  11.876  -23.618 0.1428571492
83392  31.545  11.876  -25.140 0.1428571492
76491  31.722  1.842  -20.031 0.4285714328
77275  31.641  2.549  -19.964 0.4285714328
77274  32.217  2.965  -20.512 0.4285714328
77980  33.008  3.982  -20.789 0.4285714328
121697  32.341  3.857  -20.369 0.5714285970
117698  24.779  -24.880  -14.170 0.1428571492
52924  23.302  -26.145  -13.646 0.1428571492
133394  24.583  -23.958  -14.809 0.4285714328
54533  23.679  -24.295  -14.593 0.2857142985
55358  24.855  -23.566  -15.057 0.5714285970
55343  26.859  -23.791  -13.944 0.1428571492
57207  27.697  -21.790  -15.912 0.1428571492
65070  31.064  -13.024  -20.310 0.7142857313
129717  32.779  -10.702  -19.807 0.8571428657
66827  31.348  -10.870  -20.511 0.8571428657
70084  33.554  -6.421  -22.546 0.1428571492
70076  31.258  -6.546  -20.452 0.8571428657
74075  29.538  -1.426  -20.058 0.8571428657
76483  29.858  2.004  -19.597 0.8571428657
80176  33.623  6.693  -22.786 0.1428571492
80151  33.046  7.422  -20.979 0.5714285970
80153  31.712  6.664  -20.374 0.5714285970
81590  32.557  8.653  -25.255 0.1428571492
82183  32.782  9.317  -21.106 0.4285714328
82197  33.303  9.507  -23.203 0.1428571492
82211  31.780  9.930  -25.705 0.1428571492
82210  32.409  9.488  -25.239 0.1428571492
131113  33.496  8.960  -22.743 0.1428571492
82189  33.365  9.541  -22.382 0.1428571492
82794  32.490  10.626  -24.453 0.1428571492
126314  30.430  -20.477  -14.975 0.1428571492
76482  30.905  2.066  -19.645 0.5714285970
56242  26.339  -22.624  -15.830 0.4285714328
60030  29.778  -18.918  -17.400 0.5714285970
114754  32.444  10.725  -21.620 0.1428571492
59182  28.336  -19.223  -18.389 0.5714285970
59183  27.383  -19.181  -18.528 0.5714285970
59185  25.564  -18.909  -18.348 0.2857142985
60859  28.610  -17.947  -18.921 0.5714285970
60070  27.128  -18.254  -18.905 0.5714285970
59172  25.828  -19.922  -17.974 0.4285714328
60056  27.976  -18.512  -18.699 0.5714285970
59186  24.758  -18.653  -18.104 0.2857142985
60072  25.747  -18.044  -18.912 0.4285714328
61667  29.896  -16.994  -19.246 0.4285714328
60867  29.010  -17.212  -19.379 0.5714285970
60869  27.007  -17.578  -19.643 0.5714285970
61680  26.644  -16.982  -20.242 0.4285714328
61677  29.293  -16.395  -19.671 0.5714285970
61679  27.492  -16.882  -20.099 0.4285714328
62502  29.526  -15.623  -19.910 0.7142857313
62503  28.777  -16.014  -20.308 0.4285714328
60071  26.443  -17.969  -19.164 0.4285714328
60870  25.201  -17.475  -19.097 0.2857142985
60058  24.963  -18.075  -18.577 0.2857142985
61676  30.225  -16.077  -19.353 0.7142857313
63285  29.503  -14.645  -20.834 0.7142857313
63299  28.269  -14.356  -21.701 0.4285714328
132044  29.522  -13.466  -21.462 0.7142857313
64185  28.675  -13.433  -21.904 0.5714285970
65096  29.498  -12.747  -21.745 0.7142857313
65097  28.685  -12.488  -22.187 0.2857142985
63277  30.294  -14.408  -20.276 0.5714285970
64175  29.912  -13.910  -20.976 0.5714285970
65095  30.196  -12.119  -21.470 0.7142857313
113243  29.385  -11.915  -21.937 0.7142857313
65982  29.933  -11.164  -21.470 0.7142857313
115501  28.954  -11.120  -21.918 0.7142857313
65995  28.613  -11.756  -22.232 0.4285714328
66842  28.627  -10.352  -22.219 0.4285714328
65084  30.296  -13.046  -21.138 0.5714285970
65083  30.810  -12.260  -20.731 0.5714285970
66829  30.036  -10.372  -21.214 0.7142857313
67672  29.711  -9.744  -21.241 0.7142857313
68468  29.256  -9.003  -21.263 0.7142857313
67681  28.969  -9.676  -21.863 0.7142857313
68469  28.373  -8.897  -22.015 0.5714285970
119490  28.168  -8.083  -21.883 0.5714285970
66828  30.626  -10.661  -20.888 0.5714285970
67671  30.463  -9.878  -20.813 0.7142857313
68457  29.769  -8.228  -20.837 0.8571428657
67682  28.214  -9.679  -22.460 0.4285714328
69266  29.171  -7.443  -20.975 0.7142857313
69276  28.452  -7.438  -21.514 0.7142857313
70079  28.760  -6.678  -21.148 0.7142857313
70086  28.114  -6.736  -21.824 0.7142857313
70966  28.407  -5.831  -21.550 0.5714285970
129045  27.650  -4.651  -22.031 0.2857142985
70078  29.504  -6.720  -20.668 0.7142857313
72541  27.570  -3.256  -21.835 0.7142857313
123668  29.155  -5.931  -20.776 0.8571428657
72540  28.368  -3.244  -21.175 0.8571428657
70958  28.915  -5.050  -21.005 0.8571428657
71797  27.925  -4.049  -21.606 0.5714285970
73276  27.783  -2.331  -21.429 0.7142857313
73275  28.466  -2.401  -20.871 0.8571428657
74091  28.207  -1.650  -20.869 0.8571428657
134078  27.651  -1.483  -21.355 0.7142857313
77283  27.926  2.389  -20.985 0.7142857313
77276  28.681  2.588  -20.366 0.5714285970
77284  27.178  2.476  -21.631 0.7142857313
77982  29.012  3.295  -20.205 0.7142857313
78712  28.657  3.955  -20.642 0.8571428657
120875  29.144  4.774  -20.487 0.7142857313
125214  27.835  3.786  -21.223 0.7142857313
79444  28.675  5.581  -20.681 0.7142857313
79445  27.786  5.648  -21.049 0.7142857313
79449  27.050  5.702  -21.516 0.5714285970
128976  29.206  6.370  -20.555 0.4285714328
80156  28.242  6.442  -20.846 0.5714285970
80157  27.364  6.439  -21.176 0.5714285970
79443  29.656  5.571  -20.400 0.5714285970
80162  26.623  6.401  -21.575 0.5714285970
80155  29.759  7.069  -20.481 0.5714285970
118265  28.792  7.238  -20.712 0.5714285970
114580  27.687  7.390  -21.082 0.5714285970
80835  26.871  7.059  -21.320 0.4285714328
80836  26.199  7.102  -21.644 0.5714285970
81537  27.498  8.371  -21.128 0.5714285970
80826  29.453  7.895  -20.614 0.5714285970
132121  25.731  7.669  -21.726 0.4285714328
80171  24.929  6.032  -22.617 0.4285714328
80828  26.546  8.016  -21.416 0.5714285970
81538  25.845  9.018  -21.083 0.4285714328
63263  31.973  -14.181  -18.494 0.2857142985
115888  26.889  9.070  -21.171 0.2857142985
81539  24.858  8.973  -20.870 0.2857142985
126308  27.231  -20.001  -18.312 0.5714285970
59171  26.675  -20.367  -18.110 0.5714285970
60054  29.822  -17.983  -18.212 0.2857142985
60055  29.243  -18.358  -18.486 0.4285714328
59184  26.529  -19.539  -18.388 0.5714285970
60858  29.535  -17.697  -18.889 0.5714285970
134330  26.032  -17.420  -19.606 0.4285714328
61690  27.175  -16.431  -20.655 0.4285714328
61689  27.974  -16.294  -20.599 0.5714285970
60871  24.682  -16.960  -19.134 0.2857142985
61681  25.920  -16.764  -20.095 0.2857142985
63286  28.741  -14.911  -21.208 0.5714285970
64154  32.458  -13.560  -18.184 0.2857142985
64186  27.702  -13.801  -22.109 0.2857142985
124678  28.195  -4.877  -21.576 0.7142857313
74810  27.561  0.923  -20.902 0.7142857313
76503  27.924  1.589  -20.735 0.7142857313
78713  28.083  4.715  -20.957 0.7142857313
125876  25.496  7.047  -22.000 0.2857142985
79442  30.630  5.577  -20.213 0.5714285970
123336  30.144  6.288  -20.374 0.5714285970
134343  30.977  6.216  -20.325 0.5714285970
80827  28.479  8.242  -20.841 0.5714285970
120461  26.877  -15.866  -20.893 0.4285714328
65980  31.336  -11.613  -20.380 0.7142857313
64174  30.567  -13.673  -20.582 0.5714285970
120960  30.959  -9.317  -20.687 0.7142857313
62501  30.245  -15.154  -19.696 0.5714285970
130602  27.243  -0.889  -21.662 0.7142857313
59181  29.014  -19.046  -18.206 0.5714285970
59170  27.959  -19.935  -18.196 0.4285714328
60057  26.433  -18.643  -18.685 0.5714285970
60069  27.701  -17.880  -19.105 0.5714285970
60868  27.997  -17.314  -19.456 0.5714285970
58255  26.070  -20.689  -17.679 0.5714285970
61678  28.381  -16.644  -19.823 0.5714285970
62514  29.104  -15.332  -20.634 0.5714285970
62515  28.395  -15.676  -21.000 0.4285714328
63278  29.723  -15.016  -20.261 0.5714285970
64176  29.129  -14.147  -21.389 0.7142857313
65098  27.902  -12.942  -22.395 0.2857142985
66841  29.388  -10.398  -21.663 0.7142857313
65981  30.699  -11.463  -20.908 0.5714285970
116301  30.139  -9.119  -20.896 0.5714285970
68458  28.821  -8.192  -21.341 0.7142857313
69277  27.808  -7.499  -22.186 0.2857142985
70967  27.683  -5.451  -22.309 0.5714285970
71796  28.673  -4.185  -21.191 0.8571428657
77983  28.278  3.188  -20.854 0.7142857313
81547  25.409  8.346  -21.495 0.4285714328
61692  25.894  -16.073  -20.253 0.1428571492
55359  24.144  -23.750  -15.013 0.4285714328
60027  31.862  -18.025  -15.843 0.1428571492
60842  30.588  -17.860  -16.969 0.1428571492
60841  31.312  -17.511  -16.569 0.1428571492
63256  31.866  -14.895  -18.095 0.1428571492
61645  31.607  -16.756  -16.870 0.1428571492
62481  32.166  -15.166  -17.358 0.1428571492
62473  31.790  -15.929  -17.195 0.1428571492
65058  32.460  -12.712  -18.666 0.2857142985
65960  32.656  -11.778  -18.875 0.1428571492
84683  30.929  13.453  -24.624 0.1428571492
84676  31.343  13.768  -23.603 0.1428571492
83379  32.297  11.670  -22.791 0.1428571492
75631  26.873  1.078  -21.604 0.4285714328
76504  27.363  1.767  -21.320 0.5714285970
83361  30.314  11.825  -20.575 0.2857142985
82174  30.304  9.542  -20.550 0.2857142985
81534  30.121  8.552  -20.558 0.2857142985
76513  25.661  2.019  -23.333 0.1428571492
117492  26.948  3.001  -21.848 0.5714285970
133001  28.794  10.315  -20.480 0.2857142985
80825  30.359  7.689  -20.499 0.4285714328
77992  26.404  3.351  -22.335 0.4285714328
78721  26.563  4.217  -22.103 0.5714285970
112584  29.281  9.868  -20.508 0.2857142985
78725  25.921  4.122  -22.667 0.4285714328
78726  25.471  4.657  -22.847 0.2857142985
82175  28.277  9.937  -20.597 0.1428571492
81536  27.879  9.108  -20.938 0.1428571492
78727  24.726  4.719  -23.001 0.1428571492
79451  25.680  5.821  -22.456 0.4285714328
82176  27.212  9.879  -20.762 0.1428571492
82762  28.349  10.793  -20.458 0.1428571492
79457  25.253  5.307  -22.808 0.2857142985
82177  26.134  9.856  -20.776 0.2857142985
82179  24.345  9.449  -20.007 0.1428571492
82763  27.385  10.658  -20.474 0.1428571492
82764  26.304  10.655  -20.421 0.1428571492
82753  25.416  11.330  -19.732 0.1428571492
56244  24.124  -22.509  -15.769 0.4285714328
127434  23.350  -20.911  -15.771 0.2857142985
60028  30.955  -18.247  -16.257 0.1428571492
61644  32.456  -16.465  -16.610 0.1428571492
63255  32.448  -14.385  -17.613 0.1428571492
124791  26.604  0.393  -22.166 0.2857142985
81533  31.053  8.891  -20.549 0.2857142985
82761  29.214  10.740  -20.419 0.2857142985
135668  30.739  10.251  -20.555 0.2857142985
83363  28.326  11.575  -20.404 0.2857142985
57210  22.956  -21.408  -15.191 0.2857142985
59148  30.791  -19.402  -15.563 0.1428571492
60016  31.288  -18.774  -15.631 0.1428571492
64155  32.040  -13.465  -18.946 0.1428571492
78002  25.142  4.037  -22.976 0.1428571492
74825  26.798  -0.351  -22.011 0.4285714328
77290  25.245  2.732  -23.537 0.2857142985
125266  26.766  4.993  -21.873 0.5714285970
80824  31.276  7.525  -20.477 0.4285714328
115866  30.620  10.959  -20.506 0.2857142985
82173  31.360  9.741  -20.630 0.2857142985
82759  31.313  10.613  -20.694 0.2857142985
83360  31.178  11.434  -20.736 0.2857142985
83975  31.534  12.397  -21.569 0.1428571492
84650  31.080  13.269  -21.270 0.1428571492
132136  32.159  12.312  -23.099 0.1428571492
83364  27.432  11.433  -20.325 0.2857142985
83362  29.244  11.601  -20.432 0.2857142985
83974  31.917  12.346  -22.404 0.1428571492
83986  31.934  13.039  -23.035 0.1428571492
83368  32.043  11.549  -21.839 0.1428571492
113072  31.807  9.048  -20.600 0.4285714328
135215  32.234  10.508  -21.194 0.2857142985
82758  31.845  10.987  -21.118 0.1428571492
56243  24.785  -22.650  -15.955 0.4285714328
55366  24.506  -23.096  -15.456 0.4285714328
80154  30.697  6.909  -20.419 0.4285714328
113128  30.914  8.183  -20.522 0.2857142985
82172  32.210  9.537  -20.793 0.2857142985
76505  26.767  1.897  -21.976 0.4285714328
77984  27.567  3.071  -21.430 0.5714285970
77991  27.085  3.601  -21.737 0.5714285970
125397  27.397  5.070  -21.401 0.5714285970
120130  27.224  0.056  -21.358 0.5714285970
78720  27.284  4.368  -21.558 0.5714285970
79456  26.059  4.995  -22.520 0.5714285970
135164  29.265  8.574  -20.626 0.2857142985
81535  28.786  9.123  -20.649 0.2857142985
130648  31.658  -15.447  -17.758 0.1428571492
60840  32.193  -17.250  -16.350 0.1428571492
63248  32.707  -14.954  -16.953 0.1428571492
75639  26.454  1.249  -22.444 0.2857142985
113145  29.914  11.109  -20.402 0.2857142985
82760  30.026  10.412  -20.447 0.2857142985
130904  29.548  9.121  -20.579 0.2857142985
77289  26.004  2.658  -22.829 0.2857142985
77997  25.618  3.380  -22.959 0.2857142985
56245  23.489  -22.264  -15.299 0.2857142985
63247  33.049  -14.358  -16.783 0.1428571492
83369  31.548  11.739  -21.197 0.2857142985
83987  31.607  13.138  -22.069 0.1428571492
123979  27.868  -6.172  -22.278 0.2857142985
83966  28.776  13.204  -20.540 0.1428571492
83965  29.494  12.494  -20.545 0.1428571492
84638  29.161  14.026  -20.748 0.1428571492
83355  26.545  12.144  -19.814 0.1428571492
84639  28.198  14.004  -20.465 0.1428571492
120183  28.494  12.377  -20.442 0.1428571492
83967  27.492  12.248  -20.266 0.1428571492
83958  26.722  12.881  -19.779 0.1428571492
115621  27.537  13.292  -20.276 0.1428571492
84641  26.546  15.342  -19.761 0.1428571492
84640  27.194  14.580  -20.136 0.1428571492
84630  26.494  14.004  -19.457 0.1428571492
85263  29.077  14.834  -20.877 0.1428571492
61666  30.851  -16.077  -18.656 0.2857142985
83964  30.368  12.816  -20.739 0.1428571492
133958  29.622  13.214  -20.680 0.1428571492
84637  30.158  13.642  -20.988 0.1428571492
129308  30.456  -16.716  -18.890 0.4285714328
121806  26.767  -20.874  -17.755 0.4285714328
57222  27.081  -21.141  -17.356 0.2857142985
57212  28.079  -21.077  -16.281 0.1428571492
58254  27.449  -20.646  -17.982 0.2857142985
58246  27.801  -20.861  -17.204 0.1428571492
58253  28.287  -20.333  -17.697 0.2857142985
57214  26.649  -21.623  -16.827 0.2857142985
79450  26.352  5.709  -22.028 0.4285714328
59168  29.312  -19.354  -17.690 0.2857142985
57223  26.330  -21.238  -17.338 0.4285714328
57213  27.370  -21.429  -16.653 0.1428571492
59169  28.736  -19.749  -18.011 0.2857142985
77285  26.614  2.567  -22.224 0.2857142985
117407  25.048  -21.692  -16.891 0.2857142985
56250  24.545  -22.121  -16.374 0.2857142985
57215  25.865  -21.726  -16.899 0.2857142985
57225  24.748  -21.033  -17.233 0.2857142985
57224  25.522  -21.192  -17.333 0.2857142985
62516  27.602  -15.836  -21.070 0.2857142985
63287  27.932  -15.152  -21.452 0.2857142985
63300  27.406  -14.567  -21.779 0.2857142985
65996  27.944  -12.062  -22.520 0.1428571492
66007  28.048  -11.116  -22.479 0.1428571492
68482  27.768  -9.143  -22.758 0.1428571492
118415  27.316  -6.145  -22.929 0.1428571492
124461  27.185  -4.774  -22.640 0.1428571492
72548  26.957  -3.349  -22.563 0.1428571492
73288  27.146  -2.528  -22.250 0.1428571492
74108  26.599  -1.876  -22.840 0.1428571492
75648  26.088  0.575  -23.121 0.1428571492
76512  26.324  1.987  -22.679 0.1428571492
75640  26.008  1.414  -23.021 0.1428571492
126704  25.364  6.446  -22.317 0.1428571492
80837  24.963  7.676  -21.814 0.1428571492
80172  24.107  6.168  -22.501 0.1428571492
80838  24.031  7.569  -21.699 0.1428571492
55367  23.802  -23.039  -15.245 0.2857142985
56248  26.257  -22.094  -16.446 0.1428571492
74092  27.191  -1.692  -21.963 0.2857142985
56232  23.190  -22.788  -14.795 0.2857142985
120433  26.994  -15.231  -21.315 0.2857142985
63301  26.746  -14.595  -21.578 0.2857142985
66856  27.915  -10.299  -22.672 0.1428571492
68470  27.637  -8.349  -22.688 0.1428571492
69287  27.225  -7.556  -22.963 0.1428571492
70087  27.499  -6.823  -22.538 0.1428571492
70975  26.983  -5.466  -23.160 0.1428571492
71804  26.751  -4.125  -22.917 0.1428571492
72549  26.373  -3.401  -23.435 0.1428571492
74093  26.738  -1.023  -22.376 0.1428571492
75649  25.441  1.233  -23.667 0.1428571492
80164  24.664  6.859  -22.227 0.1428571492
63288  26.367  -14.858  -21.191 0.2857142985
56249  25.450  -22.329  -16.344 0.2857142985
71803  27.331  -4.040  -22.230 0.1428571492
79458  24.398  5.452  -22.839 0.1428571492
57216  24.325  -21.401  -16.705 0.2857142985
64187  26.893  -14.048  -21.972 0.1428571492
70976  26.717  -4.810  -23.303 0.1428571492
56233  22.572  -22.402  -14.292 0.1428571492
135484  22.951  -22.095  -14.773 0.1428571492
57193  21.883  -21.202  -13.896 0.1428571492
58257  24.459  -20.294  -17.364 0.1428571492
129607  33.323  -10.698  -18.898 0.1428571492
76490  32.201  2.144  -20.564 0.1428571492
54534  22.970  -24.089  -14.343 0.1428571492
58248  23.817  -20.076  -16.853 0.1428571492
58256  25.223  -20.481  -17.603 0.1428571492
58239  23.335  -20.196  -16.026 0.1428571492
76502  32.208  1.246  -20.515 0.1428571492
60059  24.206  -17.974  -18.107 0.1428571492
55360  23.432  -23.561  -14.750 0.1428571492
66820  33.301  -10.408  -19.491 0.1428571492
59173  24.880  -19.535  -17.782 0.1428571492
123063  25.411  -17.009  -19.571 0.1428571492
57209  23.757  -21.711  -16.010 0.1428571492
55361  22.748  -23.251  -14.346 0.1428571492
57192  22.430  -21.610  -14.369 0.1428571492
59174  24.178  -19.601  -17.376 0.1428571492
53706  25.869  -25.925  -13.084 0.1428571492
54530  26.003  -23.981  -14.263 0.1428571492
56240  28.090  -22.155  -15.159 0.1428571492
57217  23.782  -20.878  -16.429 0.2857142985
58240  22.685  -20.397  -15.306 0.1428571492
58247  24.196  -20.780  -16.986 0.2857142985
60039  29.552  -18.683  -17.945 0.5714285970
61691  26.443  -16.299  -20.528 0.2857142985
77975  29.660  3.261  -19.689 0.8571428657
78699  31.495  4.103  -19.903 0.8571428657
80161  33.430  6.737  -21.333 0.2857142985
80163  25.955  6.412  -22.022 0.1428571492
81532  32.499  8.744  -20.789 0.4285714328
81546  33.162  8.764  -21.297 0.1428571492
82182  33.175  9.446  -21.672 0.1428571492
113651  33.239  6.091  -20.837 0.2857142985
115568  31.968  10.251  -20.869 0.2857142985
120483  28.668  -18.632  -18.535 0.5714285970
122818  33.685  6.195  -22.413 0.1428571492
130088  27.135  -23.322  -14.496 0.2857142985
131368  32.515  8.015  -20.728 0.5714285970
132712  28.802  11.163  -20.409 0.2857142985
